# 2SLAQ selection function in NGP region (Croom et al. 2009, MNRAS, 392, 19)
# M1450 computed with imag corrected for host galaxy light (Croom et al. 2009, MNRAS, 392, 19) and Beta's SED
# selection function corrected for coverage completeness (not all targets observed, different for NGP and SGP regions, Fig 4 in Croom et al.)
# selection function corrected for spectroscopic completeness (redshift success, Fig 6b in Croom et al., only quality=1 redshifts considered)
# Tiles at z >= 2.2 removed from original file.
# Tile dz and dmag set using tiling.py with z_tolerance = 0.0100 and mag_tolerance = 0.0010; see unique values at end of file.
# Tile sizes are non-uniform only a low redshift due to host-galaxy correction.
# counter   z   M1450   p   dz   dmag 
    1  0.200  -21.09  0.87260  0.0500  0.250
    2  0.200  -20.84  0.85613  0.0500  0.275
    3  0.200  -20.54  0.78911  0.0500  0.295
    4  0.200  -20.25  0.72494  0.0500  0.290
    5  0.200  -19.96  0.63026  0.0500  0.295
    6  0.200  -19.66  0.53440  0.0500  0.295
    7  0.200  -19.37  0.41897  0.0500  0.300
    8  0.200  -19.06  0.31743  0.0500  0.315
    9  0.200  -18.74  0.24049  0.0500  0.320
   10  0.200  -18.42  0.15612  0.0500  0.325
   11  0.200  -18.09  0.10583  0.0500  0.335
   12  0.200  -17.75  0.07164  0.0500  0.345
   13  0.200  -17.40  0.04639  0.0500  0.345
   14  0.200  -17.06  0.00678  0.0500  0.345
   15  0.200  -16.71  0.00261  0.0500  0.345
   16  0.200  -16.37  0.00060  0.0500  0.340
   17  0.250  -21.70  0.92488  0.0500  0.250
   18  0.250  -21.45  0.90743  0.0500  0.255
   19  0.250  -21.19  0.89557  0.0500  0.265
   20  0.250  -20.92  0.85742  0.0500  0.270
   21  0.250  -20.65  0.81111  0.0500  0.275
   22  0.250  -20.37  0.71915  0.0500  0.280
   23  0.250  -20.09  0.60654  0.0500  0.280
   24  0.250  -19.81  0.52014  0.0500  0.290
   25  0.250  -19.51  0.40519  0.0500  0.295
   26  0.250  -19.22  0.28944  0.0500  0.290
   27  0.250  -18.93  0.25701  0.0500  0.300
   28  0.250  -18.62  0.18628  0.0500  0.310
   29  0.250  -18.31  0.12601  0.0500  0.310
   30  0.250  -18.00  0.02307  0.0500  0.315
   31  0.250  -17.68  0.01239  0.0500  0.325
   32  0.250  -17.35  0.00837  0.0500  0.330
   33  0.300  -22.14  0.93819  0.0500  0.250
   34  0.300  -21.89  0.92048  0.0500  0.255
   35  0.300  -21.63  0.91892  0.0500  0.260
   36  0.300  -21.37  0.89330  0.0500  0.265
   37  0.300  -21.10  0.85496  0.0500  0.265
   38  0.300  -20.84  0.79340  0.0500  0.270
   39  0.300  -20.56  0.68774  0.0500  0.275
   40  0.300  -20.29  0.61364  0.0500  0.270
   41  0.300  -20.02  0.55366  0.0500  0.275
   42  0.300  -19.74  0.42690  0.0500  0.280
   43  0.300  -19.46  0.40668  0.0500  0.285
   44  0.300  -19.17  0.31448  0.0500  0.285
   45  0.300  -18.89  0.22987  0.0500  0.300
   46  0.300  -18.57  0.06785  0.0500  0.305
   47  0.300  -18.28  0.04370  0.0500  0.300
   48  0.300  -17.97  0.01793  0.0500  0.310
   49  0.350  -22.50  0.93534  0.0500  0.250
   50  0.350  -22.25  0.91769  0.0500  0.255
   51  0.350  -21.99  0.92079  0.0500  0.260
   52  0.350  -21.73  0.91354  0.0500  0.260
   53  0.350  -21.47  0.89515  0.0500  0.260
   54  0.350  -21.21  0.83225  0.0500  0.260
   55  0.350  -20.95  0.76325  0.0500  0.260
   56  0.350  -20.69  0.71735  0.0500  0.265
   57  0.350  -20.42  0.66037  0.0500  0.270
   58  0.350  -20.15  0.54572  0.0500  0.270
   59  0.350  -19.88  0.53594  0.0500  0.275
   60  0.350  -19.60  0.45777  0.0500  0.280
   61  0.350  -19.32  0.34758  0.0500  0.280
   62  0.350  -19.04  0.12145  0.0500  0.290
   63  0.350  -18.74  0.07696  0.0500  0.295
   64  0.350  -18.45  0.04602  0.0500  0.290
   65  0.400  -22.79  0.93629  0.0500  0.250
   66  0.400  -22.54  0.91862  0.0500  0.250
   67  0.400  -22.29  0.92359  0.0500  0.255
   68  0.400  -22.03  0.90986  0.0500  0.255
   69  0.400  -21.78  0.90337  0.0500  0.255
   70  0.400  -21.52  0.84951  0.0500  0.260
   71  0.400  -21.26  0.79329  0.0500  0.260
   72  0.400  -21.00  0.75271  0.0500  0.260
   73  0.400  -20.74  0.71450  0.0500  0.265
   74  0.400  -20.47  0.62101  0.0500  0.265
   75  0.400  -20.21  0.64329  0.0500  0.265
   76  0.400  -19.94  0.56787  0.0500  0.270
   77  0.400  -19.67  0.46598  0.0500  0.275
   78  0.400  -19.39  0.19676  0.0500  0.280
   79  0.400  -19.11  0.14087  0.0500  0.285
   80  0.400  -18.82  0.08845  0.0500  0.290
   81  0.450  -23.05  0.92963  0.0500  0.250
   82  0.450  -22.80  0.91209  0.0500  0.250
   83  0.450  -22.55  0.92172  0.0500  0.255
   84  0.450  -22.29  0.90618  0.0500  0.255
   85  0.450  -22.04  0.89332  0.0500  0.255
   86  0.450  -21.78  0.84261  0.0500  0.255
   87  0.450  -21.53  0.77786  0.0500  0.255
   88  0.450  -21.27  0.74250  0.0500  0.260
   89  0.450  -21.01  0.71450  0.0500  0.260
   90  0.450  -20.75  0.62239  0.0500  0.260
   91  0.450  -20.49  0.64858  0.0500  0.265
   92  0.450  -20.22  0.60935  0.0500  0.265
   93  0.450  -19.96  0.50406  0.0500  0.270
   94  0.450  -19.68  0.21915  0.0500  0.275
   95  0.450  -19.41  0.17478  0.0500  0.270
   96  0.450  -19.14  0.14104  0.0500  0.270
   97  0.500  -23.29  0.92963  0.0500  0.250
   98  0.500  -23.04  0.91209  0.0500  0.255
   99  0.500  -22.78  0.91145  0.0500  0.255
  100  0.500  -22.53  0.90066  0.0500  0.250
  101  0.500  -22.28  0.88510  0.0500  0.255
  102  0.500  -22.02  0.82448  0.0500  0.255
  103  0.500  -21.77  0.77137  0.0500  0.255
  104  0.500  -21.51  0.72757  0.0500  0.255
  105  0.500  -21.26  0.70986  0.0500  0.255
  106  0.500  -21.00  0.60789  0.0500  0.260
  107  0.500  -20.74  0.65765  0.0500  0.260
  108  0.500  -20.48  0.59955  0.0500  0.260
  109  0.500  -20.22  0.51168  0.0500  0.260
  110  0.500  -19.96  0.24968  0.0500  0.270
  111  0.500  -19.68  0.20087  0.0500  0.270
  112  0.500  -19.42  0.16136  0.0500  0.260
  113  0.550  -23.51  0.91442  0.0500  0.250
  114  0.550  -23.26  0.89717  0.0500  0.255
  115  0.550  -23.00  0.88997  0.0500  0.255
  116  0.550  -22.75  0.87858  0.0500  0.250
  117  0.550  -22.50  0.86135  0.0500  0.250
  118  0.550  -22.25  0.81325  0.0500  0.255
  119  0.550  -21.99  0.74863  0.0500  0.255
  120  0.550  -21.74  0.71892  0.0500  0.250
  121  0.550  -21.49  0.69981  0.0500  0.255
  122  0.550  -21.23  0.59752  0.0500  0.260
  123  0.550  -20.97  0.63421  0.0500  0.260
  124  0.550  -20.71  0.56787  0.0500  0.255
  125  0.550  -20.46  0.49852  0.0500  0.255
  126  0.550  -20.20  0.27207  0.0500  0.265
  127  0.550  -19.93  0.21326  0.0500  0.270
  128  0.550  -19.66  0.15359  0.0500  0.270
  129  0.600  -23.71  0.89636  0.0500  0.250
  130  0.600  -23.46  0.87945  0.0500  0.250
  131  0.600  -23.21  0.89371  0.0500  0.255
  132  0.600  -22.95  0.85834  0.0500  0.255
  133  0.600  -22.70  0.84948  0.0500  0.250
  134  0.600  -22.45  0.79944  0.0500  0.250
  135  0.600  -22.20  0.74051  0.0500  0.250
  136  0.600  -21.95  0.70400  0.0500  0.255
  137  0.600  -21.69  0.66733  0.0500  0.255
  138  0.600  -21.44  0.58716  0.0500  0.255
  139  0.600  -21.18  0.61154  0.0500  0.255
  140  0.600  -20.93  0.59050  0.0500  0.255
  141  0.600  -20.67  0.49506  0.0500  0.260
  142  0.600  -20.41  0.26597  0.0500  0.260
  143  0.600  -20.15  0.21913  0.0500  0.260
  144  0.600  -19.89  0.17690  0.0500  0.260
  145  0.650  -23.89  0.91157  0.0500  0.250
  146  0.650  -23.64  0.89437  0.0500  0.250
  147  0.650  -23.39  0.89277  0.0500  0.250
  148  0.650  -23.14  0.85558  0.0500  0.250
  149  0.650  -22.89  0.85496  0.0500  0.250
  150  0.650  -22.64  0.78304  0.0500  0.250
  151  0.650  -22.39  0.74051  0.0500  0.250
  152  0.650  -22.14  0.70950  0.0500  0.255
  153  0.650  -21.88  0.69595  0.0500  0.255
  154  0.650  -21.63  0.59891  0.0500  0.250
  155  0.650  -21.38  0.63270  0.0500  0.255
  156  0.650  -21.12  0.59352  0.0500  0.255
  157  0.650  -20.87  0.50337  0.0500  0.255
  158  0.650  -20.61  0.32160  0.0500  0.255
  159  0.650  -20.36  0.28174  0.0500  0.255
  160  0.650  -20.10  0.21575  0.0500  0.260
  161  0.700  -24.07  0.91062  0.0500  0.250
  162  0.700  -23.82  0.89344  0.0500  0.250
  163  0.700  -23.57  0.89371  0.0500  0.250
  164  0.700  -23.32  0.87306  0.0500  0.250
  165  0.700  -23.07  0.88236  0.0500  0.250
  166  0.700  -22.82  0.82189  0.0500  0.250
  167  0.700  -22.57  0.76812  0.0500  0.255
  168  0.700  -22.31  0.73700  0.0500  0.255
  169  0.700  -22.06  0.71450  0.0500  0.250
  170  0.700  -21.81  0.61963  0.0500  0.250
  171  0.700  -21.56  0.67277  0.0500  0.255
  172  0.700  -21.30  0.63801  0.0500  0.255
  173  0.700  -21.05  0.57261  0.0500  0.250
  174  0.700  -20.80  0.39895  0.0500  0.255
  175  0.700  -20.54  0.34956  0.0500  0.255
  176  0.700  -20.29  0.27850  0.0500  0.250
  177  0.750  -24.23  0.90587  0.0500  0.250
  178  0.750  -23.98  0.88878  0.0500  0.250
  179  0.750  -23.73  0.89931  0.0500  0.250
  180  0.750  -23.48  0.87490  0.0500  0.250
  181  0.750  -23.23  0.87322  0.0500  0.250
  182  0.750  -22.98  0.81757  0.0500  0.255
  183  0.750  -22.72  0.77543  0.0500  0.255
  184  0.750  -22.47  0.74800  0.0500  0.250
  185  0.750  -22.22  0.73693  0.0500  0.250
  186  0.750  -21.97  0.64450  0.0500  0.250
  187  0.750  -21.72  0.69998  0.0500  0.250
  188  0.750  -21.47  0.67119  0.0500  0.255
  189  0.750  -21.21  0.60653  0.0500  0.255
  190  0.750  -20.96  0.45052  0.0500  0.250
  191  0.750  -20.71  0.42000  0.0500  0.255
  192  0.750  -20.45  0.33766  0.0500  0.260
  193  0.800  -24.38  0.91347  0.0500  0.250
  194  0.800  -24.13  0.89624  0.0500  0.250
  195  0.800  -23.88  0.89931  0.0500  0.250
  196  0.800  -23.63  0.88410  0.0500  0.250
  197  0.800  -23.38  0.87870  0.0500  0.250
  198  0.800  -23.13  0.82707  0.0500  0.250
  199  0.800  -22.88  0.78355  0.0500  0.250
  200  0.800  -22.63  0.75271  0.0500  0.250
  201  0.800  -22.38  0.73616  0.0500  0.255
  202  0.800  -22.12  0.66039  0.0500  0.255
  203  0.800  -21.87  0.71056  0.0500  0.250
  204  0.800  -21.62  0.70211  0.0500  0.250
  205  0.800  -21.37  0.62246  0.0500  0.250
  206  0.800  -21.12  0.50615  0.0500  0.250
  207  0.800  -20.87  0.45848  0.0500  0.255
  208  0.800  -20.61  0.39504  0.0500  0.260
  209  0.850  -24.53  0.92393  0.0500  0.250
  210  0.850  -24.28  0.90649  0.0500  0.250
  211  0.850  -24.03  0.90118  0.0500  0.250
  212  0.850  -23.78  0.89422  0.0500  0.250
  213  0.850  -23.53  0.88784  0.0500  0.250
  214  0.850  -23.28  0.83484  0.0500  0.250
  215  0.850  -23.03  0.79248  0.0500  0.250
  216  0.850  -22.78  0.77235  0.0500  0.250
  217  0.850  -22.53  0.75317  0.0500  0.250
  218  0.850  -22.28  0.66246  0.0500  0.250
  219  0.850  -22.03  0.72568  0.0500  0.255
  220  0.850  -21.77  0.71267  0.0500  0.255
  221  0.850  -21.52  0.63769  0.0500  0.250
  222  0.850  -21.27  0.53329  0.0500  0.250
  223  0.850  -21.02  0.48913  0.0500  0.250
  224  0.850  -20.77  0.44285  0.0500  0.250
  225  0.900  -24.68  0.92298  0.0500  0.250
  226  0.900  -24.43  0.90556  0.0500  0.250
  227  0.900  -24.18  0.91519  0.0500  0.250
  228  0.900  -23.93  0.90158  0.0500  0.250
  229  0.900  -23.68  0.89789  0.0500  0.250
  230  0.900  -23.43  0.84779  0.0500  0.250
  231  0.900  -23.18  0.79329  0.0500  0.250
  232  0.900  -22.93  0.76685  0.0500  0.250
  233  0.900  -22.68  0.75085  0.0500  0.250
  234  0.900  -22.43  0.66729  0.0500  0.250
  235  0.900  -22.18  0.72946  0.0500  0.250
  236  0.900  -21.93  0.72474  0.0500  0.250
  237  0.900  -21.68  0.65777  0.0500  0.250
  238  0.900  -21.43  0.56654  0.0500  0.250
  239  0.900  -21.18  0.52761  0.0500  0.250
  240  0.900  -20.93  0.45122  0.0500  0.250
  241  0.950  -24.84  0.93819  0.0500  0.250
  242  0.950  -24.59  0.92048  0.0500  0.250
  243  0.950  -24.34  0.92639  0.0500  0.250
  244  0.950  -24.09  0.90618  0.0500  0.250
  245  0.950  -23.84  0.90154  0.0500  0.250
  246  0.950  -23.59  0.84347  0.0500  0.255
  247  0.950  -23.33  0.80547  0.0500  0.255
  248  0.950  -23.08  0.77707  0.0500  0.250
  249  0.950  -22.83  0.76167  0.0500  0.250
  250  0.950  -22.58  0.67420  0.0500  0.250
  251  0.950  -22.33  0.73853  0.0500  0.250
  252  0.950  -22.08  0.73077  0.0500  0.250
  253  0.950  -21.83  0.66815  0.0500  0.250
  254  0.950  -21.58  0.58757  0.0500  0.250
  255  0.950  -21.33  0.53282  0.0500  0.250
  256  0.950  -21.08  0.45958  0.0500  0.250
  257  1.000  -24.96  0.94389  0.0500  0.250
  258  1.000  -24.71  0.92608  0.0500  0.250
  259  1.000  -24.46  0.92546  0.0500  0.250
  260  1.000  -24.21  0.91538  0.0500  0.250
  261  1.000  -23.96  0.90519  0.0500  0.250
  262  1.000  -23.71  0.85815  0.0500  0.250
  263  1.000  -23.46  0.80628  0.0500  0.250
  264  1.000  -23.21  0.77864  0.0500  0.250
  265  1.000  -22.96  0.76631  0.0500  0.250
  266  1.000  -22.71  0.68594  0.0500  0.250
  267  1.000  -22.46  0.74307  0.0500  0.250
  268  1.000  -22.21  0.73303  0.0500  0.250
  269  1.000  -21.96  0.66400  0.0500  0.250
  270  1.000  -21.71  0.57604  0.0500  0.250
  271  1.000  -21.46  0.52630  0.0500  0.250
  272  1.000  -21.21  0.47034  0.0500  0.250
  273  1.050  -25.08  0.94104  0.0500  0.250
  274  1.050  -24.83  0.92328  0.0500  0.250
  275  1.050  -24.58  0.92639  0.0500  0.250
  276  1.050  -24.33  0.90894  0.0500  0.250
  277  1.050  -24.08  0.90885  0.0500  0.250
  278  1.050  -23.83  0.85642  0.0500  0.250
  279  1.050  -23.58  0.80303  0.0500  0.250
  280  1.050  -23.33  0.77078  0.0500  0.250
  281  1.050  -23.08  0.76786  0.0500  0.250
  282  1.050  -22.83  0.67973  0.0500  0.255
  283  1.050  -22.57  0.74382  0.0500  0.255
  284  1.050  -22.32  0.72700  0.0500  0.250
  285  1.050  -22.07  0.67162  0.0500  0.250
  286  1.050  -21.82  0.56789  0.0500  0.250
  287  1.050  -21.57  0.52304  0.0500  0.250
  288  1.050  -21.32  0.45122  0.0500  0.250
  289  1.100  -25.18  0.94484  0.0500  0.250
  290  1.100  -24.93  0.92701  0.0500  0.250
  291  1.100  -24.68  0.92733  0.0500  0.250
  292  1.100  -24.43  0.91354  0.0500  0.250
  293  1.100  -24.18  0.90428  0.0500  0.250
  294  1.100  -23.93  0.85728  0.0500  0.250
  295  1.100  -23.68  0.80385  0.0500  0.250
  296  1.100  -23.43  0.78100  0.0500  0.250
  297  1.100  -23.18  0.76477  0.0500  0.250
  298  1.100  -22.93  0.67627  0.0500  0.250
  299  1.100  -22.68  0.74080  0.0500  0.250
  300  1.100  -22.43  0.73153  0.0500  0.250
  301  1.100  -22.18  0.66262  0.0500  0.250
  302  1.100  -21.93  0.56925  0.0500  0.250
  303  1.100  -21.68  0.51848  0.0500  0.250
  304  1.100  -21.43  0.45898  0.0500  0.250
  305  1.150  -25.29  0.93914  0.0500  0.250
  306  1.150  -25.04  0.92142  0.0500  0.250
  307  1.150  -24.79  0.93013  0.0500  0.250
  308  1.150  -24.54  0.91170  0.0500  0.250
  309  1.150  -24.29  0.90885  0.0500  0.250
  310  1.150  -24.04  0.85556  0.0500  0.250
  311  1.150  -23.79  0.80303  0.0500  0.250
  312  1.150  -23.54  0.77707  0.0500  0.250
  313  1.150  -23.29  0.76477  0.0500  0.250
  314  1.150  -23.04  0.68249  0.0500  0.250
  315  1.150  -22.79  0.74307  0.0500  0.250
  316  1.150  -22.54  0.74133  0.0500  0.250
  317  1.150  -22.29  0.67300  0.0500  0.250
  318  1.150  -22.04  0.57468  0.0500  0.250
  319  1.150  -21.79  0.53217  0.0500  0.250
  320  1.150  -21.54  0.46018  0.0500  0.250
  321  1.200  -25.39  0.94294  0.0500  0.250
  322  1.200  -25.14  0.92515  0.0500  0.250
  323  1.200  -24.89  0.92733  0.0500  0.250
  324  1.200  -24.64  0.91354  0.0500  0.250
  325  1.200  -24.39  0.90611  0.0500  0.250
  326  1.200  -24.14  0.85297  0.0500  0.250
  327  1.200  -23.89  0.80466  0.0500  0.250
  328  1.200  -23.64  0.77942  0.0500  0.250
  329  1.200  -23.39  0.76786  0.0500  0.250
  330  1.200  -23.14  0.68318  0.0500  0.250
  331  1.200  -22.89  0.74231  0.0500  0.250
  332  1.200  -22.64  0.73756  0.0500  0.250
  333  1.200  -22.39  0.67369  0.0500  0.250
  334  1.200  -22.14  0.56382  0.0500  0.250
  335  1.200  -21.89  0.52565  0.0500  0.250
  336  1.200  -21.64  0.46078  0.0500  0.250
  337  1.250  -25.49  0.94769  0.0500  0.250
  338  1.250  -25.24  0.92981  0.0500  0.250
  339  1.250  -24.99  0.92079  0.0500  0.250
  340  1.250  -24.74  0.91630  0.0500  0.250
  341  1.250  -24.49  0.90885  0.0500  0.250
  342  1.250  -24.24  0.85987  0.0500  0.250
  343  1.250  -23.99  0.80547  0.0500  0.250
  344  1.250  -23.74  0.78021  0.0500  0.250
  345  1.250  -23.49  0.76245  0.0500  0.250
  346  1.250  -23.24  0.68111  0.0500  0.250
  347  1.250  -22.99  0.74836  0.0500  0.250
  348  1.250  -22.74  0.73982  0.0500  0.250
  349  1.250  -22.49  0.67439  0.0500  0.250
  350  1.250  -22.24  0.56382  0.0500  0.250
  351  1.250  -21.99  0.52109  0.0500  0.250
  352  1.250  -21.74  0.47452  0.0500  0.250
  353  1.300  -25.59  0.94294  0.0500  0.250
  354  1.300  -25.34  0.92515  0.0500  0.250
  355  1.300  -25.09  0.92639  0.0500  0.250
  356  1.300  -24.84  0.91078  0.0500  0.250
  357  1.300  -24.59  0.90702  0.0500  0.250
  358  1.300  -24.34  0.85556  0.0500  0.250
  359  1.300  -24.09  0.80141  0.0500  0.250
  360  1.300  -23.84  0.77707  0.0500  0.250
  361  1.300  -23.59  0.76399  0.0500  0.250
  362  1.300  -23.34  0.68318  0.0500  0.250
  363  1.300  -23.09  0.74080  0.0500  0.250
  364  1.300  -22.84  0.74435  0.0500  0.250
  365  1.300  -22.59  0.66815  0.0500  0.250
  366  1.300  -22.34  0.57197  0.0500  0.250
  367  1.300  -22.09  0.52956  0.0500  0.250
  368  1.300  -21.84  0.47512  0.0500  0.250
  369  1.350  -25.68  0.94199  0.0500  0.250
  370  1.350  -25.43  0.92421  0.0500  0.250
  371  1.350  -25.18  0.91892  0.0500  0.250
  372  1.350  -24.93  0.91262  0.0500  0.250
  373  1.350  -24.68  0.90702  0.0500  0.250
  374  1.350  -24.43  0.85556  0.0500  0.250
  375  1.350  -24.18  0.80547  0.0500  0.250
  376  1.350  -23.93  0.77942  0.0500  0.250
  377  1.350  -23.68  0.76863  0.0500  0.250
  378  1.350  -23.43  0.68525  0.0500  0.250
  379  1.350  -23.18  0.74760  0.0500  0.250
  380  1.350  -22.93  0.74585  0.0500  0.250
  381  1.350  -22.68  0.67646  0.0500  0.250
  382  1.350  -22.43  0.56789  0.0500  0.250
  383  1.350  -22.18  0.53739  0.0500  0.250
  384  1.350  -21.93  0.45958  0.0500  0.250
  385  1.400  -25.77  0.94579  0.0500  0.250
  386  1.400  -25.52  0.92794  0.0500  0.250
  387  1.400  -25.27  0.92733  0.0500  0.250
  388  1.400  -25.02  0.91170  0.0500  0.250
  389  1.400  -24.77  0.90885  0.0500  0.250
  390  1.400  -24.52  0.85987  0.0500  0.250
  391  1.400  -24.27  0.80547  0.0500  0.250
  392  1.400  -24.02  0.78100  0.0500  0.250
  393  1.400  -23.77  0.76786  0.0500  0.250
  394  1.400  -23.52  0.68111  0.0500  0.250
  395  1.400  -23.27  0.74685  0.0500  0.250
  396  1.400  -23.02  0.73907  0.0500  0.250
  397  1.400  -22.77  0.67023  0.0500  0.250
  398  1.400  -22.52  0.57332  0.0500  0.250
  399  1.400  -22.27  0.52826  0.0500  0.250
  400  1.400  -22.02  0.47572  0.0500  0.250
  401  1.450  -25.85  0.94389  0.0500  0.250
  402  1.450  -25.60  0.92608  0.0500  0.250
  403  1.450  -25.35  0.92919  0.0500  0.250
  404  1.450  -25.10  0.91446  0.0500  0.250
  405  1.450  -24.85  0.90976  0.0500  0.250
  406  1.450  -24.60  0.85901  0.0500  0.250
  407  1.450  -24.35  0.80547  0.0500  0.250
  408  1.450  -24.10  0.77864  0.0500  0.250
  409  1.450  -23.85  0.76167  0.0500  0.250
  410  1.450  -23.60  0.68249  0.0500  0.250
  411  1.450  -23.35  0.74685  0.0500  0.250
  412  1.450  -23.10  0.73228  0.0500  0.250
  413  1.450  -22.85  0.66331  0.0500  0.250
  414  1.450  -22.60  0.54686  0.0500  0.250
  415  1.450  -22.35  0.51587  0.0500  0.255
  416  1.450  -22.09  0.46436  0.0500  0.260
  417  1.500  -25.92  0.93914  0.0500  0.250
  418  1.500  -25.67  0.92142  0.0500  0.250
  419  1.500  -25.42  0.92733  0.0500  0.250
  420  1.500  -25.17  0.90802  0.0500  0.250
  421  1.500  -24.92  0.90063  0.0500  0.250
  422  1.500  -24.67  0.85297  0.0500  0.250
  423  1.500  -24.42  0.79816  0.0500  0.250
  424  1.500  -24.17  0.77078  0.0500  0.250
  425  1.500  -23.92  0.75781  0.0500  0.250
  426  1.500  -23.67  0.67213  0.0500  0.250
  427  1.500  -23.42  0.73097  0.0500  0.250
  428  1.500  -23.17  0.71870  0.0500  0.250
  429  1.500  -22.92  0.64531  0.0500  0.250
  430  1.500  -22.67  0.51022  0.0500  0.250
  431  1.500  -22.42  0.48065  0.0500  0.250
  432  1.500  -22.17  0.42074  0.0500  0.250
  433  1.550  -25.99  0.92488  0.0500  0.250
  434  1.550  -25.74  0.90743  0.0500  0.250
  435  1.550  -25.49  0.90678  0.0500  0.250
  436  1.550  -25.24  0.90250  0.0500  0.250
  437  1.550  -24.99  0.89515  0.0500  0.250
  438  1.550  -24.74  0.83484  0.0500  0.250
  439  1.550  -24.49  0.77056  0.0500  0.250
  440  1.550  -24.24  0.75271  0.0500  0.250
  441  1.550  -23.99  0.74080  0.0500  0.250
  442  1.550  -23.74  0.65141  0.0500  0.250
  443  1.550  -23.49  0.70451  0.0500  0.250
  444  1.550  -23.24  0.69231  0.0500  0.250
  445  1.550  -22.99  0.62523  0.0500  0.250
  446  1.550  -22.74  0.48037  0.0500  0.250
  447  1.550  -22.49  0.45261  0.0500  0.250
  448  1.550  -22.24  0.42910  0.0500  0.250
  449  1.600  -26.06  0.92583  0.0500  0.250
  450  1.600  -25.81  0.90836  0.0500  0.250
  451  1.600  -25.56  0.90865  0.0500  0.250
  452  1.600  -25.31  0.90434  0.0500  0.250
  453  1.600  -25.06  0.89332  0.0500  0.250
  454  1.600  -24.81  0.84261  0.0500  0.250
  455  1.600  -24.56  0.78761  0.0500  0.250
  456  1.600  -24.31  0.75507  0.0500  0.250
  457  1.600  -24.06  0.75007  0.0500  0.250
  458  1.600  -23.81  0.66108  0.0500  0.250
  459  1.600  -23.56  0.71661  0.0500  0.250
  460  1.600  -23.31  0.70966  0.0500  0.250
  461  1.600  -23.06  0.63077  0.0500  0.250
  462  1.600  -22.81  0.50412  0.0500  0.250
  463  1.600  -22.56  0.47543  0.0500  0.250
  464  1.600  -22.31  0.43090  0.0500  0.250
  465  1.650  -26.12  0.94104  0.0500  0.250
  466  1.650  -25.87  0.92328  0.0500  0.250
  467  1.650  -25.62  0.92826  0.0500  0.250
  468  1.650  -25.37  0.91078  0.0500  0.250
  469  1.650  -25.12  0.90428  0.0500  0.250
  470  1.650  -24.87  0.85469  0.0500  0.250
  471  1.650  -24.62  0.80222  0.0500  0.250
  472  1.650  -24.37  0.77157  0.0500  0.250
  473  1.650  -24.12  0.75549  0.0500  0.250
  474  1.650  -23.87  0.67489  0.0500  0.250
  475  1.650  -23.62  0.73626  0.0500  0.250
  476  1.650  -23.37  0.72398  0.0500  0.250
  477  1.650  -23.12  0.65985  0.0500  0.250
  478  1.650  -22.87  0.52583  0.0500  0.250
  479  1.650  -22.62  0.50152  0.0500  0.250
  480  1.650  -22.37  0.45181  0.0500  0.250
  481  1.700  -26.19  0.94579  0.0500  0.250
  482  1.700  -25.94  0.92794  0.0500  0.250
  483  1.700  -25.69  0.92733  0.0500  0.250
  484  1.700  -25.44  0.91170  0.0500  0.250
  485  1.700  -25.19  0.91067  0.0500  0.250
  486  1.700  -24.94  0.86074  0.0500  0.250
  487  1.700  -24.69  0.80791  0.0500  0.250
  488  1.700  -24.44  0.77707  0.0500  0.250
  489  1.700  -24.19  0.76477  0.0500  0.250
  490  1.700  -23.94  0.67973  0.0500  0.250
  491  1.700  -23.69  0.73626  0.0500  0.250
  492  1.700  -23.44  0.73605  0.0500  0.250
  493  1.700  -23.19  0.66885  0.0500  0.250
  494  1.700  -22.94  0.58011  0.0500  0.250
  495  1.700  -22.69  0.54261  0.0500  0.250
  496  1.700  -22.44  0.47811  0.0500  0.250
  497  1.750  -26.26  0.94769  0.0500  0.250
  498  1.750  -26.01  0.92981  0.0500  0.250
  499  1.750  -25.76  0.93199  0.0500  0.250
  500  1.750  -25.51  0.91262  0.0500  0.250
  501  1.750  -25.26  0.91067  0.0500  0.250
  502  1.750  -25.01  0.85815  0.0500  0.250
  503  1.750  -24.76  0.80385  0.0500  0.250
  504  1.750  -24.51  0.77707  0.0500  0.250
  505  1.750  -24.26  0.76631  0.0500  0.250
  506  1.750  -24.01  0.68525  0.0500  0.250
  507  1.750  -23.76  0.74987  0.0500  0.250
  508  1.750  -23.51  0.73228  0.0500  0.250
  509  1.750  -23.26  0.67369  0.0500  0.250
  510  1.750  -23.01  0.56586  0.0500  0.250
  511  1.750  -22.76  0.54652  0.0500  0.255
  512  1.750  -22.50  0.49484  0.0500  0.260
  513  1.800  -26.33  0.94389  0.0500  0.250
  514  1.800  -26.08  0.92608  0.0500  0.250
  515  1.800  -25.83  0.93106  0.0500  0.250
  516  1.800  -25.58  0.91538  0.0500  0.250
  517  1.800  -25.33  0.91159  0.0500  0.250
  518  1.800  -25.08  0.85556  0.0500  0.250
  519  1.800  -24.83  0.80709  0.0500  0.250
  520  1.800  -24.58  0.77864  0.0500  0.250
  521  1.800  -24.33  0.76399  0.0500  0.250
  522  1.800  -24.08  0.68180  0.0500  0.250
  523  1.800  -23.83  0.74836  0.0500  0.250
  524  1.800  -23.58  0.74133  0.0500  0.250
  525  1.800  -23.33  0.67369  0.0500  0.250
  526  1.800  -23.08  0.59300  0.0500  0.250
  527  1.800  -22.83  0.55239  0.0500  0.250
  528  1.800  -22.58  0.49783  0.0500  0.250
  529  1.850  -26.40  0.94769  0.0500  0.250
  530  1.850  -26.15  0.92981  0.0500  0.250
  531  1.850  -25.90  0.93106  0.0500  0.250
  532  1.850  -25.65  0.91630  0.0500  0.250
  533  1.850  -25.40  0.90976  0.0500  0.250
  534  1.850  -25.15  0.86074  0.0500  0.250
  535  1.850  -24.90  0.80709  0.0500  0.250
  536  1.850  -24.65  0.78021  0.0500  0.250
  537  1.850  -24.40  0.76709  0.0500  0.250
  538  1.850  -24.15  0.68387  0.0500  0.250
  539  1.850  -23.90  0.74231  0.0500  0.250
  540  1.850  -23.65  0.74058  0.0500  0.250
  541  1.850  -23.40  0.67716  0.0500  0.250
  542  1.850  -23.15  0.60928  0.0500  0.250
  543  1.850  -22.90  0.56869  0.0500  0.250
  544  1.850  -22.65  0.50381  0.0500  0.250
  545  1.900  -26.47  0.94674  0.0500  0.250
  546  1.900  -26.22  0.92888  0.0500  0.250
  547  1.900  -25.97  0.93293  0.0500  0.250
  548  1.900  -25.72  0.91906  0.0500  0.250
  549  1.900  -25.47  0.90793  0.0500  0.250
  550  1.900  -25.22  0.85987  0.0500  0.250
  551  1.900  -24.97  0.80628  0.0500  0.250
  552  1.900  -24.72  0.77942  0.0500  0.250
  553  1.900  -24.47  0.76941  0.0500  0.250
  554  1.900  -24.22  0.68180  0.0500  0.250
  555  1.900  -23.97  0.74685  0.0500  0.250
  556  1.900  -23.72  0.74208  0.0500  0.250
  557  1.900  -23.47  0.67577  0.0500  0.250
  558  1.900  -23.22  0.61267  0.0500  0.250
  559  1.900  -22.97  0.58304  0.0500  0.255
  560  1.900  -22.71  0.51516  0.0500  0.260
  561  1.950  -26.52  0.94769  0.0500  0.250
  562  1.950  -26.27  0.92981  0.0500  0.250
  563  1.950  -26.02  0.93386  0.0500  0.250
  564  1.950  -25.77  0.91722  0.0500  0.250
  565  1.950  -25.52  0.91159  0.0500  0.250
  566  1.950  -25.27  0.85901  0.0500  0.250
  567  1.950  -25.02  0.80303  0.0500  0.250
  568  1.950  -24.77  0.77550  0.0500  0.250
  569  1.950  -24.52  0.76941  0.0500  0.250
  570  1.950  -24.27  0.68525  0.0500  0.250
  571  1.950  -24.02  0.74760  0.0500  0.250
  572  1.950  -23.77  0.74133  0.0500  0.250
  573  1.950  -23.52  0.68131  0.0500  0.250
  574  1.950  -23.27  0.61267  0.0500  0.250
  575  1.950  -23.02  0.58043  0.0500  0.250
  576  1.950  -22.77  0.52592  0.0500  0.250
  577  2.000  -26.58  0.94864  0.0500  0.250
  578  2.000  -26.33  0.93074  0.0500  0.250
  579  2.000  -26.08  0.93106  0.0500  0.250
  580  2.000  -25.83  0.91354  0.0500  0.250
  581  2.000  -25.58  0.91067  0.0500  0.250
  582  2.000  -25.33  0.85815  0.0500  0.250
  583  2.000  -25.08  0.80709  0.0500  0.250
  584  2.000  -24.83  0.78178  0.0500  0.250
  585  2.000  -24.58  0.76786  0.0500  0.250
  586  2.000  -24.33  0.68664  0.0500  0.250
  587  2.000  -24.08  0.74533  0.0500  0.250
  588  2.000  -23.83  0.74284  0.0500  0.250
  589  2.000  -23.58  0.67508  0.0500  0.250
  590  2.000  -23.33  0.61607  0.0500  0.250
  591  2.000  -23.08  0.58239  0.0500  0.250
  592  2.000  -22.83  0.52293  0.0500  0.250
  593  2.050  -26.63  0.94199  0.0500  0.250
  594  2.050  -26.38  0.92421  0.0500  0.250
  595  2.050  -26.13  0.92546  0.0500  0.250
  596  2.050  -25.88  0.91078  0.0500  0.250
  597  2.050  -25.63  0.90793  0.0500  0.250
  598  2.050  -25.38  0.85383  0.0500  0.250
  599  2.050  -25.13  0.80791  0.0500  0.250
  600  2.050  -24.88  0.77942  0.0500  0.250
  601  2.050  -24.63  0.76245  0.0500  0.250
  602  2.050  -24.38  0.68042  0.0500  0.250
  603  2.050  -24.13  0.74458  0.0500  0.250
  604  2.050  -23.88  0.73982  0.0500  0.250
  605  2.050  -23.63  0.66954  0.0500  0.250
  606  2.050  -23.38  0.59707  0.0500  0.250
  607  2.050  -23.13  0.56739  0.0500  0.250
  608  2.050  -22.88  0.51397  0.0500  0.250
  609  2.100  -26.67  0.93058  0.0500  0.250
  610  2.100  -26.42  0.91302  0.0500  0.250
  611  2.100  -26.17  0.91705  0.0500  0.250
  612  2.100  -25.92  0.90342  0.0500  0.250
  613  2.100  -25.67  0.88875  0.0500  0.250
  614  2.100  -25.42  0.84520  0.0500  0.250
  615  2.100  -25.17  0.79573  0.0500  0.250
  616  2.100  -24.92  0.76057  0.0500  0.250
  617  2.100  -24.67  0.74930  0.0500  0.250
  618  2.100  -24.42  0.67144  0.0500  0.250
  619  2.100  -24.17  0.71812  0.0500  0.250
  620  2.100  -23.92  0.72323  0.0500  0.250
  621  2.100  -23.67  0.65223  0.0500  0.250
  622  2.100  -23.42  0.56314  0.0500  0.250
  623  2.100  -23.17  0.54130  0.0500  0.250
  624  2.100  -22.92  0.47333  0.0500  0.250
  625  2.150  -26.71  0.87830  0.0500  0.250
  626  2.150  -26.46  0.86173  0.0500  0.250
  627  2.150  -26.21  0.87970  0.0500  0.250
  628  2.150  -25.96  0.83718  0.0500  0.250
  629  2.150  -25.71  0.83486  0.0500  0.250
  630  2.150  -25.46  0.79340  0.0500  0.250
  631  2.150  -25.21  0.74863  0.0500  0.250
  632  2.150  -24.96  0.71264  0.0500  0.250
  633  2.150  -24.71  0.71373  0.0500  0.250
  634  2.150  -24.46  0.62516  0.0500  0.250
  635  2.150  -24.21  0.67655  0.0500  0.250
  636  2.150  -23.96  0.67119  0.0500  0.250
  637  2.150  -23.71  0.60792  0.0500  0.250
  638  2.150  -23.46  0.52379  0.0500  0.250
  639  2.150  -23.21  0.48587  0.0500  0.250
  640  2.150  -22.96  0.43209  0.0500  0.250
# dzs = [ 0.05]
# dmags = [ 0.25   0.255  0.26   0.265  0.27   0.275  0.28   0.285  0.29   0.295  0.3
#  0.305  0.31   0.315  0.32   0.325  0.33   0.335  0.34   0.345]
