# 2SLAQ selection function in SGP region (Croom et al. 2009, MNRAS, 392, 19)
# M1450 computed with imag corrected for host galaxy light (Croom et al. 2009, MNRAS, 392, 19) and Beta's SED
# selection function corrected for coverage completeness (not all targets observed, different for NGP and SGP regions, Fig 4 in Croom et al.)
# selection function corrected for spectroscopic completeness (redshift success, Fig 6b in Croom et al., only quality=1 redshifts considered)
# Tiles at z >= 2.2 removed from original file.
# Tile dz and dmag set using tiling.py with z_tolerance = 0.0100 and mag_tolerance = 0.0010; see unique values at end of file.
# Tile sizes are non-uniform only a low redshift due to host-galaxy correction.
# counter   z   M1450   p   dz   dmag 
    1  0.200  -21.09  0.76229  0.0500  0.250
    2  0.200  -20.84  0.78550  0.0500  0.275
    3  0.200  -20.54  0.73992  0.0500  0.295
    4  0.200  -20.25  0.66333  0.0500  0.290
    5  0.200  -19.96  0.51083  0.0500  0.295
    6  0.200  -19.66  0.36638  0.0500  0.295
    7  0.200  -19.37  0.21486  0.0500  0.300
    8  0.200  -19.06  0.14285  0.0500  0.315
    9  0.200  -18.74  0.11151  0.0500  0.320
   10  0.200  -18.42  0.05903  0.0500  0.325
   11  0.200  -18.09  0.05908  0.0500  0.335
   12  0.200  -17.75  0.05731  0.0500  0.345
   13  0.200  -17.40  0.03838  0.0500  0.345
   14  0.200  -17.06  0.00555  0.0500  0.345
   15  0.200  -16.71  0.00209  0.0500  0.345
   16  0.200  -16.37  0.00053  0.0500  0.340
   17  0.250  -21.70  0.80796  0.0500  0.250
   18  0.250  -21.45  0.83256  0.0500  0.255
   19  0.250  -21.19  0.83974  0.0500  0.265
   20  0.250  -20.92  0.78455  0.0500  0.270
   21  0.250  -20.65  0.65742  0.0500  0.275
   22  0.250  -20.37  0.49305  0.0500  0.280
   23  0.250  -20.09  0.31105  0.0500  0.280
   24  0.250  -19.81  0.23407  0.0500  0.290
   25  0.250  -19.51  0.18788  0.0500  0.295
   26  0.250  -19.22  0.10945  0.0500  0.290
   27  0.250  -18.93  0.14349  0.0500  0.300
   28  0.250  -18.62  0.14899  0.0500  0.310
   29  0.250  -18.31  0.10427  0.0500  0.310
   30  0.250  -18.00  0.01888  0.0500  0.315
   31  0.250  -17.68  0.00991  0.0500  0.325
   32  0.250  -17.35  0.00737  0.0500  0.330
   33  0.300  -22.14  0.81959  0.0500  0.250
   34  0.300  -21.89  0.84454  0.0500  0.255
   35  0.300  -21.63  0.86163  0.0500  0.260
   36  0.300  -21.37  0.81738  0.0500  0.265
   37  0.300  -21.10  0.69295  0.0500  0.265
   38  0.300  -20.84  0.54395  0.0500  0.270
   39  0.300  -20.56  0.35269  0.0500  0.275
   40  0.300  -20.29  0.27614  0.0500  0.270
   41  0.300  -20.02  0.25673  0.0500  0.275
   42  0.300  -19.74  0.16143  0.0500  0.280
   43  0.300  -19.46  0.22705  0.0500  0.285
   44  0.300  -19.17  0.25154  0.0500  0.285
   45  0.300  -18.89  0.19020  0.0500  0.300
   46  0.300  -18.57  0.05552  0.0500  0.305
   47  0.300  -18.28  0.03494  0.0500  0.300
   48  0.300  -17.97  0.01578  0.0500  0.310
   49  0.350  -22.50  0.81709  0.0500  0.250
   50  0.350  -22.25  0.84197  0.0500  0.255
   51  0.350  -21.99  0.86339  0.0500  0.260
   52  0.350  -21.73  0.83590  0.0500  0.260
   53  0.350  -21.47  0.72553  0.0500  0.260
   54  0.350  -21.21  0.57059  0.0500  0.260
   55  0.350  -20.95  0.39142  0.0500  0.260
   56  0.350  -20.69  0.32282  0.0500  0.265
   57  0.350  -20.42  0.30621  0.0500  0.270
   58  0.350  -20.15  0.20635  0.0500  0.270
   59  0.350  -19.88  0.29921  0.0500  0.275
   60  0.350  -19.60  0.36615  0.0500  0.280
   61  0.350  -19.32  0.28760  0.0500  0.280
   62  0.350  -19.04  0.09938  0.0500  0.290
   63  0.350  -18.74  0.06153  0.0500  0.295
   64  0.350  -18.45  0.04051  0.0500  0.290
   65  0.400  -22.79  0.81793  0.0500  0.250
   66  0.400  -22.54  0.84283  0.0500  0.250
   67  0.400  -22.29  0.86601  0.0500  0.255
   68  0.400  -22.03  0.83253  0.0500  0.255
   69  0.400  -21.78  0.73219  0.0500  0.255
   70  0.400  -21.52  0.58242  0.0500  0.260
   71  0.400  -21.26  0.40682  0.0500  0.260
   72  0.400  -21.00  0.33873  0.0500  0.260
   73  0.400  -20.74  0.33130  0.0500  0.265
   74  0.400  -20.47  0.23482  0.0500  0.265
   75  0.400  -20.21  0.35914  0.0500  0.265
   76  0.400  -19.94  0.45422  0.0500  0.270
   77  0.400  -19.67  0.38556  0.0500  0.275
   78  0.400  -19.39  0.16100  0.0500  0.280
   79  0.400  -19.11  0.11263  0.0500  0.285
   80  0.400  -18.82  0.07787  0.0500  0.290
   81  0.450  -23.05  0.81211  0.0500  0.250
   82  0.450  -22.80  0.83684  0.0500  0.250
   83  0.450  -22.55  0.86426  0.0500  0.255
   84  0.450  -22.29  0.82917  0.0500  0.255
   85  0.450  -22.04  0.72405  0.0500  0.255
   86  0.450  -21.78  0.57769  0.0500  0.255
   87  0.450  -21.53  0.39891  0.0500  0.255
   88  0.450  -21.27  0.33413  0.0500  0.260
   89  0.450  -21.01  0.33130  0.0500  0.260
   90  0.450  -20.75  0.23535  0.0500  0.260
   91  0.450  -20.49  0.36209  0.0500  0.265
   92  0.450  -20.22  0.48740  0.0500  0.265
   93  0.450  -19.96  0.41707  0.0500  0.270
   94  0.450  -19.68  0.17933  0.0500  0.275
   95  0.450  -19.41  0.13975  0.0500  0.270
   96  0.450  -19.14  0.12417  0.0500  0.270
   97  0.500  -23.29  0.81211  0.0500  0.250
   98  0.500  -23.04  0.83684  0.0500  0.255
   99  0.500  -22.78  0.85463  0.0500  0.255
  100  0.500  -22.53  0.82412  0.0500  0.250
  101  0.500  -22.28  0.71739  0.0500  0.255
  102  0.500  -22.02  0.56526  0.0500  0.255
  103  0.500  -21.77  0.39558  0.0500  0.255
  104  0.500  -21.51  0.32741  0.0500  0.255
  105  0.500  -21.26  0.32915  0.0500  0.255
  106  0.500  -21.00  0.22986  0.0500  0.260
  107  0.500  -20.74  0.36716  0.0500  0.260
  108  0.500  -20.48  0.47955  0.0500  0.260
  109  0.500  -20.22  0.42338  0.0500  0.260
  110  0.500  -19.96  0.20431  0.0500  0.270
  111  0.500  -19.68  0.16061  0.0500  0.270
  112  0.500  -19.42  0.14206  0.0500  0.260
  113  0.550  -23.51  0.79883  0.0500  0.250
  114  0.550  -23.26  0.82315  0.0500  0.255
  115  0.550  -23.00  0.83449  0.0500  0.255
  116  0.550  -22.75  0.80391  0.0500  0.250
  117  0.550  -22.50  0.69814  0.0500  0.250
  118  0.550  -22.25  0.55756  0.0500  0.255
  119  0.550  -21.99  0.38392  0.0500  0.255
  120  0.550  -21.74  0.32352  0.0500  0.250
  121  0.550  -21.49  0.32449  0.0500  0.255
  122  0.550  -21.23  0.22594  0.0500  0.260
  123  0.550  -20.97  0.35407  0.0500  0.260
  124  0.550  -20.71  0.45422  0.0500  0.255
  125  0.550  -20.46  0.41249  0.0500  0.255
  126  0.550  -20.20  0.22263  0.0500  0.265
  127  0.550  -19.93  0.17051  0.0500  0.270
  128  0.550  -19.66  0.13522  0.0500  0.270
  129  0.600  -23.71  0.78305  0.0500  0.250
  130  0.600  -23.46  0.80689  0.0500  0.250
  131  0.600  -23.21  0.83799  0.0500  0.255
  132  0.600  -22.95  0.78539  0.0500  0.255
  133  0.600  -22.70  0.68851  0.0500  0.250
  134  0.600  -22.45  0.54809  0.0500  0.250
  135  0.600  -22.20  0.37976  0.0500  0.250
  136  0.600  -21.95  0.31681  0.0500  0.255
  137  0.600  -21.69  0.30943  0.0500  0.255
  138  0.600  -21.44  0.22203  0.0500  0.255
  139  0.600  -21.18  0.34141  0.0500  0.255
  140  0.600  -20.93  0.47232  0.0500  0.255
  141  0.600  -20.67  0.40963  0.0500  0.260
  142  0.600  -20.41  0.21763  0.0500  0.260
  143  0.600  -20.15  0.17521  0.0500  0.260
  144  0.600  -19.89  0.15574  0.0500  0.260
  145  0.650  -23.89  0.79634  0.0500  0.250
  146  0.650  -23.64  0.82058  0.0500  0.250
  147  0.650  -23.39  0.83712  0.0500  0.250
  148  0.650  -23.14  0.78287  0.0500  0.250
  149  0.650  -22.89  0.69295  0.0500  0.250
  150  0.650  -22.64  0.53685  0.0500  0.250
  151  0.650  -22.39  0.37976  0.0500  0.250
  152  0.650  -22.14  0.31928  0.0500  0.255
  153  0.650  -21.88  0.32270  0.0500  0.255
  154  0.650  -21.63  0.22647  0.0500  0.250
  155  0.650  -21.38  0.35323  0.0500  0.255
  156  0.650  -21.12  0.47473  0.0500  0.255
  157  0.650  -20.87  0.41650  0.0500  0.255
  158  0.650  -20.61  0.26316  0.0500  0.255
  159  0.650  -20.36  0.22527  0.0500  0.255
  160  0.650  -20.10  0.18994  0.0500  0.260
  161  0.700  -24.07  0.79551  0.0500  0.250
  162  0.700  -23.82  0.81972  0.0500  0.250
  163  0.700  -23.57  0.83799  0.0500  0.250
  164  0.700  -23.32  0.79886  0.0500  0.250
  165  0.700  -23.07  0.71516  0.0500  0.250
  166  0.700  -22.82  0.56348  0.0500  0.250
  167  0.700  -22.57  0.39391  0.0500  0.255
  168  0.700  -22.31  0.33166  0.0500  0.255
  169  0.700  -22.06  0.33130  0.0500  0.250
  170  0.700  -21.81  0.23430  0.0500  0.250
  171  0.700  -21.56  0.37560  0.0500  0.255
  172  0.700  -21.30  0.51032  0.0500  0.255
  173  0.700  -21.05  0.47379  0.0500  0.250
  174  0.700  -20.80  0.32645  0.0500  0.255
  175  0.700  -20.54  0.27950  0.0500  0.255
  176  0.700  -20.29  0.24518  0.0500  0.250
  177  0.750  -24.23  0.79135  0.0500  0.250
  178  0.750  -23.98  0.81545  0.0500  0.250
  179  0.750  -23.73  0.84325  0.0500  0.250
  180  0.750  -23.48  0.80055  0.0500  0.250
  181  0.750  -23.23  0.70776  0.0500  0.250
  182  0.750  -22.98  0.56052  0.0500  0.255
  183  0.750  -22.72  0.39766  0.0500  0.255
  184  0.750  -22.47  0.33661  0.0500  0.250
  185  0.750  -22.22  0.34170  0.0500  0.250
  186  0.750  -21.97  0.24371  0.0500  0.250
  187  0.750  -21.72  0.39079  0.0500  0.250
  188  0.750  -21.47  0.53686  0.0500  0.255
  189  0.750  -21.21  0.50186  0.0500  0.255
  190  0.750  -20.96  0.36865  0.0500  0.250
  191  0.750  -20.71  0.33581  0.0500  0.255
  192  0.750  -20.45  0.29727  0.0500  0.260
  193  0.800  -24.38  0.79800  0.0500  0.250
  194  0.800  -24.13  0.82229  0.0500  0.250
  195  0.800  -23.88  0.84325  0.0500  0.250
  196  0.800  -23.63  0.80896  0.0500  0.250
  197  0.800  -23.38  0.71220  0.0500  0.250
  198  0.800  -23.13  0.56703  0.0500  0.250
  199  0.800  -22.88  0.40183  0.0500  0.250
  200  0.800  -22.63  0.33873  0.0500  0.250
  201  0.800  -22.38  0.34134  0.0500  0.255
  202  0.800  -22.12  0.24971  0.0500  0.255
  203  0.800  -21.87  0.39670  0.0500  0.250
  204  0.800  -21.62  0.56159  0.0500  0.250
  205  0.800  -21.37  0.51504  0.0500  0.250
  206  0.800  -21.12  0.41417  0.0500  0.250
  207  0.800  -20.87  0.36658  0.0500  0.255
  208  0.800  -20.61  0.34778  0.0500  0.260
  209  0.850  -24.53  0.80713  0.0500  0.250
  210  0.850  -24.28  0.83170  0.0500  0.250
  211  0.850  -24.03  0.84500  0.0500  0.250
  212  0.850  -23.78  0.81822  0.0500  0.250
  213  0.850  -23.53  0.71961  0.0500  0.250
  214  0.850  -23.28  0.57236  0.0500  0.250
  215  0.850  -23.03  0.40641  0.0500  0.250
  216  0.850  -22.78  0.34757  0.0500  0.250
  217  0.850  -22.53  0.34923  0.0500  0.250
  218  0.850  -22.28  0.25050  0.0500  0.250
  219  0.850  -22.03  0.40514  0.0500  0.255
  220  0.850  -21.77  0.57004  0.0500  0.255
  221  0.850  -21.52  0.52764  0.0500  0.250
  222  0.850  -21.27  0.43638  0.0500  0.250
  223  0.850  -21.02  0.39109  0.0500  0.250
  224  0.850  -20.77  0.38987  0.0500  0.250
  225  0.900  -24.68  0.80630  0.0500  0.250
  226  0.900  -24.43  0.83085  0.0500  0.250
  227  0.900  -24.18  0.85813  0.0500  0.250
  228  0.900  -23.93  0.82496  0.0500  0.250
  229  0.900  -23.68  0.72775  0.0500  0.250
  230  0.900  -23.43  0.58124  0.0500  0.250
  231  0.900  -23.18  0.40682  0.0500  0.250
  232  0.900  -22.93  0.34509  0.0500  0.250
  233  0.900  -22.68  0.34816  0.0500  0.250
  234  0.900  -22.43  0.25233  0.0500  0.250
  235  0.900  -22.18  0.40725  0.0500  0.250
  236  0.900  -21.93  0.57969  0.0500  0.250
  237  0.900  -21.68  0.54426  0.0500  0.250
  238  0.900  -21.43  0.46358  0.0500  0.250
  239  0.900  -21.18  0.42185  0.0500  0.250
  240  0.900  -20.93  0.39724  0.0500  0.250
  241  0.950  -24.84  0.81959  0.0500  0.250
  242  0.950  -24.59  0.84454  0.0500  0.250
  243  0.950  -24.34  0.86864  0.0500  0.250
  244  0.950  -24.09  0.82917  0.0500  0.250
  245  0.950  -23.84  0.73071  0.0500  0.250
  246  0.950  -23.59  0.57828  0.0500  0.255
  247  0.950  -23.33  0.41307  0.0500  0.255
  248  0.950  -23.08  0.34969  0.0500  0.250
  249  0.950  -22.83  0.35318  0.0500  0.250
  250  0.950  -22.58  0.25494  0.0500  0.250
  251  0.950  -22.33  0.41231  0.0500  0.250
  252  0.950  -22.08  0.58451  0.0500  0.250
  253  0.950  -21.83  0.55285  0.0500  0.250
  254  0.950  -21.58  0.48079  0.0500  0.250
  255  0.950  -21.33  0.42602  0.0500  0.250
  256  0.950  -21.08  0.40460  0.0500  0.250
  257  1.000  -24.96  0.82457  0.0500  0.250
  258  1.000  -24.71  0.84967  0.0500  0.250
  259  1.000  -24.46  0.86776  0.0500  0.250
  260  1.000  -24.21  0.83759  0.0500  0.250
  261  1.000  -23.96  0.73367  0.0500  0.250
  262  1.000  -23.71  0.58834  0.0500  0.250
  263  1.000  -23.46  0.41348  0.0500  0.250
  264  1.000  -23.21  0.35039  0.0500  0.250
  265  1.000  -22.96  0.35533  0.0500  0.250
  266  1.000  -22.71  0.25938  0.0500  0.250
  267  1.000  -22.46  0.41484  0.0500  0.250
  268  1.000  -22.21  0.58632  0.0500  0.250
  269  1.000  -21.96  0.54941  0.0500  0.250
  270  1.000  -21.71  0.47135  0.0500  0.250
  271  1.000  -21.46  0.42081  0.0500  0.250
  272  1.000  -21.21  0.41407  0.0500  0.250
  273  1.050  -25.08  0.82208  0.0500  0.250
  274  1.050  -24.83  0.84711  0.0500  0.250
  275  1.050  -24.58  0.86864  0.0500  0.250
  276  1.050  -24.33  0.83169  0.0500  0.250
  277  1.050  -24.08  0.73663  0.0500  0.250
  278  1.050  -23.83  0.58716  0.0500  0.250
  279  1.050  -23.58  0.41182  0.0500  0.250
  280  1.050  -23.33  0.34686  0.0500  0.250
  281  1.050  -23.08  0.35605  0.0500  0.250
  282  1.050  -22.83  0.25703  0.0500  0.255
  283  1.050  -22.57  0.41527  0.0500  0.255
  284  1.050  -22.32  0.58150  0.0500  0.250
  285  1.050  -22.07  0.55572  0.0500  0.250
  286  1.050  -21.82  0.46469  0.0500  0.250
  287  1.050  -21.57  0.41820  0.0500  0.250
  288  1.050  -21.32  0.39724  0.0500  0.250
  289  1.100  -25.18  0.82540  0.0500  0.250
  290  1.100  -24.93  0.85053  0.0500  0.250
  291  1.100  -24.68  0.86951  0.0500  0.250
  292  1.100  -24.43  0.83590  0.0500  0.250
  293  1.100  -24.18  0.73293  0.0500  0.250
  294  1.100  -23.93  0.58775  0.0500  0.250
  295  1.100  -23.68  0.41224  0.0500  0.250
  296  1.100  -23.43  0.35146  0.0500  0.250
  297  1.100  -23.18  0.35461  0.0500  0.250
  298  1.100  -22.93  0.25572  0.0500  0.250
  299  1.100  -22.68  0.41358  0.0500  0.250
  300  1.100  -22.43  0.58512  0.0500  0.250
  301  1.100  -22.18  0.54827  0.0500  0.250
  302  1.100  -21.93  0.46580  0.0500  0.250
  303  1.100  -21.68  0.41455  0.0500  0.250
  304  1.100  -21.43  0.40408  0.0500  0.250
  305  1.150  -25.29  0.82042  0.0500  0.250
  306  1.150  -25.04  0.84539  0.0500  0.250
  307  1.150  -24.79  0.87214  0.0500  0.250
  308  1.150  -24.54  0.83422  0.0500  0.250
  309  1.150  -24.29  0.73663  0.0500  0.250
  310  1.150  -24.04  0.58657  0.0500  0.250
  311  1.150  -23.79  0.41182  0.0500  0.250
  312  1.150  -23.54  0.34969  0.0500  0.250
  313  1.150  -23.29  0.35461  0.0500  0.250
  314  1.150  -23.04  0.25807  0.0500  0.250
  315  1.150  -22.79  0.41484  0.0500  0.250
  316  1.150  -22.54  0.59296  0.0500  0.250
  317  1.150  -22.29  0.55686  0.0500  0.250
  318  1.150  -22.04  0.47024  0.0500  0.250
  319  1.150  -21.79  0.42550  0.0500  0.250
  320  1.150  -21.54  0.40513  0.0500  0.250
  321  1.200  -25.39  0.82374  0.0500  0.250
  322  1.200  -25.14  0.84882  0.0500  0.250
  323  1.200  -24.89  0.86951  0.0500  0.250
  324  1.200  -24.64  0.83590  0.0500  0.250
  325  1.200  -24.39  0.73441  0.0500  0.250
  326  1.200  -24.14  0.58479  0.0500  0.250
  327  1.200  -23.89  0.41265  0.0500  0.250
  328  1.200  -23.64  0.35075  0.0500  0.250
  329  1.200  -23.39  0.35605  0.0500  0.250
  330  1.200  -23.14  0.25833  0.0500  0.250
  331  1.200  -22.89  0.41442  0.0500  0.250
  332  1.200  -22.64  0.58994  0.0500  0.250
  333  1.200  -22.39  0.55743  0.0500  0.250
  334  1.200  -22.14  0.46136  0.0500  0.250
  335  1.200  -21.89  0.42029  0.0500  0.250
  336  1.200  -21.64  0.40566  0.0500  0.250
  337  1.250  -25.49  0.82789  0.0500  0.250
  338  1.250  -25.24  0.85309  0.0500  0.250
  339  1.250  -24.99  0.86339  0.0500  0.250
  340  1.250  -24.74  0.83843  0.0500  0.250
  341  1.250  -24.49  0.73663  0.0500  0.250
  342  1.250  -24.24  0.58953  0.0500  0.250
  343  1.250  -23.99  0.41307  0.0500  0.250
  344  1.250  -23.74  0.35110  0.0500  0.250
  345  1.250  -23.49  0.35354  0.0500  0.250
  346  1.250  -23.24  0.25755  0.0500  0.250
  347  1.250  -22.99  0.41780  0.0500  0.250
  348  1.250  -22.74  0.59175  0.0500  0.250
  349  1.250  -22.49  0.55801  0.0500  0.250
  350  1.250  -22.24  0.46136  0.0500  0.250
  351  1.250  -21.99  0.41664  0.0500  0.250
  352  1.250  -21.74  0.41776  0.0500  0.250
  353  1.300  -25.59  0.82374  0.0500  0.250
  354  1.300  -25.34  0.84882  0.0500  0.250
  355  1.300  -25.09  0.86864  0.0500  0.250
  356  1.300  -24.84  0.83338  0.0500  0.250
  357  1.300  -24.59  0.73515  0.0500  0.250
  358  1.300  -24.34  0.58657  0.0500  0.250
  359  1.300  -24.09  0.41099  0.0500  0.250
  360  1.300  -23.84  0.34969  0.0500  0.250
  361  1.300  -23.59  0.35425  0.0500  0.250
  362  1.300  -23.34  0.25833  0.0500  0.250
  363  1.300  -23.09  0.41358  0.0500  0.250
  364  1.300  -22.84  0.59537  0.0500  0.250
  365  1.300  -22.59  0.55285  0.0500  0.250
  366  1.300  -22.34  0.46802  0.0500  0.250
  367  1.300  -22.09  0.42342  0.0500  0.250
  368  1.300  -21.84  0.41828  0.0500  0.250
  369  1.350  -25.68  0.82291  0.0500  0.250
  370  1.350  -25.43  0.84796  0.0500  0.250
  371  1.350  -25.18  0.86163  0.0500  0.250
  372  1.350  -24.93  0.83506  0.0500  0.250
  373  1.350  -24.68  0.73515  0.0500  0.250
  374  1.350  -24.43  0.58657  0.0500  0.250
  375  1.350  -24.18  0.41307  0.0500  0.250
  376  1.350  -23.93  0.35075  0.0500  0.250
  377  1.350  -23.68  0.35640  0.0500  0.250
  378  1.350  -23.43  0.25912  0.0500  0.250
  379  1.350  -23.18  0.41738  0.0500  0.250
  380  1.350  -22.93  0.59658  0.0500  0.250
  381  1.350  -22.68  0.55973  0.0500  0.250
  382  1.350  -22.43  0.46469  0.0500  0.250
  383  1.350  -22.18  0.42968  0.0500  0.250
  384  1.350  -21.93  0.40460  0.0500  0.250
  385  1.400  -25.77  0.82623  0.0500  0.250
  386  1.400  -25.52  0.85138  0.0500  0.250
  387  1.400  -25.27  0.86951  0.0500  0.250
  388  1.400  -25.02  0.83422  0.0500  0.250
  389  1.400  -24.77  0.73663  0.0500  0.250
  390  1.400  -24.52  0.58953  0.0500  0.250
  391  1.400  -24.27  0.41307  0.0500  0.250
  392  1.400  -24.02  0.35146  0.0500  0.250
  393  1.400  -23.77  0.35605  0.0500  0.250
  394  1.400  -23.52  0.25755  0.0500  0.250
  395  1.400  -23.27  0.41695  0.0500  0.250
  396  1.400  -23.02  0.59115  0.0500  0.250
  397  1.400  -22.77  0.55457  0.0500  0.250
  398  1.400  -22.52  0.46913  0.0500  0.250
  399  1.400  -22.27  0.42237  0.0500  0.250
  400  1.400  -22.02  0.41881  0.0500  0.250
  401  1.450  -25.85  0.82457  0.0500  0.250
  402  1.450  -25.60  0.84967  0.0500  0.250
  403  1.450  -25.35  0.87127  0.0500  0.250
  404  1.450  -25.10  0.83674  0.0500  0.250
  405  1.450  -24.85  0.73738  0.0500  0.250
  406  1.450  -24.60  0.58893  0.0500  0.250
  407  1.450  -24.35  0.41307  0.0500  0.250
  408  1.450  -24.10  0.35039  0.0500  0.250
  409  1.450  -23.85  0.35318  0.0500  0.250
  410  1.450  -23.60  0.25807  0.0500  0.250
  411  1.450  -23.35  0.41695  0.0500  0.250
  412  1.450  -23.10  0.58572  0.0500  0.250
  413  1.450  -22.85  0.54884  0.0500  0.250
  414  1.450  -22.60  0.44748  0.0500  0.250
  415  1.450  -22.35  0.41247  0.0500  0.255
  416  1.450  -22.09  0.40881  0.0500  0.260
  417  1.500  -25.92  0.82042  0.0500  0.250
  418  1.500  -25.67  0.84539  0.0500  0.250
  419  1.500  -25.42  0.86951  0.0500  0.250
  420  1.500  -25.17  0.83085  0.0500  0.250
  421  1.500  -24.92  0.72997  0.0500  0.250
  422  1.500  -24.67  0.58479  0.0500  0.250
  423  1.500  -24.42  0.40932  0.0500  0.250
  424  1.500  -24.17  0.34686  0.0500  0.250
  425  1.500  -23.92  0.35138  0.0500  0.250
  426  1.500  -23.67  0.25415  0.0500  0.250
  427  1.500  -23.42  0.40809  0.0500  0.250
  428  1.500  -23.17  0.57486  0.0500  0.250
  429  1.500  -22.92  0.53395  0.0500  0.250
  430  1.500  -22.67  0.41750  0.0500  0.250
  431  1.500  -22.42  0.38431  0.0500  0.250
  432  1.500  -22.17  0.37040  0.0500  0.250
  433  1.550  -25.99  0.80796  0.0500  0.250
  434  1.550  -25.74  0.83256  0.0500  0.250
  435  1.550  -25.49  0.85025  0.0500  0.250
  436  1.550  -25.24  0.82580  0.0500  0.250
  437  1.550  -24.99  0.72553  0.0500  0.250
  438  1.550  -24.74  0.57236  0.0500  0.250
  439  1.550  -24.49  0.39516  0.0500  0.250
  440  1.550  -24.24  0.33873  0.0500  0.250
  441  1.550  -23.99  0.34350  0.0500  0.250
  442  1.550  -23.74  0.24632  0.0500  0.250
  443  1.550  -23.49  0.39332  0.0500  0.250
  444  1.550  -23.24  0.55375  0.0500  0.250
  445  1.550  -22.99  0.51733  0.0500  0.250
  446  1.550  -22.74  0.39307  0.0500  0.250
  447  1.550  -22.49  0.36189  0.0500  0.250
  448  1.550  -22.24  0.37777  0.0500  0.250
  449  1.600  -26.06  0.80879  0.0500  0.250
  450  1.600  -25.81  0.83341  0.0500  0.250
  451  1.600  -25.56  0.85200  0.0500  0.250
  452  1.600  -25.31  0.82748  0.0500  0.250
  453  1.600  -25.06  0.72405  0.0500  0.250
  454  1.600  -24.81  0.57769  0.0500  0.250
  455  1.600  -24.56  0.40391  0.0500  0.250
  456  1.600  -24.31  0.33979  0.0500  0.250
  457  1.600  -24.06  0.34780  0.0500  0.250
  458  1.600  -23.81  0.24997  0.0500  0.250
  459  1.600  -23.56  0.40007  0.0500  0.250
  460  1.600  -23.31  0.56762  0.0500  0.250
  461  1.600  -23.06  0.52191  0.0500  0.250
  462  1.600  -22.81  0.41251  0.0500  0.250
  463  1.600  -22.56  0.38014  0.0500  0.250
  464  1.600  -22.31  0.37935  0.0500  0.250
  465  1.650  -26.12  0.82208  0.0500  0.250
  466  1.650  -25.87  0.84711  0.0500  0.250
  467  1.650  -25.62  0.87039  0.0500  0.250
  468  1.650  -25.37  0.83338  0.0500  0.250
  469  1.650  -25.12  0.73293  0.0500  0.250
  470  1.650  -24.87  0.58597  0.0500  0.250
  471  1.650  -24.62  0.41140  0.0500  0.250
  472  1.650  -24.37  0.34721  0.0500  0.250
  473  1.650  -24.12  0.35031  0.0500  0.250
  474  1.650  -23.87  0.25520  0.0500  0.250
  475  1.650  -23.62  0.41105  0.0500  0.250
  476  1.650  -23.37  0.57908  0.0500  0.250
  477  1.650  -23.12  0.54598  0.0500  0.250
  478  1.650  -22.87  0.43027  0.0500  0.250
  479  1.650  -22.62  0.40100  0.0500  0.250
  480  1.650  -22.37  0.39776  0.0500  0.250
  481  1.700  -26.19  0.82623  0.0500  0.250
  482  1.700  -25.94  0.85138  0.0500  0.250
  483  1.700  -25.69  0.86951  0.0500  0.250
  484  1.700  -25.44  0.83422  0.0500  0.250
  485  1.700  -25.19  0.73812  0.0500  0.250
  486  1.700  -24.94  0.59012  0.0500  0.250
  487  1.700  -24.69  0.41432  0.0500  0.250
  488  1.700  -24.44  0.34969  0.0500  0.250
  489  1.700  -24.19  0.35461  0.0500  0.250
  490  1.700  -23.94  0.25703  0.0500  0.250
  491  1.700  -23.69  0.41105  0.0500  0.250
  492  1.700  -23.44  0.58874  0.0500  0.250
  493  1.700  -23.19  0.55342  0.0500  0.250
  494  1.700  -22.94  0.47469  0.0500  0.250
  495  1.700  -22.69  0.43385  0.0500  0.250
  496  1.700  -22.44  0.42091  0.0500  0.250
  497  1.750  -26.26  0.82789  0.0500  0.250
  498  1.750  -26.01  0.85309  0.0500  0.250
  499  1.750  -25.76  0.87389  0.0500  0.250
  500  1.750  -25.51  0.83506  0.0500  0.250
  501  1.750  -25.26  0.73812  0.0500  0.250
  502  1.750  -25.01  0.58834  0.0500  0.250
  503  1.750  -24.76  0.41224  0.0500  0.250
  504  1.750  -24.51  0.34969  0.0500  0.250
  505  1.750  -24.26  0.35533  0.0500  0.250
  506  1.750  -24.01  0.25912  0.0500  0.250
  507  1.750  -23.76  0.41864  0.0500  0.250
  508  1.750  -23.51  0.58572  0.0500  0.250
  509  1.750  -23.26  0.55743  0.0500  0.250
  510  1.750  -23.01  0.46303  0.0500  0.250
  511  1.750  -22.76  0.43698  0.0500  0.255
  512  1.750  -22.50  0.43565  0.0500  0.260
  513  1.800  -26.33  0.82457  0.0500  0.250
  514  1.800  -26.08  0.84967  0.0500  0.250
  515  1.800  -25.83  0.87302  0.0500  0.250
  516  1.800  -25.58  0.83759  0.0500  0.250
  517  1.800  -25.33  0.73886  0.0500  0.250
  518  1.800  -25.08  0.58657  0.0500  0.250
  519  1.800  -24.83  0.41390  0.0500  0.250
  520  1.800  -24.58  0.35039  0.0500  0.250
  521  1.800  -24.33  0.35425  0.0500  0.250
  522  1.800  -24.08  0.25781  0.0500  0.250
  523  1.800  -23.83  0.41780  0.0500  0.250
  524  1.800  -23.58  0.59296  0.0500  0.250
  525  1.800  -23.33  0.55743  0.0500  0.250
  526  1.800  -23.08  0.48523  0.0500  0.250
  527  1.800  -22.83  0.44167  0.0500  0.250
  528  1.800  -22.58  0.43828  0.0500  0.250
  529  1.850  -26.40  0.82789  0.0500  0.250
  530  1.850  -26.15  0.85309  0.0500  0.250
  531  1.850  -25.90  0.87302  0.0500  0.250
  532  1.850  -25.65  0.83843  0.0500  0.250
  533  1.850  -25.40  0.73738  0.0500  0.250
  534  1.850  -25.15  0.59012  0.0500  0.250
  535  1.850  -24.90  0.41390  0.0500  0.250
  536  1.850  -24.65  0.35110  0.0500  0.250
  537  1.850  -24.40  0.35569  0.0500  0.250
  538  1.850  -24.15  0.25859  0.0500  0.250
  539  1.850  -23.90  0.41442  0.0500  0.250
  540  1.850  -23.65  0.59236  0.0500  0.250
  541  1.850  -23.40  0.56030  0.0500  0.250
  542  1.850  -23.15  0.49856  0.0500  0.250
  543  1.850  -22.90  0.45470  0.0500  0.250
  544  1.850  -22.65  0.44354  0.0500  0.250
  545  1.900  -26.47  0.82706  0.0500  0.250
  546  1.900  -26.22  0.85224  0.0500  0.250
  547  1.900  -25.97  0.87477  0.0500  0.250
  548  1.900  -25.72  0.84095  0.0500  0.250
  549  1.900  -25.47  0.73589  0.0500  0.250
  550  1.900  -25.22  0.58953  0.0500  0.250
  551  1.900  -24.97  0.41348  0.0500  0.250
  552  1.900  -24.72  0.35075  0.0500  0.250
  553  1.900  -24.47  0.35676  0.0500  0.250
  554  1.900  -24.22  0.25781  0.0500  0.250
  555  1.900  -23.97  0.41695  0.0500  0.250
  556  1.900  -23.72  0.59356  0.0500  0.250
  557  1.900  -23.47  0.55915  0.0500  0.250
  558  1.900  -23.22  0.50134  0.0500  0.250
  559  1.900  -22.97  0.46618  0.0500  0.255
  560  1.900  -22.71  0.45353  0.0500  0.260
  561  1.950  -26.52  0.82789  0.0500  0.250
  562  1.950  -26.27  0.85309  0.0500  0.250
  563  1.950  -26.02  0.87564  0.0500  0.250
  564  1.950  -25.77  0.83927  0.0500  0.250
  565  1.950  -25.52  0.73886  0.0500  0.250
  566  1.950  -25.27  0.58893  0.0500  0.250
  567  1.950  -25.02  0.41182  0.0500  0.250
  568  1.950  -24.77  0.34898  0.0500  0.250
  569  1.950  -24.52  0.35676  0.0500  0.250
  570  1.950  -24.27  0.25912  0.0500  0.250
  571  1.950  -24.02  0.41738  0.0500  0.250
  572  1.950  -23.77  0.59296  0.0500  0.250
  573  1.950  -23.52  0.56374  0.0500  0.250
  574  1.950  -23.27  0.50134  0.0500  0.250
  575  1.950  -23.02  0.46409  0.0500  0.250
  576  1.950  -22.77  0.46300  0.0500  0.250
  577  2.000  -26.58  0.82872  0.0500  0.250
  578  2.000  -26.33  0.85395  0.0500  0.250
  579  2.000  -26.08  0.87302  0.0500  0.250
  580  2.000  -25.83  0.83590  0.0500  0.250
  581  2.000  -25.58  0.73812  0.0500  0.250
  582  2.000  -25.33  0.58834  0.0500  0.250
  583  2.000  -25.08  0.41390  0.0500  0.250
  584  2.000  -24.83  0.35181  0.0500  0.250
  585  2.000  -24.58  0.35605  0.0500  0.250
  586  2.000  -24.33  0.25964  0.0500  0.250
  587  2.000  -24.08  0.41611  0.0500  0.250
  588  2.000  -23.83  0.59417  0.0500  0.250
  589  2.000  -23.58  0.55858  0.0500  0.250
  590  2.000  -23.33  0.50411  0.0500  0.250
  591  2.000  -23.08  0.46566  0.0500  0.250
  592  2.000  -22.83  0.46037  0.0500  0.250
  593  2.050  -26.63  0.82291  0.0500  0.250
  594  2.050  -26.38  0.84796  0.0500  0.250
  595  2.050  -26.13  0.86776  0.0500  0.250
  596  2.050  -25.88  0.83338  0.0500  0.250
  597  2.050  -25.63  0.73589  0.0500  0.250
  598  2.050  -25.38  0.58538  0.0500  0.250
  599  2.050  -25.13  0.41432  0.0500  0.250
  600  2.050  -24.88  0.35075  0.0500  0.250
  601  2.050  -24.63  0.35354  0.0500  0.250
  602  2.050  -24.38  0.25729  0.0500  0.250
  603  2.050  -24.13  0.41569  0.0500  0.250
  604  2.050  -23.88  0.59175  0.0500  0.250
  605  2.050  -23.63  0.55400  0.0500  0.250
  606  2.050  -23.38  0.48857  0.0500  0.250
  607  2.050  -23.13  0.45366  0.0500  0.250
  608  2.050  -22.88  0.45248  0.0500  0.250
  609  2.100  -26.67  0.81294  0.0500  0.250
  610  2.100  -26.42  0.83769  0.0500  0.250
  611  2.100  -26.17  0.85988  0.0500  0.250
  612  2.100  -25.92  0.82664  0.0500  0.250
  613  2.100  -25.67  0.72035  0.0500  0.250
  614  2.100  -25.42  0.57946  0.0500  0.250
  615  2.100  -25.17  0.40807  0.0500  0.250
  616  2.100  -24.92  0.34226  0.0500  0.250
  617  2.100  -24.67  0.34744  0.0500  0.250
  618  2.100  -24.42  0.25389  0.0500  0.250
  619  2.100  -24.17  0.40092  0.0500  0.250
  620  2.100  -23.92  0.57848  0.0500  0.250
  621  2.100  -23.67  0.53967  0.0500  0.250
  622  2.100  -23.42  0.46081  0.0500  0.250
  623  2.100  -23.17  0.43280  0.0500  0.250
  624  2.100  -22.92  0.41670  0.0500  0.250
  625  2.150  -26.71  0.76727  0.0500  0.250
  626  2.150  -26.46  0.79063  0.0500  0.250
  627  2.150  -26.21  0.82486  0.0500  0.250
  628  2.150  -25.96  0.76603  0.0500  0.250
  629  2.150  -25.71  0.67667  0.0500  0.250
  630  2.150  -25.46  0.54395  0.0500  0.250
  631  2.150  -25.21  0.38392  0.0500  0.250
  632  2.150  -24.96  0.32069  0.0500  0.250
  633  2.150  -24.71  0.33095  0.0500  0.250
  634  2.150  -24.46  0.23639  0.0500  0.250
  635  2.150  -24.21  0.37771  0.0500  0.250
  636  2.150  -23.96  0.53686  0.0500  0.250
  637  2.150  -23.71  0.50301  0.0500  0.250
  638  2.150  -23.46  0.42861  0.0500  0.250
  639  2.150  -23.21  0.38848  0.0500  0.250
  640  2.150  -22.96  0.38040  0.0500  0.250
# dzs = [ 0.05]
# dmags = [ 0.25   0.255  0.26   0.265  0.27   0.275  0.28   0.285  0.29   0.295  0.3
#  0.305  0.31   0.315  0.32   0.325  0.33   0.335  0.34   0.345]
