# Selection function for SDSS Stripe 82 z~6 survey (Jiang et al. 2016, arXiv:1610.05369)
# provided by Linhua Jiang
# Tile dz and dmag set using tiling.py with z_tolerance = 0.0100 and mag_tolerance = 0.0010; see unique values at end of file.
# Tile sizes are non-uniform only at low redshift due to host-galaxy correction.
# counter   z   M1450   p   dz   dmag
    1  5.600  -27.30  0.00100  0.0500  0.100
    2  5.600  -27.20  0.00000  0.0500  0.100
    3  5.600  -27.10  0.00000  0.0500  0.100
    4  5.600  -27.00  0.00000  0.0500  0.100
    5  5.600  -26.90  0.00000  0.0500  0.100
    6  5.600  -26.80  0.00000  0.0500  0.100
    7  5.600  -26.70  0.00000  0.0500  0.100
    8  5.600  -26.60  0.00700  0.0500  0.100
    9  5.600  -26.50  0.00700  0.0500  0.100
   10  5.600  -26.40  0.00100  0.0500  0.100
   11  5.600  -26.30  0.00100  0.0500  0.100
   12  5.600  -26.20  0.00000  0.0500  0.100
   13  5.600  -26.10  0.00000  0.0500  0.100
   14  5.600  -26.00  0.00000  0.0500  0.100
   15  5.600  -25.90  0.00000  0.0500  0.100
   16  5.600  -25.80  0.00000  0.0500  0.100
   17  5.600  -25.70  0.00000  0.0500  0.100
   18  5.600  -25.60  0.00000  0.0500  0.100
   19  5.600  -25.50  0.00000  0.0500  0.100
   20  5.600  -25.40  0.00000  0.0500  0.100
   21  5.600  -25.30  0.00000  0.0500  0.100
   22  5.600  -25.20  0.00100  0.0500  0.100
   23  5.600  -25.10  0.00100  0.0500  0.100
   24  5.600  -25.00  0.00000  0.0500  0.100
   25  5.600  -24.90  0.00000  0.0500  0.100
   26  5.600  -24.80  0.00000  0.0500  0.100
   27  5.600  -24.70  0.00000  0.0500  0.100
   28  5.600  -24.60  0.00000  0.0500  0.100
   29  5.600  -24.50  0.00000  0.0500  0.100
   30  5.600  -24.40  0.00000  0.0500  0.100
   31  5.600  -24.30  0.00000  0.0500  0.100
   32  5.600  -24.20  0.00000  0.0500  0.100
   33  5.600  -24.10  0.00000  0.0500  0.100
   34  5.600  -24.00  0.00000  0.0500  0.100
   35  5.600  -23.90  0.00000  0.0500  0.100
   36  5.650  -27.30  0.00800  0.0500  0.100
   37  5.650  -27.20  0.01200  0.0500  0.100
   38  5.650  -27.10  0.00900  0.0500  0.100
   39  5.650  -27.00  0.00200  0.0500  0.100
   40  5.650  -26.90  0.00300  0.0500  0.100
   41  5.650  -26.80  0.00400  0.0500  0.100
   42  5.650  -26.70  0.00200  0.0500  0.100
   43  5.650  -26.60  0.00400  0.0500  0.100
   44  5.650  -26.50  0.00300  0.0500  0.100
   45  5.650  -26.40  0.00100  0.0500  0.100
   46  5.650  -26.30  0.00200  0.0500  0.100
   47  5.650  -26.20  0.00200  0.0500  0.100
   48  5.650  -26.10  0.00500  0.0500  0.100
   49  5.650  -26.00  0.00600  0.0500  0.100
   50  5.650  -25.90  0.00600  0.0500  0.100
   51  5.650  -25.80  0.00200  0.0500  0.100
   52  5.650  -25.70  0.00300  0.0500  0.100
   53  5.650  -25.60  0.00400  0.0500  0.100
   54  5.650  -25.50  0.00100  0.0500  0.100
   55  5.650  -25.40  0.00200  0.0500  0.100
   56  5.650  -25.30  0.00300  0.0500  0.100
   57  5.650  -25.20  0.00600  0.0500  0.100
   58  5.650  -25.10  0.01000  0.0500  0.100
   59  5.650  -25.00  0.00700  0.0500  0.100
   60  5.650  -24.90  0.00300  0.0500  0.100
   61  5.650  -24.80  0.00300  0.0500  0.100
   62  5.650  -24.70  0.00300  0.0500  0.100
   63  5.650  -24.60  0.00500  0.0500  0.100
   64  5.650  -24.50  0.00400  0.0500  0.100
   65  5.650  -24.40  0.00200  0.0500  0.100
   66  5.650  -24.30  0.00100  0.0500  0.100
   67  5.650  -24.20  0.00100  0.0500  0.100
   68  5.650  -24.10  0.00100  0.0500  0.100
   69  5.650  -24.00  0.00100  0.0500  0.100
   70  5.650  -23.90  0.00100  0.0500  0.100
   71  5.700  -27.30  0.14900  0.0500  0.100
   72  5.700  -27.20  0.18500  0.0500  0.100
   73  5.700  -27.10  0.17700  0.0500  0.100
   74  5.700  -27.00  0.14700  0.0500  0.100
   75  5.700  -26.90  0.13100  0.0500  0.100
   76  5.700  -26.80  0.13600  0.0500  0.100
   77  5.700  -26.70  0.13100  0.0500  0.100
   78  5.700  -26.60  0.11300  0.0500  0.100
   79  5.700  -26.50  0.11300  0.0500  0.100
   80  5.700  -26.40  0.11800  0.0500  0.100
   81  5.700  -26.30  0.12100  0.0500  0.100
   82  5.700  -26.20  0.11600  0.0500  0.100
   83  5.700  -26.10  0.10700  0.0500  0.100
   84  5.700  -26.00  0.08800  0.0500  0.100
   85  5.700  -25.90  0.09600  0.0500  0.100
   86  5.700  -25.80  0.11300  0.0500  0.100
   87  5.700  -25.70  0.09500  0.0500  0.100
   88  5.700  -25.60  0.07400  0.0500  0.100
   89  5.700  -25.50  0.07000  0.0500  0.100
   90  5.700  -25.40  0.07800  0.0500  0.100
   91  5.700  -25.30  0.09500  0.0500  0.100
   92  5.700  -25.20  0.09900  0.0500  0.100
   93  5.700  -25.10  0.09100  0.0500  0.100
   94  5.700  -25.00  0.09800  0.0500  0.100
   95  5.700  -24.90  0.11000  0.0500  0.100
   96  5.700  -24.80  0.10700  0.0500  0.100
   97  5.700  -24.70  0.09700  0.0500  0.100
   98  5.700  -24.60  0.08600  0.0500  0.100
   99  5.700  -24.50  0.07400  0.0500  0.100
  100  5.700  -24.40  0.04500  0.0500  0.100
  101  5.700  -24.30  0.02500  0.0500  0.100
  102  5.700  -24.20  0.01200  0.0500  0.100
  103  5.700  -24.10  0.00700  0.0500  0.100
  104  5.700  -24.00  0.00700  0.0500  0.100
  105  5.700  -23.90  0.00700  0.0500  0.100
  106  5.750  -27.30  0.61700  0.0500  0.100
  107  5.750  -27.20  0.66300  0.0500  0.100
  108  5.750  -27.10  0.63200  0.0500  0.100
  109  5.750  -27.00  0.58400  0.0500  0.100
  110  5.750  -26.90  0.58900  0.0500  0.100
  111  5.750  -26.80  0.59100  0.0500  0.100
  112  5.750  -26.70  0.58000  0.0500  0.100
  113  5.750  -26.60  0.58900  0.0500  0.100
  114  5.750  -26.50  0.57600  0.0500  0.100
  115  5.750  -26.40  0.56600  0.0500  0.100
  116  5.750  -26.30  0.56000  0.0500  0.100
  117  5.750  -26.20  0.54000  0.0500  0.100
  118  5.750  -26.10  0.55500  0.0500  0.100
  119  5.750  -26.00  0.53900  0.0500  0.100
  120  5.750  -25.90  0.52500  0.0500  0.100
  121  5.750  -25.80  0.52200  0.0500  0.100
  122  5.750  -25.70  0.52700  0.0500  0.100
  123  5.750  -25.60  0.51400  0.0500  0.100
  124  5.750  -25.50  0.46900  0.0500  0.100
  125  5.750  -25.40  0.46900  0.0500  0.100
  126  5.750  -25.30  0.49000  0.0500  0.100
  127  5.750  -25.20  0.47300  0.0500  0.100
  128  5.750  -25.10  0.46500  0.0500  0.100
  129  5.750  -25.00  0.48100  0.0500  0.100
  130  5.750  -24.90  0.45700  0.0500  0.100
  131  5.750  -24.80  0.44600  0.0500  0.100
  132  5.750  -24.70  0.43500  0.0500  0.100
  133  5.750  -24.60  0.38200  0.0500  0.100
  134  5.750  -24.50  0.31500  0.0500  0.100
  135  5.750  -24.40  0.22100  0.0500  0.100
  136  5.750  -24.30  0.12600  0.0500  0.100
  137  5.750  -24.20  0.06100  0.0500  0.100
  138  5.750  -24.10  0.02900  0.0500  0.100
  139  5.750  -24.00  0.02500  0.0500  0.100
  140  5.750  -23.90  0.02500  0.0500  0.100
  141  5.800  -27.30  0.97400  0.0500  0.100
  142  5.800  -27.20  0.97200  0.0500  0.100
  143  5.800  -27.10  0.96400  0.0500  0.100
  144  5.800  -27.00  0.96500  0.0500  0.100
  145  5.800  -26.90  0.96200  0.0500  0.100
  146  5.800  -26.80  0.96000  0.0500  0.100
  147  5.800  -26.70  0.95300  0.0500  0.100
  148  5.800  -26.60  0.95200  0.0500  0.100
  149  5.800  -26.50  0.95000  0.0500  0.100
  150  5.800  -26.40  0.95100  0.0500  0.100
  151  5.800  -26.30  0.94800  0.0500  0.100
  152  5.800  -26.20  0.93600  0.0500  0.100
  153  5.800  -26.10  0.93800  0.0500  0.100
  154  5.800  -26.00  0.94700  0.0500  0.100
  155  5.800  -25.90  0.94800  0.0500  0.100
  156  5.800  -25.80  0.93200  0.0500  0.100
  157  5.800  -25.70  0.92400  0.0500  0.100
  158  5.800  -25.60  0.92200  0.0500  0.100
  159  5.800  -25.50  0.89800  0.0500  0.100
  160  5.800  -25.40  0.87800  0.0500  0.100
  161  5.800  -25.30  0.87200  0.0500  0.100
  162  5.800  -25.20  0.87500  0.0500  0.100
  163  5.800  -25.10  0.87300  0.0500  0.100
  164  5.800  -25.00  0.85700  0.0500  0.100
  165  5.800  -24.90  0.82600  0.0500  0.100
  166  5.800  -24.80  0.80100  0.0500  0.100
  167  5.800  -24.70  0.78600  0.0500  0.100
  168  5.800  -24.60  0.72400  0.0500  0.100
  169  5.800  -24.50  0.57800  0.0500  0.100
  170  5.800  -24.40  0.39700  0.0500  0.100
  171  5.800  -24.30  0.23500  0.0500  0.100
  172  5.800  -24.20  0.11900  0.0500  0.100
  173  5.800  -24.10  0.06100  0.0500  0.100
  174  5.800  -24.00  0.04300  0.0500  0.100
  175  5.800  -23.90  0.04100  0.0500  0.100
  176  5.850  -27.30  1.00000  0.0500  0.100
  177  5.850  -27.20  1.00000  0.0500  0.100
  178  5.850  -27.10  1.00000  0.0500  0.100
  179  5.850  -27.00  1.00000  0.0500  0.100
  180  5.850  -26.90  1.00000  0.0500  0.100
  181  5.850  -26.80  1.00000  0.0500  0.100
  182  5.850  -26.70  1.00000  0.0500  0.100
  183  5.850  -26.60  1.00000  0.0500  0.100
  184  5.850  -26.50  1.00000  0.0500  0.100
  185  5.850  -26.40  1.00000  0.0500  0.100
  186  5.850  -26.30  1.00000  0.0500  0.100
  187  5.850  -26.20  1.00000  0.0500  0.100
  188  5.850  -26.10  1.00000  0.0500  0.100
  189  5.850  -26.00  0.99900  0.0500  0.100
  190  5.850  -25.90  0.99900  0.0500  0.100
  191  5.850  -25.80  0.99700  0.0500  0.100
  192  5.850  -25.70  0.99600  0.0500  0.100
  193  5.850  -25.60  0.99300  0.0500  0.100
  194  5.850  -25.50  0.98800  0.0500  0.100
  195  5.850  -25.40  0.98600  0.0500  0.100
  196  5.850  -25.30  0.98500  0.0500  0.100
  197  5.850  -25.20  0.98100  0.0500  0.100
  198  5.850  -25.10  0.97000  0.0500  0.100
  199  5.850  -25.00  0.96100  0.0500  0.100
  200  5.850  -24.90  0.95000  0.0500  0.100
  201  5.850  -24.80  0.92700  0.0500  0.100
  202  5.850  -24.70  0.89700  0.0500  0.100
  203  5.850  -24.60  0.81700  0.0500  0.100
  204  5.850  -24.50  0.68900  0.0500  0.100
  205  5.850  -24.40  0.47900  0.0500  0.100
  206  5.850  -24.30  0.27700  0.0500  0.100
  207  5.850  -24.20  0.13900  0.0500  0.100
  208  5.850  -24.10  0.07200  0.0500  0.100
  209  5.850  -24.00  0.05300  0.0500  0.100
  210  5.850  -23.90  0.05000  0.0500  0.100
  211  5.900  -27.30  1.00000  0.0500  0.100
  212  5.900  -27.20  1.00000  0.0500  0.100
  213  5.900  -27.10  1.00000  0.0500  0.100
  214  5.900  -27.00  1.00000  0.0500  0.100
  215  5.900  -26.90  1.00000  0.0500  0.100
  216  5.900  -26.80  1.00000  0.0500  0.100
  217  5.900  -26.70  1.00000  0.0500  0.100
  218  5.900  -26.60  1.00000  0.0500  0.100
  219  5.900  -26.50  1.00000  0.0500  0.100
  220  5.900  -26.40  1.00000  0.0500  0.100
  221  5.900  -26.30  1.00000  0.0500  0.100
  222  5.900  -26.20  1.00000  0.0500  0.100
  223  5.900  -26.10  1.00000  0.0500  0.100
  224  5.900  -26.00  1.00000  0.0500  0.100
  225  5.900  -25.90  1.00000  0.0500  0.100
  226  5.900  -25.80  0.99900  0.0500  0.100
  227  5.900  -25.70  0.99900  0.0500  0.100
  228  5.900  -25.60  0.99800  0.0500  0.100
  229  5.900  -25.50  0.99700  0.0500  0.100
  230  5.900  -25.40  0.99500  0.0500  0.100
  231  5.900  -25.30  0.99200  0.0500  0.100
  232  5.900  -25.20  0.98800  0.0500  0.100
  233  5.900  -25.10  0.98100  0.0500  0.100
  234  5.900  -25.00  0.97400  0.0500  0.100
  235  5.900  -24.90  0.96500  0.0500  0.100
  236  5.900  -24.80  0.94500  0.0500  0.100
  237  5.900  -24.70  0.89800  0.0500  0.100
  238  5.900  -24.60  0.79000  0.0500  0.100
  239  5.900  -24.50  0.66200  0.0500  0.100
  240  5.900  -24.40  0.45100  0.0500  0.100
  241  5.900  -24.30  0.25400  0.0500  0.100
  242  5.900  -24.20  0.13400  0.0500  0.100
  243  5.900  -24.10  0.06500  0.0500  0.100
  244  5.900  -24.00  0.05500  0.0500  0.100
  245  5.900  -23.90  0.05300  0.0500  0.100
  246  5.950  -27.30  1.00000  0.0500  0.100
  247  5.950  -27.20  1.00000  0.0500  0.100
  248  5.950  -27.10  1.00000  0.0500  0.100
  249  5.950  -27.00  1.00000  0.0500  0.100
  250  5.950  -26.90  1.00000  0.0500  0.100
  251  5.950  -26.80  1.00000  0.0500  0.100
  252  5.950  -26.70  1.00000  0.0500  0.100
  253  5.950  -26.60  1.00000  0.0500  0.100
  254  5.950  -26.50  1.00000  0.0500  0.100
  255  5.950  -26.40  1.00000  0.0500  0.100
  256  5.950  -26.30  1.00000  0.0500  0.100
  257  5.950  -26.20  1.00000  0.0500  0.100
  258  5.950  -26.10  1.00000  0.0500  0.100
  259  5.950  -26.00  1.00000  0.0500  0.100
  260  5.950  -25.90  0.99800  0.0500  0.100
  261  5.950  -25.80  0.99800  0.0500  0.100
  262  5.950  -25.70  0.99900  0.0500  0.100
  263  5.950  -25.60  0.99900  0.0500  0.100
  264  5.950  -25.50  0.99700  0.0500  0.100
  265  5.950  -25.40  0.99500  0.0500  0.100
  266  5.950  -25.30  0.99300  0.0500  0.100
  267  5.950  -25.20  0.98800  0.0500  0.100
  268  5.950  -25.10  0.98400  0.0500  0.100
  269  5.950  -25.00  0.97700  0.0500  0.100
  270  5.950  -24.90  0.96200  0.0500  0.100
  271  5.950  -24.80  0.93400  0.0500  0.100
  272  5.950  -24.70  0.87000  0.0500  0.100
  273  5.950  -24.60  0.71700  0.0500  0.100
  274  5.950  -24.50  0.56100  0.0500  0.100
  275  5.950  -24.40  0.36600  0.0500  0.100
  276  5.950  -24.30  0.19800  0.0500  0.100
  277  5.950  -24.20  0.10300  0.0500  0.100
  278  5.950  -24.10  0.06100  0.0500  0.100
  279  5.950  -24.00  0.05500  0.0500  0.100
  280  5.950  -23.90  0.05400  0.0500  0.100
  281  6.000  -27.30  1.00000  0.0500  0.100
  282  6.000  -27.20  1.00000  0.0500  0.100
  283  6.000  -27.10  1.00000  0.0500  0.100
  284  6.000  -27.00  1.00000  0.0500  0.100
  285  6.000  -26.90  1.00000  0.0500  0.100
  286  6.000  -26.80  1.00000  0.0500  0.100
  287  6.000  -26.70  1.00000  0.0500  0.100
  288  6.000  -26.60  1.00000  0.0500  0.100
  289  6.000  -26.50  1.00000  0.0500  0.100
  290  6.000  -26.40  1.00000  0.0500  0.100
  291  6.000  -26.30  1.00000  0.0500  0.100
  292  6.000  -26.20  1.00000  0.0500  0.100
  293  6.000  -26.10  1.00000  0.0500  0.100
  294  6.000  -26.00  0.99900  0.0500  0.100
  295  6.000  -25.90  0.99800  0.0500  0.100
  296  6.000  -25.80  0.99800  0.0500  0.100
  297  6.000  -25.70  0.99900  0.0500  0.100
  298  6.000  -25.60  0.99800  0.0500  0.100
  299  6.000  -25.50  0.99700  0.0500  0.100
  300  6.000  -25.40  0.99400  0.0500  0.100
  301  6.000  -25.30  0.99200  0.0500  0.100
  302  6.000  -25.20  0.98700  0.0500  0.100
  303  6.000  -25.10  0.98300  0.0500  0.100
  304  6.000  -25.00  0.97300  0.0500  0.100
  305  6.000  -24.90  0.94600  0.0500  0.100
  306  6.000  -24.80  0.89400  0.0500  0.100
  307  6.000  -24.70  0.78700  0.0500  0.100
  308  6.000  -24.60  0.61000  0.0500  0.100
  309  6.000  -24.50  0.44900  0.0500  0.100
  310  6.000  -24.40  0.26400  0.0500  0.100
  311  6.000  -24.30  0.13800  0.0500  0.100
  312  6.000  -24.20  0.07500  0.0500  0.100
  313  6.000  -24.10  0.06100  0.0500  0.100
  314  6.000  -24.00  0.05600  0.0500  0.100
  315  6.000  -23.90  0.05600  0.0500  0.100
  316  6.050  -27.30  0.99900  0.0500  0.100
  317  6.050  -27.20  1.00000  0.0500  0.100
  318  6.050  -27.10  1.00000  0.0500  0.100
  319  6.050  -27.00  0.99900  0.0500  0.100
  320  6.050  -26.90  0.99900  0.0500  0.100
  321  6.050  -26.80  1.00000  0.0500  0.100
  322  6.050  -26.70  1.00000  0.0500  0.100
  323  6.050  -26.60  1.00000  0.0500  0.100
  324  6.050  -26.50  1.00000  0.0500  0.100
  325  6.050  -26.40  1.00000  0.0500  0.100
  326  6.050  -26.30  0.99900  0.0500  0.100
  327  6.050  -26.20  0.99900  0.0500  0.100
  328  6.050  -26.10  0.99900  0.0500  0.100
  329  6.050  -26.00  0.99800  0.0500  0.100
  330  6.050  -25.90  0.99800  0.0500  0.100
  331  6.050  -25.80  0.99900  0.0500  0.100
  332  6.050  -25.70  0.99800  0.0500  0.100
  333  6.050  -25.60  0.99600  0.0500  0.100
  334  6.050  -25.50  0.99500  0.0500  0.100
  335  6.050  -25.40  0.99300  0.0500  0.100
  336  6.050  -25.30  0.98800  0.0500  0.100
  337  6.050  -25.20  0.98300  0.0500  0.100
  338  6.050  -25.10  0.97600  0.0500  0.100
  339  6.050  -25.00  0.95600  0.0500  0.100
  340  6.050  -24.90  0.91300  0.0500  0.100
  341  6.050  -24.80  0.80600  0.0500  0.100
  342  6.050  -24.70  0.64500  0.0500  0.100
  343  6.050  -24.60  0.46900  0.0500  0.100
  344  6.050  -24.50  0.31800  0.0500  0.100
  345  6.050  -24.40  0.17800  0.0500  0.100
  346  6.050  -24.30  0.10100  0.0500  0.100
  347  6.050  -24.20  0.06300  0.0500  0.100
  348  6.050  -24.10  0.05700  0.0500  0.100
  349  6.050  -24.00  0.05600  0.0500  0.100
  350  6.050  -23.90  0.05600  0.0500  0.100
  351  6.100  -27.30  0.99900  0.0500  0.100
  352  6.100  -27.20  1.00000  0.0500  0.100
  353  6.100  -27.10  0.99700  0.0500  0.100
  354  6.100  -27.00  0.99600  0.0500  0.100
  355  6.100  -26.90  0.99900  0.0500  0.100
  356  6.100  -26.80  0.99900  0.0500  0.100
  357  6.100  -26.70  0.99800  0.0500  0.100
  358  6.100  -26.60  0.99900  0.0500  0.100
  359  6.100  -26.50  1.00000  0.0500  0.100
  360  6.100  -26.40  1.00000  0.0500  0.100
  361  6.100  -26.30  0.99700  0.0500  0.100
  362  6.100  -26.20  0.99700  0.0500  0.100
  363  6.100  -26.10  0.99800  0.0500  0.100
  364  6.100  -26.00  0.99700  0.0500  0.100
  365  6.100  -25.90  0.99500  0.0500  0.100
  366  6.100  -25.80  0.99400  0.0500  0.100
  367  6.100  -25.70  0.99500  0.0500  0.100
  368  6.100  -25.60  0.99400  0.0500  0.100
  369  6.100  -25.50  0.99100  0.0500  0.100
  370  6.100  -25.40  0.98700  0.0500  0.100
  371  6.100  -25.30  0.98200  0.0500  0.100
  372  6.100  -25.20  0.97700  0.0500  0.100
  373  6.100  -25.10  0.95400  0.0500  0.100
  374  6.100  -25.00  0.90800  0.0500  0.100
  375  6.100  -24.90  0.83400  0.0500  0.100
  376  6.100  -24.80  0.68400  0.0500  0.100
  377  6.100  -24.70  0.51100  0.0500  0.100
  378  6.100  -24.60  0.31800  0.0500  0.100
  379  6.100  -24.50  0.18900  0.0500  0.100
  380  6.100  -24.40  0.11200  0.0500  0.100
  381  6.100  -24.30  0.07200  0.0500  0.100
  382  6.100  -24.20  0.05900  0.0500  0.100
  383  6.100  -24.10  0.05500  0.0500  0.100
  384  6.100  -24.00  0.05600  0.0500  0.100
  385  6.100  -23.90  0.05600  0.0500  0.100
  386  6.150  -27.30  0.99400  0.0500  0.100
  387  6.150  -27.20  0.99500  0.0500  0.100
  388  6.150  -27.10  0.99500  0.0500  0.100
  389  6.150  -27.00  0.99500  0.0500  0.100
  390  6.150  -26.90  0.99400  0.0500  0.100
  391  6.150  -26.80  0.99100  0.0500  0.100
  392  6.150  -26.70  0.99100  0.0500  0.100
  393  6.150  -26.60  0.99400  0.0500  0.100
  394  6.150  -26.50  0.99900  0.0500  0.100
  395  6.150  -26.40  0.99800  0.0500  0.100
  396  6.150  -26.30  0.99400  0.0500  0.100
  397  6.150  -26.20  0.99500  0.0500  0.100
  398  6.150  -26.10  0.99700  0.0500  0.100
  399  6.150  -26.00  0.99700  0.0500  0.100
  400  6.150  -25.90  0.99400  0.0500  0.100
  401  6.150  -25.80  0.99000  0.0500  0.100
  402  6.150  -25.70  0.98900  0.0500  0.100
  403  6.150  -25.60  0.98700  0.0500  0.100
  404  6.150  -25.50  0.98400  0.0500  0.100
  405  6.150  -25.40  0.97900  0.0500  0.100
  406  6.150  -25.30  0.96800  0.0500  0.100
  407  6.150  -25.20  0.94500  0.0500  0.100
  408  6.150  -25.10  0.89800  0.0500  0.100
  409  6.150  -25.00  0.83100  0.0500  0.100
  410  6.150  -24.90  0.69900  0.0500  0.100
  411  6.150  -24.80  0.51000  0.0500  0.100
  412  6.150  -24.70  0.34700  0.0500  0.100
  413  6.150  -24.60  0.19000  0.0500  0.100
  414  6.150  -24.50  0.10700  0.0500  0.100
  415  6.150  -24.40  0.07500  0.0500  0.100
  416  6.150  -24.30  0.05800  0.0500  0.100
  417  6.150  -24.20  0.05500  0.0500  0.100
  418  6.150  -24.10  0.05500  0.0500  0.100
  419  6.150  -24.00  0.05500  0.0500  0.100
  420  6.150  -23.90  0.05600  0.0500  0.100
  421  6.200  -27.30  0.98700  0.0500  0.100
  422  6.200  -27.20  0.98500  0.0500  0.100
  423  6.200  -27.10  0.98800  0.0500  0.100
  424  6.200  -27.00  0.98900  0.0500  0.100
  425  6.200  -26.90  0.98300  0.0500  0.100
  426  6.200  -26.80  0.98400  0.0500  0.100
  427  6.200  -26.70  0.98200  0.0500  0.100
  428  6.200  -26.60  0.98400  0.0500  0.100
  429  6.200  -26.50  0.98900  0.0500  0.100
  430  6.200  -26.40  0.99000  0.0500  0.100
  431  6.200  -26.30  0.98900  0.0500  0.100
  432  6.200  -26.20  0.98500  0.0500  0.100
  433  6.200  -26.10  0.98700  0.0500  0.100
  434  6.200  -26.00  0.99100  0.0500  0.100
  435  6.200  -25.90  0.98700  0.0500  0.100
  436  6.200  -25.80  0.97900  0.0500  0.100
  437  6.200  -25.70  0.97500  0.0500  0.100
  438  6.200  -25.60  0.97500  0.0500  0.100
  439  6.200  -25.50  0.97000  0.0500  0.100
  440  6.200  -25.40  0.95800  0.0500  0.100
  441  6.200  -25.30  0.93700  0.0500  0.100
  442  6.200  -25.20  0.88200  0.0500  0.100
  443  6.200  -25.10  0.78700  0.0500  0.100
  444  6.200  -25.00  0.67000  0.0500  0.100
  445  6.200  -24.90  0.51100  0.0500  0.100
  446  6.200  -24.80  0.32500  0.0500  0.100
  447  6.200  -24.70  0.19100  0.0500  0.100
  448  6.200  -24.60  0.10900  0.0500  0.100
  449  6.200  -24.50  0.06900  0.0500  0.100
  450  6.200  -24.40  0.05800  0.0500  0.100
  451  6.200  -24.30  0.05500  0.0500  0.100
  452  6.200  -24.20  0.05500  0.0500  0.100
  453  6.200  -24.10  0.05500  0.0500  0.100
  454  6.200  -24.00  0.05500  0.0500  0.100
  455  6.200  -23.90  0.05500  0.0500  0.100
  456  6.250  -27.30  0.97700  0.0500  0.100
  457  6.250  -27.20  0.97500  0.0500  0.100
  458  6.250  -27.10  0.96800  0.0500  0.100
  459  6.250  -27.00  0.96900  0.0500  0.100
  460  6.250  -26.90  0.96700  0.0500  0.100
  461  6.250  -26.80  0.96800  0.0500  0.100
  462  6.250  -26.70  0.96800  0.0500  0.100
  463  6.250  -26.60  0.97100  0.0500  0.100
  464  6.250  -26.50  0.97100  0.0500  0.100
  465  6.250  -26.40  0.97000  0.0500  0.100
  466  6.250  -26.30  0.96900  0.0500  0.100
  467  6.250  -26.20  0.96700  0.0500  0.100
  468  6.250  -26.10  0.96400  0.0500  0.100
  469  6.250  -26.00  0.96000  0.0500  0.100
  470  6.250  -25.90  0.96000  0.0500  0.100
  471  6.250  -25.80  0.95500  0.0500  0.100
  472  6.250  -25.70  0.95000  0.0500  0.100
  473  6.250  -25.60  0.95100  0.0500  0.100
  474  6.250  -25.50  0.94100  0.0500  0.100
  475  6.250  -25.40  0.90800  0.0500  0.100
  476  6.250  -25.30  0.85600  0.0500  0.100
  477  6.250  -25.20  0.76400  0.0500  0.100
  478  6.250  -25.10  0.63000  0.0500  0.100
  479  6.250  -25.00  0.46300  0.0500  0.100
  480  6.250  -24.90  0.28100  0.0500  0.100
  481  6.250  -24.80  0.16900  0.0500  0.100
  482  6.250  -24.70  0.10300  0.0500  0.100
  483  6.250  -24.60  0.06800  0.0500  0.100
  484  6.250  -24.50  0.05600  0.0500  0.100
  485  6.250  -24.40  0.05400  0.0500  0.100
  486  6.250  -24.30  0.05300  0.0500  0.100
  487  6.250  -24.20  0.05400  0.0500  0.100
  488  6.250  -24.10  0.05400  0.0500  0.100
  489  6.250  -24.00  0.05400  0.0500  0.100
  490  6.250  -23.90  0.05500  0.0500  0.100
  491  6.300  -27.30  0.92100  0.0500  0.100
  492  6.300  -27.20  0.92400  0.0500  0.100
  493  6.300  -27.10  0.91400  0.0500  0.100
  494  6.300  -27.00  0.92100  0.0500  0.100
  495  6.300  -26.90  0.92400  0.0500  0.100
  496  6.300  -26.80  0.91300  0.0500  0.100
  497  6.300  -26.70  0.91100  0.0500  0.100
  498  6.300  -26.60  0.91200  0.0500  0.100
  499  6.300  -26.50  0.92200  0.0500  0.100
  500  6.300  -26.40  0.92700  0.0500  0.100
  501  6.300  -26.30  0.92400  0.0500  0.100
  502  6.300  -26.20  0.92500  0.0500  0.100
  503  6.300  -26.10  0.92000  0.0500  0.100
  504  6.300  -26.00  0.90800  0.0500  0.100
  505  6.300  -25.90  0.90100  0.0500  0.100
  506  6.300  -25.80  0.89600  0.0500  0.100
  507  6.300  -25.70  0.89400  0.0500  0.100
  508  6.300  -25.60  0.89800  0.0500  0.100
  509  6.300  -25.50  0.85700  0.0500  0.100
  510  6.300  -25.40  0.81700  0.0500  0.100
  511  6.300  -25.30  0.73500  0.0500  0.100
  512  6.300  -25.20  0.55500  0.0500  0.100
  513  6.300  -25.10  0.41600  0.0500  0.100
  514  6.300  -25.00  0.26500  0.0500  0.100
  515  6.300  -24.90  0.13900  0.0500  0.100
  516  6.300  -24.80  0.09100  0.0500  0.100
  517  6.300  -24.70  0.06200  0.0500  0.100
  518  6.300  -24.60  0.05400  0.0500  0.100
  519  6.300  -24.50  0.05200  0.0500  0.100
  520  6.300  -24.40  0.05100  0.0500  0.100
  521  6.300  -24.30  0.05100  0.0500  0.100
  522  6.300  -24.20  0.05100  0.0500  0.100
  523  6.300  -24.10  0.05200  0.0500  0.100
  524  6.300  -24.00  0.05300  0.0500  0.100
  525  6.300  -23.90  0.05300  0.0500  0.100
  526  6.350  -27.30  0.80600  0.0500  0.100
  527  6.350  -27.20  0.81300  0.0500  0.100
  528  6.350  -27.10  0.80400  0.0500  0.100
  529  6.350  -27.00  0.81100  0.0500  0.100
  530  6.350  -26.90  0.83000  0.0500  0.100
  531  6.350  -26.80  0.82500  0.0500  0.100
  532  6.350  -26.70  0.80700  0.0500  0.100
  533  6.350  -26.60  0.81700  0.0500  0.100
  534  6.350  -26.50  0.84000  0.0500  0.100
  535  6.350  -26.40  0.84000  0.0500  0.100
  536  6.350  -26.30  0.82900  0.0500  0.100
  537  6.350  -26.20  0.83300  0.0500  0.100
  538  6.350  -26.10  0.83300  0.0500  0.100
  539  6.350  -26.00  0.81900  0.0500  0.100
  540  6.350  -25.90  0.82500  0.0500  0.100
  541  6.350  -25.80  0.80600  0.0500  0.100
  542  6.350  -25.70  0.79100  0.0500  0.100
  543  6.350  -25.60  0.79000  0.0500  0.100
  544  6.350  -25.50  0.72500  0.0500  0.100
  545  6.350  -25.40  0.64300  0.0500  0.100
  546  6.350  -25.30  0.50900  0.0500  0.100
  547  6.350  -25.20  0.32900  0.0500  0.100
  548  6.350  -25.10  0.21600  0.0500  0.100
  549  6.350  -25.00  0.11300  0.0500  0.100
  550  6.350  -24.90  0.07200  0.0500  0.100
  551  6.350  -24.80  0.05800  0.0500  0.100
  552  6.350  -24.70  0.04900  0.0500  0.100
  553  6.350  -24.60  0.04800  0.0500  0.100
  554  6.350  -24.50  0.04800  0.0500  0.100
  555  6.350  -24.40  0.04800  0.0500  0.100
  556  6.350  -24.30  0.04900  0.0500  0.100
  557  6.350  -24.20  0.04900  0.0500  0.100
  558  6.350  -24.10  0.04900  0.0500  0.100
  559  6.350  -24.00  0.05000  0.0500  0.100
  560  6.350  -23.90  0.05000  0.0500  0.100
  561  6.400  -27.30  0.65100  0.0500  0.100
  562  6.400  -27.20  0.66700  0.0500  0.100
  563  6.400  -27.10  0.67100  0.0500  0.100
  564  6.400  -27.00  0.68000  0.0500  0.100
  565  6.400  -26.90  0.68900  0.0500  0.100
  566  6.400  -26.80  0.69600  0.0500  0.100
  567  6.400  -26.70  0.70800  0.0500  0.100
  568  6.400  -26.60  0.70500  0.0500  0.100
  569  6.400  -26.50  0.71300  0.0500  0.100
  570  6.400  -26.40  0.70400  0.0500  0.100
  571  6.400  -26.30  0.68900  0.0500  0.100
  572  6.400  -26.20  0.70000  0.0500  0.100
  573  6.400  -26.10  0.71200  0.0500  0.100
  574  6.400  -26.00  0.71700  0.0500  0.100
  575  6.400  -25.90  0.71100  0.0500  0.100
  576  6.400  -25.80  0.68300  0.0500  0.100
  577  6.400  -25.70  0.66500  0.0500  0.100
  578  6.400  -25.60  0.62700  0.0500  0.100
  579  6.400  -25.50  0.56000  0.0500  0.100
  580  6.400  -25.40  0.43600  0.0500  0.100
  581  6.400  -25.30  0.29100  0.0500  0.100
  582  6.400  -25.20  0.17900  0.0500  0.100
  583  6.400  -25.10  0.09700  0.0500  0.100
  584  6.400  -25.00  0.05400  0.0500  0.100
  585  6.400  -24.90  0.04700  0.0500  0.100
  586  6.400  -24.80  0.04500  0.0500  0.100
  587  6.400  -24.70  0.04400  0.0500  0.100
  588  6.400  -24.60  0.04400  0.0500  0.100
  589  6.400  -24.50  0.04400  0.0500  0.100
  590  6.400  -24.40  0.04500  0.0500  0.100
  591  6.400  -24.30  0.04500  0.0500  0.100
  592  6.400  -24.20  0.04600  0.0500  0.100
  593  6.400  -24.10  0.04500  0.0500  0.100
  594  6.400  -24.00  0.04500  0.0500  0.100
  595  6.400  -23.90  0.04600  0.0500  0.100
  596  6.450  -27.30  0.46500  0.0500  0.100
  597  6.450  -27.20  0.47900  0.0500  0.100
  598  6.450  -27.10  0.50100  0.0500  0.100
  599  6.450  -27.00  0.51500  0.0500  0.100
  600  6.450  -26.90  0.51800  0.0500  0.100
  601  6.450  -26.80  0.50000  0.0500  0.100
  602  6.450  -26.70  0.51400  0.0500  0.100
  603  6.450  -26.60  0.53100  0.0500  0.100
  604  6.450  -26.50  0.54900  0.0500  0.100
  605  6.450  -26.40  0.54200  0.0500  0.100
  606  6.450  -26.30  0.53100  0.0500  0.100
  607  6.450  -26.20  0.55000  0.0500  0.100
  608  6.450  -26.10  0.55700  0.0500  0.100
  609  6.450  -26.00  0.57500  0.0500  0.100
  610  6.450  -25.90  0.56900  0.0500  0.100
  611  6.450  -25.80  0.53000  0.0500  0.100
  612  6.450  -25.70  0.50000  0.0500  0.100
  613  6.450  -25.60  0.44200  0.0500  0.100
  614  6.450  -25.50  0.36000  0.0500  0.100
  615  6.450  -25.40  0.23000  0.0500  0.100
  616  6.450  -25.30  0.14200  0.0500  0.100
  617  6.450  -25.20  0.09100  0.0500  0.100
  618  6.450  -25.10  0.05000  0.0500  0.100
  619  6.450  -25.00  0.03800  0.0500  0.100
  620  6.450  -24.90  0.03600  0.0500  0.100
  621  6.450  -24.80  0.03700  0.0500  0.100
  622  6.450  -24.70  0.03800  0.0500  0.100
  623  6.450  -24.60  0.03900  0.0500  0.100
  624  6.450  -24.50  0.03900  0.0500  0.100
  625  6.450  -24.40  0.03900  0.0500  0.100
  626  6.450  -24.30  0.03900  0.0500  0.100
  627  6.450  -24.20  0.04000  0.0500  0.100
  628  6.450  -24.10  0.04000  0.0500  0.100
  629  6.450  -24.00  0.04000  0.0500  0.100
  630  6.450  -23.90  0.04100  0.0500  0.100
  631  6.500  -27.30  0.26000  0.0500  0.100
  632  6.500  -27.20  0.27200  0.0500  0.100
  633  6.500  -27.10  0.29300  0.0500  0.100
  634  6.500  -27.00  0.31600  0.0500  0.100
  635  6.500  -26.90  0.32200  0.0500  0.100
  636  6.500  -26.80  0.32200  0.0500  0.100
  637  6.500  -26.70  0.32400  0.0500  0.100
  638  6.500  -26.60  0.31900  0.0500  0.100
  639  6.500  -26.50  0.34000  0.0500  0.100
  640  6.500  -26.40  0.37200  0.0500  0.100
  641  6.500  -26.30  0.37900  0.0500  0.100
  642  6.500  -26.20  0.39400  0.0500  0.100
  643  6.500  -26.10  0.40200  0.0500  0.100
  644  6.500  -26.00  0.40500  0.0500  0.100
  645  6.500  -25.90  0.40300  0.0500  0.100
  646  6.500  -25.80  0.38900  0.0500  0.100
  647  6.500  -25.70  0.34100  0.0500  0.100
  648  6.500  -25.60  0.25500  0.0500  0.100
  649  6.500  -25.50  0.17700  0.0500  0.100
  650  6.500  -25.40  0.11000  0.0500  0.100
  651  6.500  -25.30  0.05900  0.0500  0.100
  652  6.500  -25.20  0.03500  0.0500  0.100
  653  6.500  -25.10  0.02900  0.0500  0.100
  654  6.500  -25.00  0.02900  0.0500  0.100
  655  6.500  -24.90  0.03100  0.0500  0.100
  656  6.500  -24.80  0.03100  0.0500  0.100
  657  6.500  -24.70  0.03100  0.0500  0.100
  658  6.500  -24.60  0.03100  0.0500  0.100
  659  6.500  -24.50  0.03100  0.0500  0.100
  660  6.500  -24.40  0.03200  0.0500  0.100
  661  6.500  -24.30  0.03300  0.0500  0.100
  662  6.500  -24.20  0.03200  0.0500  0.100
  663  6.500  -24.10  0.03200  0.0500  0.100
  664  6.500  -24.00  0.03400  0.0500  0.100
  665  6.500  -23.90  0.03400  0.0500  0.100
  666  6.550  -27.30  0.12000  0.0500  0.100
  667  6.550  -27.20  0.12500  0.0500  0.100
  668  6.550  -27.10  0.13600  0.0500  0.100
  669  6.550  -27.00  0.14700  0.0500  0.100
  670  6.550  -26.90  0.15700  0.0500  0.100
  671  6.550  -26.80  0.16600  0.0500  0.100
  672  6.550  -26.70  0.18200  0.0500  0.100
  673  6.550  -26.60  0.18100  0.0500  0.100
  674  6.550  -26.50  0.19200  0.0500  0.100
  675  6.550  -26.40  0.22100  0.0500  0.100
  676  6.550  -26.30  0.24000  0.0500  0.100
  677  6.550  -26.20  0.25900  0.0500  0.100
  678  6.550  -26.10  0.26700  0.0500  0.100
  679  6.550  -26.00  0.25100  0.0500  0.100
  680  6.550  -25.90  0.23100  0.0500  0.100
  681  6.550  -25.80  0.21400  0.0500  0.100
  682  6.550  -25.70  0.17900  0.0500  0.100
  683  6.550  -25.60  0.11800  0.0500  0.100
  684  6.550  -25.50  0.07300  0.0500  0.100
  685  6.550  -25.40  0.04400  0.0500  0.100
  686  6.550  -25.30  0.02400  0.0500  0.100
  687  6.550  -25.20  0.02100  0.0500  0.100
  688  6.550  -25.10  0.02100  0.0500  0.100
  689  6.550  -25.00  0.02300  0.0500  0.100
  690  6.550  -24.90  0.02300  0.0500  0.100
  691  6.550  -24.80  0.02300  0.0500  0.100
  692  6.550  -24.70  0.02300  0.0500  0.100
  693  6.550  -24.60  0.02300  0.0500  0.100
  694  6.550  -24.50  0.02400  0.0500  0.100
  695  6.550  -24.40  0.02500  0.0500  0.100
  696  6.550  -24.30  0.02500  0.0500  0.100
  697  6.550  -24.20  0.02400  0.0500  0.100
  698  6.550  -24.10  0.02400  0.0500  0.100
  699  6.550  -24.00  0.02500  0.0500  0.100
  700  6.550  -23.90  0.02700  0.0500  0.100
  701  6.600  -27.30  0.07100  0.0500  0.100
  702  6.600  -27.20  0.07200  0.0500  0.100
  703  6.600  -27.10  0.08900  0.0500  0.100
  704  6.600  -27.00  0.09500  0.0500  0.100
  705  6.600  -26.90  0.08500  0.0500  0.100
  706  6.600  -26.80  0.09100  0.0500  0.100
  707  6.600  -26.70  0.12900  0.0500  0.100
  708  6.600  -26.60  0.13100  0.0500  0.100
  709  6.600  -26.50  0.13500  0.0500  0.100
  710  6.600  -26.40  0.16000  0.0500  0.100
  711  6.600  -26.30  0.18100  0.0500  0.100
  712  6.600  -26.20  0.19100  0.0500  0.100
  713  6.600  -26.10  0.18400  0.0500  0.100
  714  6.600  -26.00  0.18500  0.0500  0.100
  715  6.600  -25.90  0.16800  0.0500  0.100
  716  6.600  -25.80  0.12800  0.0500  0.100
  717  6.600  -25.70  0.09500  0.0500  0.100
  718  6.600  -25.60  0.05400  0.0500  0.100
  719  6.600  -25.50  0.03000  0.0500  0.100
  720  6.600  -25.40  0.01900  0.0500  0.100
  721  6.600  -25.30  0.01700  0.0500  0.100
  722  6.600  -25.20  0.01700  0.0500  0.100
  723  6.600  -25.10  0.01800  0.0500  0.100
  724  6.600  -25.00  0.01900  0.0500  0.100
  725  6.600  -24.90  0.01900  0.0500  0.100
  726  6.600  -24.80  0.01800  0.0500  0.100
  727  6.600  -24.70  0.01800  0.0500  0.100
  728  6.600  -24.60  0.01800  0.0500  0.100
  729  6.600  -24.50  0.02000  0.0500  0.100
  730  6.600  -24.40  0.02100  0.0500  0.100
  731  6.600  -24.30  0.02100  0.0500  0.100
  732  6.600  -24.20  0.02100  0.0500  0.100
  733  6.600  -24.10  0.02100  0.0500  0.100
  734  6.600  -24.00  0.02100  0.0500  0.100
  735  6.600  -23.90  0.02300  0.0500  0.100
# dzs = [ 0.05]
# dmags = [ 0.1]
