# SDSS DR7 selection function from McGreer et al. (2013)
# corrected for cosmology in M1450
# corrected for photometric and spectroscopic incompleteness
# this is only for the riz inclusion box and not for griz stellar locus outlier selection
# -> maybe not trustworthy at z<4.6, Richards et al. selection function is ~1 but McGreer's is ~0
# Tile dz and dmag set using tiling.py with z_tolerance = 0.0100 and mag_tolerance = 0.0010; see unique values at end of file.
# Tile sizes are non-uniform only a low redshift due to host-galaxy correction.
# counter   z   M1450   p   dz   dmag 
    1  4.525  -29.78  0.00000  0.0500  0.100
    2  4.525  -29.68  0.00000  0.0500  0.100
    3  4.525  -29.58  0.00000  0.0500  0.100
    4  4.525  -29.48  0.00000  0.0500  0.100
    5  4.525  -29.38  0.00000  0.0500  0.100
    6  4.525  -29.28  0.00451  0.0500  0.100
    7  4.525  -29.18  0.00000  0.0500  0.100
    8  4.525  -29.08  0.00451  0.0500  0.100
    9  4.525  -28.98  0.00451  0.0500  0.100
   10  4.525  -28.88  0.00451  0.0500  0.100
   11  4.525  -28.78  0.00000  0.0500  0.100
   12  4.525  -28.68  0.00451  0.0500  0.100
   13  4.525  -28.58  0.00451  0.0500  0.100
   14  4.525  -28.48  0.04513  0.0500  0.100
   15  4.525  -28.38  0.04513  0.0500  0.100
   16  4.525  -28.28  0.09928  0.0500  0.100
   17  4.525  -28.18  0.11281  0.0500  0.100
   18  4.525  -28.08  0.12635  0.0500  0.100
   19  4.525  -27.98  0.14440  0.0500  0.100
   20  4.525  -27.88  0.14891  0.0500  0.100
   21  4.525  -27.78  0.11732  0.0500  0.100
   22  4.525  -27.68  0.14891  0.0500  0.100
   23  4.525  -27.58  0.11732  0.0500  0.100
   24  4.525  -27.48  0.13989  0.0500  0.100
   25  4.525  -27.38  0.13538  0.0500  0.100
   26  4.525  -27.28  0.13538  0.0500  0.100
   27  4.525  -27.18  0.13086  0.0500  0.100
   28  4.525  -27.08  0.16245  0.0500  0.100
   29  4.525  -26.98  0.11281  0.0500  0.100
   30  4.525  -26.88  0.12635  0.0500  0.100
   31  4.525  -26.78  0.10379  0.0500  0.100
   32  4.525  -26.68  0.13086  0.0500  0.100
   33  4.525  -26.58  0.11281  0.0500  0.100
   34  4.525  -26.48  0.13086  0.0500  0.100
   35  4.525  -26.38  0.15343  0.0500  0.100
   36  4.525  -26.28  0.15794  0.0500  0.100
   37  4.525  -26.18  0.13989  0.0500  0.100
   38  4.525  -26.08  0.11732  0.0500  0.100
   39  4.525  -25.98  0.14891  0.0500  0.100
   40  4.525  -25.88  0.18050  0.0500  0.100
   41  4.525  -25.78  0.17147  0.0500  0.100
   42  4.525  -25.68  0.02256  0.0500  0.100
   43  4.525  -25.58  0.00451  0.0500  0.100
   44  4.525  -25.48  0.00451  0.0500  0.100
   45  4.525  -25.38  0.00000  0.0500  0.100
   46  4.525  -25.28  0.00000  0.0500  0.100
   47  4.525  -25.18  0.00000  0.0500  0.100
   48  4.525  -25.08  0.00000  0.0500  0.100
   49  4.525  -24.98  0.00000  0.0500  0.100
   50  4.525  -24.88  0.00000  0.0500  0.100
   51  4.525  -24.78  0.00000  0.0500  0.100
   52  4.525  -24.68  0.00000  0.0500  0.100
   53  4.525  -24.58  0.00000  0.0500  0.100
   54  4.575  -29.78  0.00000  0.0500  0.100
   55  4.575  -29.68  0.00451  0.0500  0.100
   56  4.575  -29.58  0.00000  0.0500  0.100
   57  4.575  -29.48  0.00000  0.0500  0.100
   58  4.575  -29.38  0.00000  0.0500  0.100
   59  4.575  -29.28  0.00451  0.0500  0.100
   60  4.575  -29.18  0.00451  0.0500  0.100
   61  4.575  -29.08  0.00451  0.0500  0.100
   62  4.575  -28.98  0.02256  0.0500  0.100
   63  4.575  -28.88  0.05866  0.0500  0.100
   64  4.575  -28.78  0.11732  0.0500  0.100
   65  4.575  -28.68  0.14891  0.0500  0.100
   66  4.575  -28.58  0.27977  0.0500  0.100
   67  4.575  -28.48  0.28429  0.0500  0.100
   68  4.575  -28.38  0.32941  0.0500  0.100
   69  4.575  -28.28  0.35649  0.0500  0.100
   70  4.575  -28.18  0.55504  0.0500  0.100
   71  4.575  -28.08  0.57309  0.0500  0.100
   72  4.575  -27.98  0.50540  0.0500  0.100
   73  4.575  -27.88  0.51894  0.0500  0.100
   74  4.575  -27.78  0.60919  0.0500  0.100
   75  4.575  -27.68  0.57309  0.0500  0.100
   76  4.575  -27.58  0.61370  0.0500  0.100
   77  4.575  -27.48  0.60016  0.0500  0.100
   78  4.575  -27.38  0.54150  0.0500  0.100
   79  4.575  -27.28  0.54150  0.0500  0.100
   80  4.575  -27.18  0.57309  0.0500  0.100
   81  4.575  -27.08  0.53247  0.0500  0.100
   82  4.575  -26.98  0.53699  0.0500  0.100
   83  4.575  -26.88  0.42417  0.0500  0.100
   84  4.575  -26.78  0.48735  0.0500  0.100
   85  4.575  -26.68  0.55955  0.0500  0.100
   86  4.575  -26.58  0.51442  0.0500  0.100
   87  4.575  -26.48  0.44674  0.0500  0.100
   88  4.575  -26.38  0.47381  0.0500  0.100
   89  4.575  -26.28  0.50089  0.0500  0.100
   90  4.575  -26.18  0.43320  0.0500  0.100
   91  4.575  -26.08  0.41966  0.0500  0.100
   92  4.575  -25.98  0.43320  0.0500  0.100
   93  4.575  -25.88  0.45125  0.0500  0.100
   94  4.575  -25.78  0.32490  0.0500  0.100
   95  4.575  -25.68  0.05415  0.0500  0.100
   96  4.575  -25.58  0.01354  0.0500  0.100
   97  4.575  -25.48  0.00451  0.0500  0.100
   98  4.575  -25.38  0.00000  0.0500  0.100
   99  4.575  -25.28  0.00000  0.0500  0.100
  100  4.575  -25.18  0.00000  0.0500  0.100
  101  4.575  -25.08  0.00000  0.0500  0.100
  102  4.575  -24.98  0.00000  0.0500  0.100
  103  4.575  -24.88  0.00000  0.0500  0.100
  104  4.575  -24.78  0.00000  0.0500  0.100
  105  4.575  -24.68  0.00000  0.0500  0.100
  106  4.575  -24.58  0.00000  0.0500  0.100
  107  4.625  -29.78  0.00903  0.0500  0.100
  108  4.625  -29.68  0.00451  0.0500  0.100
  109  4.625  -29.58  0.01354  0.0500  0.100
  110  4.625  -29.48  0.02708  0.0500  0.100
  111  4.625  -29.38  0.03159  0.0500  0.100
  112  4.625  -29.28  0.04061  0.0500  0.100
  113  4.625  -29.18  0.08123  0.0500  0.100
  114  4.625  -29.08  0.12635  0.0500  0.100
  115  4.625  -28.98  0.20758  0.0500  0.100
  116  4.625  -28.88  0.30234  0.0500  0.100
  117  4.625  -28.78  0.32490  0.0500  0.100
  118  4.625  -28.68  0.43771  0.0500  0.100
  119  4.625  -28.58  0.53247  0.0500  0.100
  120  4.625  -28.48  0.60016  0.0500  0.100
  121  4.625  -28.38  0.65883  0.0500  0.100
  122  4.625  -28.28  0.72200  0.0500  0.100
  123  4.625  -28.18  0.80322  0.0500  0.100
  124  4.625  -28.08  0.81225  0.0500  0.100
  125  4.625  -27.98  0.81225  0.0500  0.100
  126  4.625  -27.88  0.82579  0.0500  0.100
  127  4.625  -27.78  0.83030  0.0500  0.100
  128  4.625  -27.68  0.84835  0.0500  0.100
  129  4.625  -27.58  0.84835  0.0500  0.100
  130  4.625  -27.48  0.85286  0.0500  0.100
  131  4.625  -27.38  0.82127  0.0500  0.100
  132  4.625  -27.28  0.83030  0.0500  0.100
  133  4.625  -27.18  0.83030  0.0500  0.100
  134  4.625  -27.08  0.80322  0.0500  0.100
  135  4.625  -26.98  0.80774  0.0500  0.100
  136  4.625  -26.88  0.78969  0.0500  0.100
  137  4.625  -26.78  0.75810  0.0500  0.100
  138  4.625  -26.68  0.77615  0.0500  0.100
  139  4.625  -26.58  0.80774  0.0500  0.100
  140  4.625  -26.48  0.73554  0.0500  0.100
  141  4.625  -26.38  0.72200  0.0500  0.100
  142  4.625  -26.28  0.74907  0.0500  0.100
  143  4.625  -26.18  0.75359  0.0500  0.100
  144  4.625  -26.08  0.74907  0.0500  0.100
  145  4.625  -25.98  0.62273  0.0500  0.100
  146  4.625  -25.88  0.64077  0.0500  0.100
  147  4.625  -25.78  0.52345  0.0500  0.100
  148  4.625  -25.68  0.22111  0.0500  0.100
  149  4.625  -25.58  0.00451  0.0500  0.100
  150  4.625  -25.48  0.00451  0.0500  0.100
  151  4.625  -25.38  0.00000  0.0500  0.100
  152  4.625  -25.28  0.00000  0.0500  0.100
  153  4.625  -25.18  0.00451  0.0500  0.100
  154  4.625  -25.08  0.00000  0.0500  0.100
  155  4.625  -24.98  0.00000  0.0500  0.100
  156  4.625  -24.88  0.00000  0.0500  0.100
  157  4.625  -24.78  0.00000  0.0500  0.100
  158  4.625  -24.68  0.00000  0.0500  0.100
  159  4.625  -24.58  0.00000  0.0500  0.100
  160  4.675  -29.78  0.01354  0.0500  0.100
  161  4.675  -29.68  0.07220  0.0500  0.100
  162  4.675  -29.58  0.06318  0.0500  0.100
  163  4.675  -29.48  0.09928  0.0500  0.100
  164  4.675  -29.38  0.18501  0.0500  0.100
  165  4.675  -29.28  0.24819  0.0500  0.100
  166  4.675  -29.18  0.34295  0.0500  0.100
  167  4.675  -29.08  0.39710  0.0500  0.100
  168  4.675  -28.98  0.53247  0.0500  0.100
  169  4.675  -28.88  0.54601  0.0500  0.100
  170  4.675  -28.78  0.60467  0.0500  0.100
  171  4.675  -28.68  0.64529  0.0500  0.100
  172  4.675  -28.58  0.69944  0.0500  0.100
  173  4.675  -28.48  0.77615  0.0500  0.100
  174  4.675  -28.38  0.80774  0.0500  0.100
  175  4.675  -28.28  0.80774  0.0500  0.100
  176  4.675  -28.18  0.87091  0.0500  0.100
  177  4.675  -28.08  0.87091  0.0500  0.100
  178  4.675  -27.98  0.88445  0.0500  0.100
  179  4.675  -27.88  0.87994  0.0500  0.100
  180  4.675  -27.78  0.89347  0.0500  0.100
  181  4.675  -27.68  0.87994  0.0500  0.100
  182  4.675  -27.58  0.88896  0.0500  0.100
  183  4.675  -27.48  0.89347  0.0500  0.100
  184  4.675  -27.38  0.86640  0.0500  0.100
  185  4.675  -27.28  0.87994  0.0500  0.100
  186  4.675  -27.18  0.87543  0.0500  0.100
  187  4.675  -27.08  0.87543  0.0500  0.100
  188  4.675  -26.98  0.87543  0.0500  0.100
  189  4.675  -26.88  0.89799  0.0500  0.100
  190  4.675  -26.78  0.85737  0.0500  0.100
  191  4.675  -26.68  0.83933  0.0500  0.100
  192  4.675  -26.58  0.84835  0.0500  0.100
  193  4.675  -26.48  0.84835  0.0500  0.100
  194  4.675  -26.38  0.86640  0.0500  0.100
  195  4.675  -26.28  0.83481  0.0500  0.100
  196  4.675  -26.18  0.82127  0.0500  0.100
  197  4.675  -26.08  0.82579  0.0500  0.100
  198  4.675  -25.98  0.80322  0.0500  0.100
  199  4.675  -25.88  0.81225  0.0500  0.100
  200  4.675  -25.78  0.54601  0.0500  0.100
  201  4.675  -25.68  0.25270  0.0500  0.100
  202  4.675  -25.58  0.02256  0.0500  0.100
  203  4.675  -25.48  0.01805  0.0500  0.100
  204  4.675  -25.38  0.00000  0.0500  0.100
  205  4.675  -25.28  0.00000  0.0500  0.100
  206  4.675  -25.18  0.00000  0.0500  0.100
  207  4.675  -25.08  0.00000  0.0500  0.100
  208  4.675  -24.98  0.00000  0.0500  0.100
  209  4.675  -24.88  0.00000  0.0500  0.100
  210  4.675  -24.78  0.00000  0.0500  0.100
  211  4.675  -24.68  0.00000  0.0500  0.100
  212  4.675  -24.58  0.00000  0.0500  0.100
  213  4.725  -29.78  0.23014  0.0500  0.100
  214  4.725  -29.68  0.26624  0.0500  0.100
  215  4.725  -29.58  0.29331  0.0500  0.100
  216  4.725  -29.48  0.32490  0.0500  0.100
  217  4.725  -29.38  0.42869  0.0500  0.100
  218  4.725  -29.28  0.59114  0.0500  0.100
  219  4.725  -29.18  0.57309  0.0500  0.100
  220  4.725  -29.08  0.61370  0.0500  0.100
  221  4.725  -28.98  0.67236  0.0500  0.100
  222  4.725  -28.88  0.68590  0.0500  0.100
  223  4.725  -28.78  0.74005  0.0500  0.100
  224  4.725  -28.68  0.82127  0.0500  0.100
  225  4.725  -28.58  0.83933  0.0500  0.100
  226  4.725  -28.48  0.84384  0.0500  0.100
  227  4.725  -28.38  0.86640  0.0500  0.100
  228  4.725  -28.28  0.87091  0.0500  0.100
  229  4.725  -28.18  0.88445  0.0500  0.100
  230  4.725  -28.08  0.87543  0.0500  0.100
  231  4.725  -27.98  0.89347  0.0500  0.100
  232  4.725  -27.88  0.88896  0.0500  0.100
  233  4.725  -27.78  0.88896  0.0500  0.100
  234  4.725  -27.68  0.88896  0.0500  0.100
  235  4.725  -27.58  0.88896  0.0500  0.100
  236  4.725  -27.48  0.87994  0.0500  0.100
  237  4.725  -27.38  0.88445  0.0500  0.100
  238  4.725  -27.28  0.89347  0.0500  0.100
  239  4.725  -27.18  0.87994  0.0500  0.100
  240  4.725  -27.08  0.86640  0.0500  0.100
  241  4.725  -26.98  0.88445  0.0500  0.100
  242  4.725  -26.88  0.89799  0.0500  0.100
  243  4.725  -26.78  0.87543  0.0500  0.100
  244  4.725  -26.68  0.87543  0.0500  0.100
  245  4.725  -26.58  0.85737  0.0500  0.100
  246  4.725  -26.48  0.89347  0.0500  0.100
  247  4.725  -26.38  0.87543  0.0500  0.100
  248  4.725  -26.28  0.84384  0.0500  0.100
  249  4.725  -26.18  0.84835  0.0500  0.100
  250  4.725  -26.08  0.82579  0.0500  0.100
  251  4.725  -25.98  0.85737  0.0500  0.100
  252  4.725  -25.88  0.76261  0.0500  0.100
  253  4.725  -25.78  0.64529  0.0500  0.100
  254  4.725  -25.68  0.18952  0.0500  0.100
  255  4.725  -25.58  0.04964  0.0500  0.100
  256  4.725  -25.48  0.00000  0.0500  0.100
  257  4.725  -25.38  0.00000  0.0500  0.100
  258  4.725  -25.28  0.00000  0.0500  0.100
  259  4.725  -25.18  0.00000  0.0500  0.100
  260  4.725  -25.08  0.00000  0.0500  0.100
  261  4.725  -24.98  0.00000  0.0500  0.100
  262  4.725  -24.88  0.00000  0.0500  0.100
  263  4.725  -24.78  0.00000  0.0500  0.100
  264  4.725  -24.68  0.00000  0.0500  0.100
  265  4.725  -24.58  0.00000  0.0500  0.100
  266  4.775  -29.78  0.46930  0.0500  0.100
  267  4.775  -29.68  0.49186  0.0500  0.100
  268  4.775  -29.58  0.55504  0.0500  0.100
  269  4.775  -29.48  0.61370  0.0500  0.100
  270  4.775  -29.38  0.63626  0.0500  0.100
  271  4.775  -29.28  0.65883  0.0500  0.100
  272  4.775  -29.18  0.73102  0.0500  0.100
  273  4.775  -29.08  0.76261  0.0500  0.100
  274  4.775  -28.98  0.78518  0.0500  0.100
  275  4.775  -28.88  0.83933  0.0500  0.100
  276  4.775  -28.78  0.82579  0.0500  0.100
  277  4.775  -28.68  0.83933  0.0500  0.100
  278  4.775  -28.58  0.85737  0.0500  0.100
  279  4.775  -28.48  0.87091  0.0500  0.100
  280  4.775  -28.38  0.86640  0.0500  0.100
  281  4.775  -28.28  0.87091  0.0500  0.100
  282  4.775  -28.18  0.86640  0.0500  0.100
  283  4.775  -28.08  0.88896  0.0500  0.100
  284  4.775  -27.98  0.87994  0.0500  0.100
  285  4.775  -27.88  0.87994  0.0500  0.100
  286  4.775  -27.78  0.88445  0.0500  0.100
  287  4.775  -27.68  0.89799  0.0500  0.100
  288  4.775  -27.58  0.89347  0.0500  0.100
  289  4.775  -27.48  0.88896  0.0500  0.100
  290  4.775  -27.38  0.89799  0.0500  0.100
  291  4.775  -27.28  0.87091  0.0500  0.100
  292  4.775  -27.18  0.85737  0.0500  0.100
  293  4.775  -27.08  0.87543  0.0500  0.100
  294  4.775  -26.98  0.87091  0.0500  0.100
  295  4.775  -26.88  0.87543  0.0500  0.100
  296  4.775  -26.78  0.85286  0.0500  0.100
  297  4.775  -26.68  0.85737  0.0500  0.100
  298  4.775  -26.58  0.85737  0.0500  0.100
  299  4.775  -26.48  0.87543  0.0500  0.100
  300  4.775  -26.38  0.83481  0.0500  0.100
  301  4.775  -26.28  0.87543  0.0500  0.100
  302  4.775  -26.18  0.87543  0.0500  0.100
  303  4.775  -26.08  0.84835  0.0500  0.100
  304  4.775  -25.98  0.84835  0.0500  0.100
  305  4.775  -25.88  0.74456  0.0500  0.100
  306  4.775  -25.78  0.50089  0.0500  0.100
  307  4.775  -25.68  0.15794  0.0500  0.100
  308  4.775  -25.58  0.01805  0.0500  0.100
  309  4.775  -25.48  0.00451  0.0500  0.100
  310  4.775  -25.38  0.00000  0.0500  0.100
  311  4.775  -25.28  0.00000  0.0500  0.100
  312  4.775  -25.18  0.00000  0.0500  0.100
  313  4.775  -25.08  0.00000  0.0500  0.100
  314  4.775  -24.98  0.00000  0.0500  0.100
  315  4.775  -24.88  0.00000  0.0500  0.100
  316  4.775  -24.78  0.00000  0.0500  0.100
  317  4.775  -24.68  0.00000  0.0500  0.100
  318  4.775  -24.58  0.00000  0.0500  0.100
  319  4.825  -29.78  0.57309  0.0500  0.100
  320  4.825  -29.68  0.63626  0.0500  0.100
  321  4.825  -29.58  0.68139  0.0500  0.100
  322  4.825  -29.48  0.68139  0.0500  0.100
  323  4.825  -29.38  0.67236  0.0500  0.100
  324  4.825  -29.28  0.77615  0.0500  0.100
  325  4.825  -29.18  0.77164  0.0500  0.100
  326  4.825  -29.08  0.80774  0.0500  0.100
  327  4.825  -28.98  0.78969  0.0500  0.100
  328  4.825  -28.88  0.81676  0.0500  0.100
  329  4.825  -28.78  0.82579  0.0500  0.100
  330  4.825  -28.68  0.83481  0.0500  0.100
  331  4.825  -28.58  0.87994  0.0500  0.100
  332  4.825  -28.48  0.86640  0.0500  0.100
  333  4.825  -28.38  0.84384  0.0500  0.100
  334  4.825  -28.28  0.87091  0.0500  0.100
  335  4.825  -28.18  0.86640  0.0500  0.100
  336  4.825  -28.08  0.87543  0.0500  0.100
  337  4.825  -27.98  0.88445  0.0500  0.100
  338  4.825  -27.88  0.87994  0.0500  0.100
  339  4.825  -27.78  0.85737  0.0500  0.100
  340  4.825  -27.68  0.85286  0.0500  0.100
  341  4.825  -27.58  0.86189  0.0500  0.100
  342  4.825  -27.48  0.87994  0.0500  0.100
  343  4.825  -27.38  0.83481  0.0500  0.100
  344  4.825  -27.28  0.83933  0.0500  0.100
  345  4.825  -27.18  0.86189  0.0500  0.100
  346  4.825  -27.08  0.84384  0.0500  0.100
  347  4.825  -26.98  0.85737  0.0500  0.100
  348  4.825  -26.88  0.83481  0.0500  0.100
  349  4.825  -26.78  0.84835  0.0500  0.100
  350  4.825  -26.68  0.86189  0.0500  0.100
  351  4.825  -26.58  0.80774  0.0500  0.100
  352  4.825  -26.48  0.84384  0.0500  0.100
  353  4.825  -26.38  0.84835  0.0500  0.100
  354  4.825  -26.28  0.84384  0.0500  0.100
  355  4.825  -26.18  0.83933  0.0500  0.100
  356  4.825  -26.08  0.79871  0.0500  0.100
  357  4.825  -25.98  0.74456  0.0500  0.100
  358  4.825  -25.88  0.56406  0.0500  0.100
  359  4.825  -25.78  0.25270  0.0500  0.100
  360  4.825  -25.68  0.08574  0.0500  0.100
  361  4.825  -25.58  0.01805  0.0500  0.100
  362  4.825  -25.48  0.00000  0.0500  0.100
  363  4.825  -25.38  0.00000  0.0500  0.100
  364  4.825  -25.28  0.00000  0.0500  0.100
  365  4.825  -25.18  0.00000  0.0500  0.100
  366  4.825  -25.08  0.00000  0.0500  0.100
  367  4.825  -24.98  0.00000  0.0500  0.100
  368  4.825  -24.88  0.00000  0.0500  0.100
  369  4.825  -24.78  0.00000  0.0500  0.100
  370  4.825  -24.68  0.00000  0.0500  0.100
  371  4.825  -24.58  0.00000  0.0500  0.100
  372  4.875  -29.78  0.62724  0.0500  0.100
  373  4.875  -29.68  0.60016  0.0500  0.100
  374  4.875  -29.58  0.64077  0.0500  0.100
  375  4.875  -29.48  0.71749  0.0500  0.100
  376  4.875  -29.38  0.67236  0.0500  0.100
  377  4.875  -29.28  0.74456  0.0500  0.100
  378  4.875  -29.18  0.68590  0.0500  0.100
  379  4.875  -29.08  0.72200  0.0500  0.100
  380  4.875  -28.98  0.75810  0.0500  0.100
  381  4.875  -28.88  0.75359  0.0500  0.100
  382  4.875  -28.78  0.76713  0.0500  0.100
  383  4.875  -28.68  0.74907  0.0500  0.100
  384  4.875  -28.58  0.76261  0.0500  0.100
  385  4.875  -28.48  0.75359  0.0500  0.100
  386  4.875  -28.38  0.78066  0.0500  0.100
  387  4.875  -28.28  0.78066  0.0500  0.100
  388  4.875  -28.18  0.76261  0.0500  0.100
  389  4.875  -28.08  0.78518  0.0500  0.100
  390  4.875  -27.98  0.79871  0.0500  0.100
  391  4.875  -27.88  0.80322  0.0500  0.100
  392  4.875  -27.78  0.78066  0.0500  0.100
  393  4.875  -27.68  0.78066  0.0500  0.100
  394  4.875  -27.58  0.79871  0.0500  0.100
  395  4.875  -27.48  0.80774  0.0500  0.100
  396  4.875  -27.38  0.82127  0.0500  0.100
  397  4.875  -27.28  0.77615  0.0500  0.100
  398  4.875  -27.18  0.78066  0.0500  0.100
  399  4.875  -27.08  0.77615  0.0500  0.100
  400  4.875  -26.98  0.74005  0.0500  0.100
  401  4.875  -26.88  0.79871  0.0500  0.100
  402  4.875  -26.78  0.77615  0.0500  0.100
  403  4.875  -26.68  0.81676  0.0500  0.100
  404  4.875  -26.58  0.80322  0.0500  0.100
  405  4.875  -26.48  0.81225  0.0500  0.100
  406  4.875  -26.38  0.76713  0.0500  0.100
  407  4.875  -26.28  0.77615  0.0500  0.100
  408  4.875  -26.18  0.74907  0.0500  0.100
  409  4.875  -26.08  0.73554  0.0500  0.100
  410  4.875  -25.98  0.60467  0.0500  0.100
  411  4.875  -25.88  0.29331  0.0500  0.100
  412  4.875  -25.78  0.08574  0.0500  0.100
  413  4.875  -25.68  0.01354  0.0500  0.100
  414  4.875  -25.58  0.00000  0.0500  0.100
  415  4.875  -25.48  0.00000  0.0500  0.100
  416  4.875  -25.38  0.00000  0.0500  0.100
  417  4.875  -25.28  0.00000  0.0500  0.100
  418  4.875  -25.18  0.00000  0.0500  0.100
  419  4.875  -25.08  0.00000  0.0500  0.100
  420  4.875  -24.98  0.00000  0.0500  0.100
  421  4.875  -24.88  0.00000  0.0500  0.100
  422  4.875  -24.78  0.00000  0.0500  0.100
  423  4.875  -24.68  0.00000  0.0500  0.100
  424  4.875  -24.58  0.00000  0.0500  0.100
  425  4.925  -29.78  0.49186  0.0500  0.100
  426  4.925  -29.68  0.53699  0.0500  0.100
  427  4.925  -29.58  0.50991  0.0500  0.100
  428  4.925  -29.48  0.57760  0.0500  0.100
  429  4.925  -29.38  0.53699  0.0500  0.100
  430  4.925  -29.28  0.57760  0.0500  0.100
  431  4.925  -29.18  0.56406  0.0500  0.100
  432  4.925  -29.08  0.57760  0.0500  0.100
  433  4.925  -28.98  0.54150  0.0500  0.100
  434  4.925  -28.88  0.55053  0.0500  0.100
  435  4.925  -28.78  0.60467  0.0500  0.100
  436  4.925  -28.68  0.59565  0.0500  0.100
  437  4.925  -28.58  0.59565  0.0500  0.100
  438  4.925  -28.48  0.61821  0.0500  0.100
  439  4.925  -28.38  0.69041  0.0500  0.100
  440  4.925  -28.28  0.65431  0.0500  0.100
  441  4.925  -28.18  0.66334  0.0500  0.100
  442  4.925  -28.08  0.59565  0.0500  0.100
  443  4.925  -27.98  0.67687  0.0500  0.100
  444  4.925  -27.88  0.66785  0.0500  0.100
  445  4.925  -27.78  0.66334  0.0500  0.100
  446  4.925  -27.68  0.69041  0.0500  0.100
  447  4.925  -27.58  0.67687  0.0500  0.100
  448  4.925  -27.48  0.68139  0.0500  0.100
  449  4.925  -27.38  0.70395  0.0500  0.100
  450  4.925  -27.28  0.65431  0.0500  0.100
  451  4.925  -27.18  0.68139  0.0500  0.100
  452  4.925  -27.08  0.69944  0.0500  0.100
  453  4.925  -26.98  0.69041  0.0500  0.100
  454  4.925  -26.88  0.69493  0.0500  0.100
  455  4.925  -26.78  0.67687  0.0500  0.100
  456  4.925  -26.68  0.72200  0.0500  0.100
  457  4.925  -26.58  0.68139  0.0500  0.100
  458  4.925  -26.48  0.68139  0.0500  0.100
  459  4.925  -26.38  0.72200  0.0500  0.100
  460  4.925  -26.28  0.65431  0.0500  0.100
  461  4.925  -26.18  0.64529  0.0500  0.100
  462  4.925  -26.08  0.58211  0.0500  0.100
  463  4.925  -25.98  0.31587  0.0500  0.100
  464  4.925  -25.88  0.13989  0.0500  0.100
  465  4.925  -25.78  0.03610  0.0500  0.100
  466  4.925  -25.68  0.00451  0.0500  0.100
  467  4.925  -25.58  0.00000  0.0500  0.100
  468  4.925  -25.48  0.00000  0.0500  0.100
  469  4.925  -25.38  0.00000  0.0500  0.100
  470  4.925  -25.28  0.00000  0.0500  0.100
  471  4.925  -25.18  0.00000  0.0500  0.100
  472  4.925  -25.08  0.00000  0.0500  0.100
  473  4.925  -24.98  0.00000  0.0500  0.100
  474  4.925  -24.88  0.00000  0.0500  0.100
  475  4.925  -24.78  0.00000  0.0500  0.100
  476  4.925  -24.68  0.00000  0.0500  0.100
  477  4.925  -24.58  0.00000  0.0500  0.100
  478  4.975  -29.78  0.30234  0.0500  0.100
  479  4.975  -29.68  0.34746  0.0500  0.100
  480  4.975  -29.58  0.34746  0.0500  0.100
  481  4.975  -29.48  0.37003  0.0500  0.100
  482  4.975  -29.38  0.40612  0.0500  0.100
  483  4.975  -29.28  0.38356  0.0500  0.100
  484  4.975  -29.18  0.36100  0.0500  0.100
  485  4.975  -29.08  0.41515  0.0500  0.100
  486  4.975  -28.98  0.42417  0.0500  0.100
  487  4.975  -28.88  0.42869  0.0500  0.100
  488  4.975  -28.78  0.37454  0.0500  0.100
  489  4.975  -28.68  0.48284  0.0500  0.100
  490  4.975  -28.58  0.46027  0.0500  0.100
  491  4.975  -28.48  0.48735  0.0500  0.100
  492  4.975  -28.38  0.50540  0.0500  0.100
  493  4.975  -28.28  0.50089  0.0500  0.100
  494  4.975  -28.18  0.45576  0.0500  0.100
  495  4.975  -28.08  0.49638  0.0500  0.100
  496  4.975  -27.98  0.50540  0.0500  0.100
  497  4.975  -27.88  0.53699  0.0500  0.100
  498  4.975  -27.78  0.55053  0.0500  0.100
  499  4.975  -27.68  0.50089  0.0500  0.100
  500  4.975  -27.58  0.52796  0.0500  0.100
  501  4.975  -27.48  0.56858  0.0500  0.100
  502  4.975  -27.38  0.57309  0.0500  0.100
  503  4.975  -27.28  0.56858  0.0500  0.100
  504  4.975  -27.18  0.56406  0.0500  0.100
  505  4.975  -27.08  0.54601  0.0500  0.100
  506  4.975  -26.98  0.58662  0.0500  0.100
  507  4.975  -26.88  0.59565  0.0500  0.100
  508  4.975  -26.78  0.57760  0.0500  0.100
  509  4.975  -26.68  0.53699  0.0500  0.100
  510  4.975  -26.58  0.62273  0.0500  0.100
  511  4.975  -26.48  0.55053  0.0500  0.100
  512  4.975  -26.38  0.54601  0.0500  0.100
  513  4.975  -26.28  0.56858  0.0500  0.100
  514  4.975  -26.18  0.52345  0.0500  0.100
  515  4.975  -26.08  0.34746  0.0500  0.100
  516  4.975  -25.98  0.16696  0.0500  0.100
  517  4.975  -25.88  0.02708  0.0500  0.100
  518  4.975  -25.78  0.00451  0.0500  0.100
  519  4.975  -25.68  0.00451  0.0500  0.100
  520  4.975  -25.58  0.00000  0.0500  0.100
  521  4.975  -25.48  0.00000  0.0500  0.100
  522  4.975  -25.38  0.00000  0.0500  0.100
  523  4.975  -25.28  0.00000  0.0500  0.100
  524  4.975  -25.18  0.00000  0.0500  0.100
  525  4.975  -25.08  0.00000  0.0500  0.100
  526  4.975  -24.98  0.00000  0.0500  0.100
  527  4.975  -24.88  0.00000  0.0500  0.100
  528  4.975  -24.78  0.00000  0.0500  0.100
  529  4.975  -24.68  0.00000  0.0500  0.100
  530  4.975  -24.58  0.00000  0.0500  0.100
  531  5.025  -29.78  0.13538  0.0500  0.100
  532  5.025  -29.68  0.19855  0.0500  0.100
  533  5.025  -29.58  0.18050  0.0500  0.100
  534  5.025  -29.48  0.15794  0.0500  0.100
  535  5.025  -29.38  0.24368  0.0500  0.100
  536  5.025  -29.28  0.20306  0.0500  0.100
  537  5.025  -29.18  0.18501  0.0500  0.100
  538  5.025  -29.08  0.18952  0.0500  0.100
  539  5.025  -28.98  0.26172  0.0500  0.100
  540  5.025  -28.88  0.21209  0.0500  0.100
  541  5.025  -28.78  0.23916  0.0500  0.100
  542  5.025  -28.68  0.27075  0.0500  0.100
  543  5.025  -28.58  0.25270  0.0500  0.100
  544  5.025  -28.48  0.27526  0.0500  0.100
  545  5.025  -28.38  0.29783  0.0500  0.100
  546  5.025  -28.28  0.32039  0.0500  0.100
  547  5.025  -28.18  0.30234  0.0500  0.100
  548  5.025  -28.08  0.32039  0.0500  0.100
  549  5.025  -27.98  0.38807  0.0500  0.100
  550  5.025  -27.88  0.37905  0.0500  0.100
  551  5.025  -27.78  0.38807  0.0500  0.100
  552  5.025  -27.68  0.41064  0.0500  0.100
  553  5.025  -27.58  0.33844  0.0500  0.100
  554  5.025  -27.48  0.43320  0.0500  0.100
  555  5.025  -27.38  0.37003  0.0500  0.100
  556  5.025  -27.28  0.43771  0.0500  0.100
  557  5.025  -27.18  0.40612  0.0500  0.100
  558  5.025  -27.08  0.39710  0.0500  0.100
  559  5.025  -26.98  0.43771  0.0500  0.100
  560  5.025  -26.88  0.46027  0.0500  0.100
  561  5.025  -26.78  0.47381  0.0500  0.100
  562  5.025  -26.68  0.50089  0.0500  0.100
  563  5.025  -26.58  0.45576  0.0500  0.100
  564  5.025  -26.48  0.48284  0.0500  0.100
  565  5.025  -26.38  0.50540  0.0500  0.100
  566  5.025  -26.28  0.47832  0.0500  0.100
  567  5.025  -26.18  0.37454  0.0500  0.100
  568  5.025  -26.08  0.17147  0.0500  0.100
  569  5.025  -25.98  0.01354  0.0500  0.100
  570  5.025  -25.88  0.00903  0.0500  0.100
  571  5.025  -25.78  0.00000  0.0500  0.100
  572  5.025  -25.68  0.00000  0.0500  0.100
  573  5.025  -25.58  0.00000  0.0500  0.100
  574  5.025  -25.48  0.00000  0.0500  0.100
  575  5.025  -25.38  0.00000  0.0500  0.100
  576  5.025  -25.28  0.00000  0.0500  0.100
  577  5.025  -25.18  0.00000  0.0500  0.100
  578  5.025  -25.08  0.00000  0.0500  0.100
  579  5.025  -24.98  0.00000  0.0500  0.100
  580  5.025  -24.88  0.00000  0.0500  0.100
  581  5.025  -24.78  0.00000  0.0500  0.100
  582  5.025  -24.68  0.00000  0.0500  0.100
  583  5.025  -24.58  0.00000  0.0500  0.100
  584  5.075  -29.78  0.07671  0.0500  0.100
  585  5.075  -29.68  0.04061  0.0500  0.100
  586  5.075  -29.58  0.05415  0.0500  0.100
  587  5.075  -29.48  0.04513  0.0500  0.100
  588  5.075  -29.38  0.07671  0.0500  0.100
  589  5.075  -29.28  0.09025  0.0500  0.100
  590  5.075  -29.18  0.09025  0.0500  0.100
  591  5.075  -29.08  0.08574  0.0500  0.100
  592  5.075  -28.98  0.08123  0.0500  0.100
  593  5.075  -28.88  0.09928  0.0500  0.100
  594  5.075  -28.78  0.13538  0.0500  0.100
  595  5.075  -28.68  0.12184  0.0500  0.100
  596  5.075  -28.58  0.12635  0.0500  0.100
  597  5.075  -28.48  0.15343  0.0500  0.100
  598  5.075  -28.38  0.13989  0.0500  0.100
  599  5.075  -28.28  0.18952  0.0500  0.100
  600  5.075  -28.18  0.17599  0.0500  0.100
  601  5.075  -28.08  0.19855  0.0500  0.100
  602  5.075  -27.98  0.16696  0.0500  0.100
  603  5.075  -27.88  0.16245  0.0500  0.100
  604  5.075  -27.78  0.16245  0.0500  0.100
  605  5.075  -27.68  0.23916  0.0500  0.100
  606  5.075  -27.58  0.16696  0.0500  0.100
  607  5.075  -27.48  0.27075  0.0500  0.100
  608  5.075  -27.38  0.26624  0.0500  0.100
  609  5.075  -27.28  0.27526  0.0500  0.100
  610  5.075  -27.18  0.27075  0.0500  0.100
  611  5.075  -27.08  0.25721  0.0500  0.100
  612  5.075  -26.98  0.25270  0.0500  0.100
  613  5.075  -26.88  0.32941  0.0500  0.100
  614  5.075  -26.78  0.34746  0.0500  0.100
  615  5.075  -26.68  0.31587  0.0500  0.100
  616  5.075  -26.58  0.35197  0.0500  0.100
  617  5.075  -26.48  0.34746  0.0500  0.100
  618  5.075  -26.38  0.38356  0.0500  0.100
  619  5.075  -26.28  0.32490  0.0500  0.100
  620  5.075  -26.18  0.20758  0.0500  0.100
  621  5.075  -26.08  0.05415  0.0500  0.100
  622  5.075  -25.98  0.00451  0.0500  0.100
  623  5.075  -25.88  0.00451  0.0500  0.100
  624  5.075  -25.78  0.00000  0.0500  0.100
  625  5.075  -25.68  0.00000  0.0500  0.100
  626  5.075  -25.58  0.00000  0.0500  0.100
  627  5.075  -25.48  0.00000  0.0500  0.100
  628  5.075  -25.38  0.00000  0.0500  0.100
  629  5.075  -25.28  0.00000  0.0500  0.100
  630  5.075  -25.18  0.00000  0.0500  0.100
  631  5.075  -25.08  0.00000  0.0500  0.100
  632  5.075  -24.98  0.00000  0.0500  0.100
  633  5.075  -24.88  0.00000  0.0500  0.100
  634  5.075  -24.78  0.00000  0.0500  0.100
  635  5.075  -24.68  0.00000  0.0500  0.100
  636  5.075  -24.58  0.00000  0.0500  0.100
  637  5.125  -29.78  0.02708  0.0500  0.100
  638  5.125  -29.68  0.01805  0.0500  0.100
  639  5.125  -29.58  0.03159  0.0500  0.100
  640  5.125  -29.48  0.02256  0.0500  0.100
  641  5.125  -29.38  0.01354  0.0500  0.100
  642  5.125  -29.28  0.00903  0.0500  0.100
  643  5.125  -29.18  0.04061  0.0500  0.100
  644  5.125  -29.08  0.03610  0.0500  0.100
  645  5.125  -28.98  0.04513  0.0500  0.100
  646  5.125  -28.88  0.03159  0.0500  0.100
  647  5.125  -28.78  0.02708  0.0500  0.100
  648  5.125  -28.68  0.02256  0.0500  0.100
  649  5.125  -28.58  0.02708  0.0500  0.100
  650  5.125  -28.48  0.07671  0.0500  0.100
  651  5.125  -28.38  0.06318  0.0500  0.100
  652  5.125  -28.28  0.06769  0.0500  0.100
  653  5.125  -28.18  0.06769  0.0500  0.100
  654  5.125  -28.08  0.07671  0.0500  0.100
  655  5.125  -27.98  0.03610  0.0500  0.100
  656  5.125  -27.88  0.09928  0.0500  0.100
  657  5.125  -27.78  0.09928  0.0500  0.100
  658  5.125  -27.68  0.09025  0.0500  0.100
  659  5.125  -27.58  0.12635  0.0500  0.100
  660  5.125  -27.48  0.10379  0.0500  0.100
  661  5.125  -27.38  0.13989  0.0500  0.100
  662  5.125  -27.28  0.10379  0.0500  0.100
  663  5.125  -27.18  0.15794  0.0500  0.100
  664  5.125  -27.08  0.17599  0.0500  0.100
  665  5.125  -26.98  0.15794  0.0500  0.100
  666  5.125  -26.88  0.20306  0.0500  0.100
  667  5.125  -26.78  0.18501  0.0500  0.100
  668  5.125  -26.68  0.20758  0.0500  0.100
  669  5.125  -26.58  0.21660  0.0500  0.100
  670  5.125  -26.48  0.20758  0.0500  0.100
  671  5.125  -26.38  0.18050  0.0500  0.100
  672  5.125  -26.28  0.18050  0.0500  0.100
  673  5.125  -26.18  0.04513  0.0500  0.100
  674  5.125  -26.08  0.00000  0.0500  0.100
  675  5.125  -25.98  0.00000  0.0500  0.100
  676  5.125  -25.88  0.00000  0.0500  0.100
  677  5.125  -25.78  0.00000  0.0500  0.100
  678  5.125  -25.68  0.00000  0.0500  0.100
  679  5.125  -25.58  0.00000  0.0500  0.100
  680  5.125  -25.48  0.00000  0.0500  0.100
  681  5.125  -25.38  0.00000  0.0500  0.100
  682  5.125  -25.28  0.00000  0.0500  0.100
  683  5.125  -25.18  0.00000  0.0500  0.100
  684  5.125  -25.08  0.00000  0.0500  0.100
  685  5.125  -24.98  0.00000  0.0500  0.100
  686  5.125  -24.88  0.00000  0.0500  0.100
  687  5.125  -24.78  0.00000  0.0500  0.100
  688  5.125  -24.68  0.00000  0.0500  0.100
  689  5.125  -24.58  0.00000  0.0500  0.100
  690  5.175  -29.78  0.00000  0.0500  0.100
  691  5.175  -29.68  0.01354  0.0500  0.100
  692  5.175  -29.58  0.00903  0.0500  0.100
  693  5.175  -29.48  0.00451  0.0500  0.100
  694  5.175  -29.38  0.00451  0.0500  0.100
  695  5.175  -29.28  0.00903  0.0500  0.100
  696  5.175  -29.18  0.02256  0.0500  0.100
  697  5.175  -29.08  0.02256  0.0500  0.100
  698  5.175  -28.98  0.02256  0.0500  0.100
  699  5.175  -28.88  0.01805  0.0500  0.100
  700  5.175  -28.78  0.03159  0.0500  0.100
  701  5.175  -28.68  0.01805  0.0500  0.100
  702  5.175  -28.58  0.01805  0.0500  0.100
  703  5.175  -28.48  0.03159  0.0500  0.100
  704  5.175  -28.38  0.01354  0.0500  0.100
  705  5.175  -28.28  0.02708  0.0500  0.100
  706  5.175  -28.18  0.00903  0.0500  0.100
  707  5.175  -28.08  0.02708  0.0500  0.100
  708  5.175  -27.98  0.04964  0.0500  0.100
  709  5.175  -27.88  0.02708  0.0500  0.100
  710  5.175  -27.78  0.03159  0.0500  0.100
  711  5.175  -27.68  0.03610  0.0500  0.100
  712  5.175  -27.58  0.06769  0.0500  0.100
  713  5.175  -27.48  0.04964  0.0500  0.100
  714  5.175  -27.38  0.05866  0.0500  0.100
  715  5.175  -27.28  0.02256  0.0500  0.100
  716  5.175  -27.18  0.08574  0.0500  0.100
  717  5.175  -27.08  0.07671  0.0500  0.100
  718  5.175  -26.98  0.11732  0.0500  0.100
  719  5.175  -26.88  0.07220  0.0500  0.100
  720  5.175  -26.78  0.09025  0.0500  0.100
  721  5.175  -26.68  0.13538  0.0500  0.100
  722  5.175  -26.58  0.12184  0.0500  0.100
  723  5.175  -26.48  0.15343  0.0500  0.100
  724  5.175  -26.38  0.09025  0.0500  0.100
  725  5.175  -26.28  0.03610  0.0500  0.100
  726  5.175  -26.18  0.01354  0.0500  0.100
  727  5.175  -26.08  0.00000  0.0500  0.100
  728  5.175  -25.98  0.00000  0.0500  0.100
  729  5.175  -25.88  0.00000  0.0500  0.100
  730  5.175  -25.78  0.00000  0.0500  0.100
  731  5.175  -25.68  0.00000  0.0500  0.100
  732  5.175  -25.58  0.00000  0.0500  0.100
  733  5.175  -25.48  0.00000  0.0500  0.100
  734  5.175  -25.38  0.00000  0.0500  0.100
  735  5.175  -25.28  0.00000  0.0500  0.100
  736  5.175  -25.18  0.00000  0.0500  0.100
  737  5.175  -25.08  0.00000  0.0500  0.100
  738  5.175  -24.98  0.00000  0.0500  0.100
  739  5.175  -24.88  0.00000  0.0500  0.100
  740  5.175  -24.78  0.00000  0.0500  0.100
  741  5.175  -24.68  0.00000  0.0500  0.100
  742  5.175  -24.58  0.00000  0.0500  0.100
  743  5.225  -29.78  0.00451  0.0500  0.100
  744  5.225  -29.68  0.00000  0.0500  0.100
  745  5.225  -29.58  0.00000  0.0500  0.100
  746  5.225  -29.48  0.00451  0.0500  0.100
  747  5.225  -29.38  0.00903  0.0500  0.100
  748  5.225  -29.28  0.01354  0.0500  0.100
  749  5.225  -29.18  0.00451  0.0500  0.100
  750  5.225  -29.08  0.00451  0.0500  0.100
  751  5.225  -28.98  0.00903  0.0500  0.100
  752  5.225  -28.88  0.00000  0.0500  0.100
  753  5.225  -28.78  0.00451  0.0500  0.100
  754  5.225  -28.68  0.01354  0.0500  0.100
  755  5.225  -28.58  0.00903  0.0500  0.100
  756  5.225  -28.48  0.00000  0.0500  0.100
  757  5.225  -28.38  0.00451  0.0500  0.100
  758  5.225  -28.28  0.00451  0.0500  0.100
  759  5.225  -28.18  0.03610  0.0500  0.100
  760  5.225  -28.08  0.00903  0.0500  0.100
  761  5.225  -27.98  0.01354  0.0500  0.100
  762  5.225  -27.88  0.03610  0.0500  0.100
  763  5.225  -27.78  0.03159  0.0500  0.100
  764  5.225  -27.68  0.02256  0.0500  0.100
  765  5.225  -27.58  0.02708  0.0500  0.100
  766  5.225  -27.48  0.04964  0.0500  0.100
  767  5.225  -27.38  0.03159  0.0500  0.100
  768  5.225  -27.28  0.04061  0.0500  0.100
  769  5.225  -27.18  0.03159  0.0500  0.100
  770  5.225  -27.08  0.04513  0.0500  0.100
  771  5.225  -26.98  0.04061  0.0500  0.100
  772  5.225  -26.88  0.07671  0.0500  0.100
  773  5.225  -26.78  0.07671  0.0500  0.100
  774  5.225  -26.68  0.04061  0.0500  0.100
  775  5.225  -26.58  0.08123  0.0500  0.100
  776  5.225  -26.48  0.05415  0.0500  0.100
  777  5.225  -26.38  0.03159  0.0500  0.100
  778  5.225  -26.28  0.01354  0.0500  0.100
  779  5.225  -26.18  0.00000  0.0500  0.100
  780  5.225  -26.08  0.00000  0.0500  0.100
  781  5.225  -25.98  0.00000  0.0500  0.100
  782  5.225  -25.88  0.00000  0.0500  0.100
  783  5.225  -25.78  0.00000  0.0500  0.100
  784  5.225  -25.68  0.00000  0.0500  0.100
  785  5.225  -25.58  0.00000  0.0500  0.100
  786  5.225  -25.48  0.00000  0.0500  0.100
  787  5.225  -25.38  0.00000  0.0500  0.100
  788  5.225  -25.28  0.00000  0.0500  0.100
  789  5.225  -25.18  0.00000  0.0500  0.100
  790  5.225  -25.08  0.00000  0.0500  0.100
  791  5.225  -24.98  0.00000  0.0500  0.100
  792  5.225  -24.88  0.00000  0.0500  0.100
  793  5.225  -24.78  0.00000  0.0500  0.100
  794  5.225  -24.68  0.00000  0.0500  0.100
  795  5.225  -24.58  0.00000  0.0500  0.100
  796  5.275  -29.78  0.01354  0.0500  0.100
  797  5.275  -29.68  0.00000  0.0500  0.100
  798  5.275  -29.58  0.00451  0.0500  0.100
  799  5.275  -29.48  0.00451  0.0500  0.100
  800  5.275  -29.38  0.00451  0.0500  0.100
  801  5.275  -29.28  0.01805  0.0500  0.100
  802  5.275  -29.18  0.01805  0.0500  0.100
  803  5.275  -29.08  0.00903  0.0500  0.100
  804  5.275  -28.98  0.00000  0.0500  0.100
  805  5.275  -28.88  0.00451  0.0500  0.100
  806  5.275  -28.78  0.00903  0.0500  0.100
  807  5.275  -28.68  0.00903  0.0500  0.100
  808  5.275  -28.58  0.00903  0.0500  0.100
  809  5.275  -28.48  0.01354  0.0500  0.100
  810  5.275  -28.38  0.00451  0.0500  0.100
  811  5.275  -28.28  0.00451  0.0500  0.100
  812  5.275  -28.18  0.01354  0.0500  0.100
  813  5.275  -28.08  0.00903  0.0500  0.100
  814  5.275  -27.98  0.00903  0.0500  0.100
  815  5.275  -27.88  0.01805  0.0500  0.100
  816  5.275  -27.78  0.02708  0.0500  0.100
  817  5.275  -27.68  0.01805  0.0500  0.100
  818  5.275  -27.58  0.05415  0.0500  0.100
  819  5.275  -27.48  0.01354  0.0500  0.100
  820  5.275  -27.38  0.03610  0.0500  0.100
  821  5.275  -27.28  0.01805  0.0500  0.100
  822  5.275  -27.18  0.04964  0.0500  0.100
  823  5.275  -27.08  0.05866  0.0500  0.100
  824  5.275  -26.98  0.01805  0.0500  0.100
  825  5.275  -26.88  0.03610  0.0500  0.100
  826  5.275  -26.78  0.05866  0.0500  0.100
  827  5.275  -26.68  0.04964  0.0500  0.100
  828  5.275  -26.58  0.04513  0.0500  0.100
  829  5.275  -26.48  0.03610  0.0500  0.100
  830  5.275  -26.38  0.02256  0.0500  0.100
  831  5.275  -26.28  0.00000  0.0500  0.100
  832  5.275  -26.18  0.00000  0.0500  0.100
  833  5.275  -26.08  0.00000  0.0500  0.100
  834  5.275  -25.98  0.00000  0.0500  0.100
  835  5.275  -25.88  0.00000  0.0500  0.100
  836  5.275  -25.78  0.00000  0.0500  0.100
  837  5.275  -25.68  0.00000  0.0500  0.100
  838  5.275  -25.58  0.00000  0.0500  0.100
  839  5.275  -25.48  0.00000  0.0500  0.100
  840  5.275  -25.38  0.00000  0.0500  0.100
  841  5.275  -25.28  0.00000  0.0500  0.100
  842  5.275  -25.18  0.00000  0.0500  0.100
  843  5.275  -25.08  0.00000  0.0500  0.100
  844  5.275  -24.98  0.00000  0.0500  0.100
  845  5.275  -24.88  0.00000  0.0500  0.100
  846  5.275  -24.78  0.00000  0.0500  0.100
  847  5.275  -24.68  0.00000  0.0500  0.100
  848  5.275  -24.58  0.00000  0.0500  0.100
  849  5.325  -29.78  0.00451  0.0500  0.100
  850  5.325  -29.68  0.00451  0.0500  0.100
  851  5.325  -29.58  0.01354  0.0500  0.100
  852  5.325  -29.48  0.00903  0.0500  0.100
  853  5.325  -29.38  0.00903  0.0500  0.100
  854  5.325  -29.28  0.00451  0.0500  0.100
  855  5.325  -29.18  0.00000  0.0500  0.100
  856  5.325  -29.08  0.00000  0.0500  0.100
  857  5.325  -28.98  0.00903  0.0500  0.100
  858  5.325  -28.88  0.00451  0.0500  0.100
  859  5.325  -28.78  0.00000  0.0500  0.100
  860  5.325  -28.68  0.00451  0.0500  0.100
  861  5.325  -28.58  0.01354  0.0500  0.100
  862  5.325  -28.48  0.00000  0.0500  0.100
  863  5.325  -28.38  0.00903  0.0500  0.100
  864  5.325  -28.28  0.02256  0.0500  0.100
  865  5.325  -28.18  0.01805  0.0500  0.100
  866  5.325  -28.08  0.01805  0.0500  0.100
  867  5.325  -27.98  0.02256  0.0500  0.100
  868  5.325  -27.88  0.01354  0.0500  0.100
  869  5.325  -27.78  0.02256  0.0500  0.100
  870  5.325  -27.68  0.01805  0.0500  0.100
  871  5.325  -27.58  0.02256  0.0500  0.100
  872  5.325  -27.48  0.04061  0.0500  0.100
  873  5.325  -27.38  0.03159  0.0500  0.100
  874  5.325  -27.28  0.06769  0.0500  0.100
  875  5.325  -27.18  0.05866  0.0500  0.100
  876  5.325  -27.08  0.05415  0.0500  0.100
  877  5.325  -26.98  0.05415  0.0500  0.100
  878  5.325  -26.88  0.04513  0.0500  0.100
  879  5.325  -26.78  0.06318  0.0500  0.100
  880  5.325  -26.68  0.06769  0.0500  0.100
  881  5.325  -26.58  0.02256  0.0500  0.100
  882  5.325  -26.48  0.02708  0.0500  0.100
  883  5.325  -26.38  0.00000  0.0500  0.100
  884  5.325  -26.28  0.00000  0.0500  0.100
  885  5.325  -26.18  0.00000  0.0500  0.100
  886  5.325  -26.08  0.00000  0.0500  0.100
  887  5.325  -25.98  0.00000  0.0500  0.100
  888  5.325  -25.88  0.00000  0.0500  0.100
  889  5.325  -25.78  0.00000  0.0500  0.100
  890  5.325  -25.68  0.00000  0.0500  0.100
  891  5.325  -25.58  0.00000  0.0500  0.100
  892  5.325  -25.48  0.00000  0.0500  0.100
  893  5.325  -25.38  0.00000  0.0500  0.100
  894  5.325  -25.28  0.00000  0.0500  0.100
  895  5.325  -25.18  0.00000  0.0500  0.100
  896  5.325  -25.08  0.00000  0.0500  0.100
  897  5.325  -24.98  0.00000  0.0500  0.100
  898  5.325  -24.88  0.00000  0.0500  0.100
  899  5.325  -24.78  0.00000  0.0500  0.100
  900  5.325  -24.68  0.00000  0.0500  0.100
  901  5.325  -24.58  0.00000  0.0500  0.100
  902  5.375  -29.78  0.00000  0.0500  0.100
  903  5.375  -29.68  0.00000  0.0500  0.100
  904  5.375  -29.58  0.00451  0.0500  0.100
  905  5.375  -29.48  0.00000  0.0500  0.100
  906  5.375  -29.38  0.00000  0.0500  0.100
  907  5.375  -29.28  0.00451  0.0500  0.100
  908  5.375  -29.18  0.00000  0.0500  0.100
  909  5.375  -29.08  0.00000  0.0500  0.100
  910  5.375  -28.98  0.00451  0.0500  0.100
  911  5.375  -28.88  0.00451  0.0500  0.100
  912  5.375  -28.78  0.00000  0.0500  0.100
  913  5.375  -28.68  0.00451  0.0500  0.100
  914  5.375  -28.58  0.00903  0.0500  0.100
  915  5.375  -28.48  0.00451  0.0500  0.100
  916  5.375  -28.38  0.01354  0.0500  0.100
  917  5.375  -28.28  0.00000  0.0500  0.100
  918  5.375  -28.18  0.01354  0.0500  0.100
  919  5.375  -28.08  0.02256  0.0500  0.100
  920  5.375  -27.98  0.01805  0.0500  0.100
  921  5.375  -27.88  0.00000  0.0500  0.100
  922  5.375  -27.78  0.02708  0.0500  0.100
  923  5.375  -27.68  0.02708  0.0500  0.100
  924  5.375  -27.58  0.01354  0.0500  0.100
  925  5.375  -27.48  0.01805  0.0500  0.100
  926  5.375  -27.38  0.01354  0.0500  0.100
  927  5.375  -27.28  0.02256  0.0500  0.100
  928  5.375  -27.18  0.02256  0.0500  0.100
  929  5.375  -27.08  0.04513  0.0500  0.100
  930  5.375  -26.98  0.04964  0.0500  0.100
  931  5.375  -26.88  0.04061  0.0500  0.100
  932  5.375  -26.78  0.02256  0.0500  0.100
  933  5.375  -26.68  0.00903  0.0500  0.100
  934  5.375  -26.58  0.01354  0.0500  0.100
  935  5.375  -26.48  0.00000  0.0500  0.100
  936  5.375  -26.38  0.00451  0.0500  0.100
  937  5.375  -26.28  0.00000  0.0500  0.100
  938  5.375  -26.18  0.00000  0.0500  0.100
  939  5.375  -26.08  0.00000  0.0500  0.100
  940  5.375  -25.98  0.00000  0.0500  0.100
  941  5.375  -25.88  0.00000  0.0500  0.100
  942  5.375  -25.78  0.00000  0.0500  0.100
  943  5.375  -25.68  0.00000  0.0500  0.100
  944  5.375  -25.58  0.00000  0.0500  0.100
  945  5.375  -25.48  0.00000  0.0500  0.100
  946  5.375  -25.38  0.00000  0.0500  0.100
  947  5.375  -25.28  0.00000  0.0500  0.100
  948  5.375  -25.18  0.00000  0.0500  0.100
  949  5.375  -25.08  0.00000  0.0500  0.100
  950  5.375  -24.98  0.00000  0.0500  0.100
  951  5.375  -24.88  0.00000  0.0500  0.100
  952  5.375  -24.78  0.00000  0.0500  0.100
  953  5.375  -24.68  0.00000  0.0500  0.100
  954  5.375  -24.58  0.00000  0.0500  0.100
  955  5.425  -29.78  0.00451  0.0500  0.100
  956  5.425  -29.68  0.00451  0.0500  0.100
  957  5.425  -29.58  0.00451  0.0500  0.100
  958  5.425  -29.48  0.00451  0.0500  0.100
  959  5.425  -29.38  0.00451  0.0500  0.100
  960  5.425  -29.28  0.00000  0.0500  0.100
  961  5.425  -29.18  0.00903  0.0500  0.100
  962  5.425  -29.08  0.00000  0.0500  0.100
  963  5.425  -28.98  0.00903  0.0500  0.100
  964  5.425  -28.88  0.00000  0.0500  0.100
  965  5.425  -28.78  0.00451  0.0500  0.100
  966  5.425  -28.68  0.00000  0.0500  0.100
  967  5.425  -28.58  0.01354  0.0500  0.100
  968  5.425  -28.48  0.00451  0.0500  0.100
  969  5.425  -28.38  0.00451  0.0500  0.100
  970  5.425  -28.28  0.00903  0.0500  0.100
  971  5.425  -28.18  0.00903  0.0500  0.100
  972  5.425  -28.08  0.00451  0.0500  0.100
  973  5.425  -27.98  0.01354  0.0500  0.100
  974  5.425  -27.88  0.00903  0.0500  0.100
  975  5.425  -27.78  0.03159  0.0500  0.100
  976  5.425  -27.68  0.02708  0.0500  0.100
  977  5.425  -27.58  0.01805  0.0500  0.100
  978  5.425  -27.48  0.01805  0.0500  0.100
  979  5.425  -27.38  0.01354  0.0500  0.100
  980  5.425  -27.28  0.03159  0.0500  0.100
  981  5.425  -27.18  0.01354  0.0500  0.100
  982  5.425  -27.08  0.03159  0.0500  0.100
  983  5.425  -26.98  0.01805  0.0500  0.100
  984  5.425  -26.88  0.02256  0.0500  0.100
  985  5.425  -26.78  0.01805  0.0500  0.100
  986  5.425  -26.68  0.00000  0.0500  0.100
  987  5.425  -26.58  0.00903  0.0500  0.100
  988  5.425  -26.48  0.00000  0.0500  0.100
  989  5.425  -26.38  0.00000  0.0500  0.100
  990  5.425  -26.28  0.00000  0.0500  0.100
  991  5.425  -26.18  0.00000  0.0500  0.100
  992  5.425  -26.08  0.00000  0.0500  0.100
  993  5.425  -25.98  0.00000  0.0500  0.100
  994  5.425  -25.88  0.00000  0.0500  0.100
  995  5.425  -25.78  0.00000  0.0500  0.100
  996  5.425  -25.68  0.00000  0.0500  0.100
  997  5.425  -25.58  0.00000  0.0500  0.100
  998  5.425  -25.48  0.00000  0.0500  0.100
  999  5.425  -25.38  0.00000  0.0500  0.100
 1000  5.425  -25.28  0.00000  0.0500  0.100
 1001  5.425  -25.18  0.00000  0.0500  0.100
 1002  5.425  -25.08  0.00000  0.0500  0.100
 1003  5.425  -24.98  0.00000  0.0500  0.100
 1004  5.425  -24.88  0.00000  0.0500  0.100
 1005  5.425  -24.78  0.00000  0.0500  0.100
 1006  5.425  -24.68  0.00000  0.0500  0.100
 1007  5.425  -24.58  0.00000  0.0500  0.100
 1008  5.475  -29.78  0.01354  0.0500  0.100
 1009  5.475  -29.68  0.00451  0.0500  0.100
 1010  5.475  -29.58  0.00000  0.0500  0.100
 1011  5.475  -29.48  0.00000  0.0500  0.100
 1012  5.475  -29.38  0.00000  0.0500  0.100
 1013  5.475  -29.28  0.00000  0.0500  0.100
 1014  5.475  -29.18  0.00000  0.0500  0.100
 1015  5.475  -29.08  0.00000  0.0500  0.100
 1016  5.475  -28.98  0.00903  0.0500  0.100
 1017  5.475  -28.88  0.00451  0.0500  0.100
 1018  5.475  -28.78  0.00451  0.0500  0.100
 1019  5.475  -28.68  0.00451  0.0500  0.100
 1020  5.475  -28.58  0.00451  0.0500  0.100
 1021  5.475  -28.48  0.00451  0.0500  0.100
 1022  5.475  -28.38  0.00903  0.0500  0.100
 1023  5.475  -28.28  0.00903  0.0500  0.100
 1024  5.475  -28.18  0.00903  0.0500  0.100
 1025  5.475  -28.08  0.00903  0.0500  0.100
 1026  5.475  -27.98  0.02256  0.0500  0.100
 1027  5.475  -27.88  0.00451  0.0500  0.100
 1028  5.475  -27.78  0.00451  0.0500  0.100
 1029  5.475  -27.68  0.00903  0.0500  0.100
 1030  5.475  -27.58  0.01805  0.0500  0.100
 1031  5.475  -27.48  0.01805  0.0500  0.100
 1032  5.475  -27.38  0.00903  0.0500  0.100
 1033  5.475  -27.28  0.02708  0.0500  0.100
 1034  5.475  -27.18  0.01805  0.0500  0.100
 1035  5.475  -27.08  0.01805  0.0500  0.100
 1036  5.475  -26.98  0.02256  0.0500  0.100
 1037  5.475  -26.88  0.00903  0.0500  0.100
 1038  5.475  -26.78  0.00451  0.0500  0.100
 1039  5.475  -26.68  0.00000  0.0500  0.100
 1040  5.475  -26.58  0.00451  0.0500  0.100
 1041  5.475  -26.48  0.00000  0.0500  0.100
 1042  5.475  -26.38  0.00000  0.0500  0.100
 1043  5.475  -26.28  0.00000  0.0500  0.100
 1044  5.475  -26.18  0.00000  0.0500  0.100
 1045  5.475  -26.08  0.00000  0.0500  0.100
 1046  5.475  -25.98  0.00000  0.0500  0.100
 1047  5.475  -25.88  0.00000  0.0500  0.100
 1048  5.475  -25.78  0.00000  0.0500  0.100
 1049  5.475  -25.68  0.00000  0.0500  0.100
 1050  5.475  -25.58  0.00000  0.0500  0.100
 1051  5.475  -25.48  0.00000  0.0500  0.100
 1052  5.475  -25.38  0.00000  0.0500  0.100
 1053  5.475  -25.28  0.00000  0.0500  0.100
 1054  5.475  -25.18  0.00000  0.0500  0.100
 1055  5.475  -25.08  0.00000  0.0500  0.100
 1056  5.475  -24.98  0.00000  0.0500  0.100
 1057  5.475  -24.88  0.00000  0.0500  0.100
 1058  5.475  -24.78  0.00000  0.0500  0.100
 1059  5.475  -24.68  0.00000  0.0500  0.100
 1060  5.475  -24.58  0.00000  0.0500  0.100
 1061  5.525  -29.78  0.00451  0.0500  0.100
 1062  5.525  -29.68  0.00000  0.0500  0.100
 1063  5.525  -29.58  0.00000  0.0500  0.100
 1064  5.525  -29.48  0.00000  0.0500  0.100
 1065  5.525  -29.38  0.00903  0.0500  0.100
 1066  5.525  -29.28  0.00000  0.0500  0.100
 1067  5.525  -29.18  0.00451  0.0500  0.100
 1068  5.525  -29.08  0.00000  0.0500  0.100
 1069  5.525  -28.98  0.00451  0.0500  0.100
 1070  5.525  -28.88  0.01354  0.0500  0.100
 1071  5.525  -28.78  0.00451  0.0500  0.100
 1072  5.525  -28.68  0.00451  0.0500  0.100
 1073  5.525  -28.58  0.00000  0.0500  0.100
 1074  5.525  -28.48  0.00451  0.0500  0.100
 1075  5.525  -28.38  0.00903  0.0500  0.100
 1076  5.525  -28.28  0.00000  0.0500  0.100
 1077  5.525  -28.18  0.00903  0.0500  0.100
 1078  5.525  -28.08  0.00451  0.0500  0.100
 1079  5.525  -27.98  0.00000  0.0500  0.100
 1080  5.525  -27.88  0.00903  0.0500  0.100
 1081  5.525  -27.78  0.01354  0.0500  0.100
 1082  5.525  -27.68  0.00903  0.0500  0.100
 1083  5.525  -27.58  0.00451  0.0500  0.100
 1084  5.525  -27.48  0.01805  0.0500  0.100
 1085  5.525  -27.38  0.00451  0.0500  0.100
 1086  5.525  -27.28  0.00451  0.0500  0.100
 1087  5.525  -27.18  0.00451  0.0500  0.100
 1088  5.525  -27.08  0.00903  0.0500  0.100
 1089  5.525  -26.98  0.00000  0.0500  0.100
 1090  5.525  -26.88  0.00000  0.0500  0.100
 1091  5.525  -26.78  0.00451  0.0500  0.100
 1092  5.525  -26.68  0.00000  0.0500  0.100
 1093  5.525  -26.58  0.00451  0.0500  0.100
 1094  5.525  -26.48  0.00000  0.0500  0.100
 1095  5.525  -26.38  0.00000  0.0500  0.100
 1096  5.525  -26.28  0.00000  0.0500  0.100
 1097  5.525  -26.18  0.00000  0.0500  0.100
 1098  5.525  -26.08  0.00000  0.0500  0.100
 1099  5.525  -25.98  0.00000  0.0500  0.100
 1100  5.525  -25.88  0.00000  0.0500  0.100
 1101  5.525  -25.78  0.00000  0.0500  0.100
 1102  5.525  -25.68  0.00000  0.0500  0.100
 1103  5.525  -25.58  0.00000  0.0500  0.100
 1104  5.525  -25.48  0.00000  0.0500  0.100
 1105  5.525  -25.38  0.00000  0.0500  0.100
 1106  5.525  -25.28  0.00000  0.0500  0.100
 1107  5.525  -25.18  0.00000  0.0500  0.100
 1108  5.525  -25.08  0.00000  0.0500  0.100
 1109  5.525  -24.98  0.00000  0.0500  0.100
 1110  5.525  -24.88  0.00000  0.0500  0.100
 1111  5.525  -24.78  0.00000  0.0500  0.100
 1112  5.525  -24.68  0.00000  0.0500  0.100
 1113  5.525  -24.58  0.00000  0.0500  0.100
 1114  5.575  -29.78  0.00000  0.0500  0.100
 1115  5.575  -29.68  0.00903  0.0500  0.100
 1116  5.575  -29.58  0.00000  0.0500  0.100
 1117  5.575  -29.48  0.00000  0.0500  0.100
 1118  5.575  -29.38  0.00451  0.0500  0.100
 1119  5.575  -29.28  0.00000  0.0500  0.100
 1120  5.575  -29.18  0.00451  0.0500  0.100
 1121  5.575  -29.08  0.00903  0.0500  0.100
 1122  5.575  -28.98  0.00000  0.0500  0.100
 1123  5.575  -28.88  0.00451  0.0500  0.100
 1124  5.575  -28.78  0.00000  0.0500  0.100
 1125  5.575  -28.68  0.01805  0.0500  0.100
 1126  5.575  -28.58  0.00451  0.0500  0.100
 1127  5.575  -28.48  0.00451  0.0500  0.100
 1128  5.575  -28.38  0.00000  0.0500  0.100
 1129  5.575  -28.28  0.00451  0.0500  0.100
 1130  5.575  -28.18  0.00903  0.0500  0.100
 1131  5.575  -28.08  0.00903  0.0500  0.100
 1132  5.575  -27.98  0.00451  0.0500  0.100
 1133  5.575  -27.88  0.00903  0.0500  0.100
 1134  5.575  -27.78  0.00451  0.0500  0.100
 1135  5.575  -27.68  0.01354  0.0500  0.100
 1136  5.575  -27.58  0.01805  0.0500  0.100
 1137  5.575  -27.48  0.00903  0.0500  0.100
 1138  5.575  -27.38  0.00903  0.0500  0.100
 1139  5.575  -27.28  0.00451  0.0500  0.100
 1140  5.575  -27.18  0.00451  0.0500  0.100
 1141  5.575  -27.08  0.00000  0.0500  0.100
 1142  5.575  -26.98  0.00451  0.0500  0.100
 1143  5.575  -26.88  0.00000  0.0500  0.100
 1144  5.575  -26.78  0.00000  0.0500  0.100
 1145  5.575  -26.68  0.00000  0.0500  0.100
 1146  5.575  -26.58  0.00000  0.0500  0.100
 1147  5.575  -26.48  0.00000  0.0500  0.100
 1148  5.575  -26.38  0.00000  0.0500  0.100
 1149  5.575  -26.28  0.00000  0.0500  0.100
 1150  5.575  -26.18  0.00000  0.0500  0.100
 1151  5.575  -26.08  0.00000  0.0500  0.100
 1152  5.575  -25.98  0.00000  0.0500  0.100
 1153  5.575  -25.88  0.00000  0.0500  0.100
 1154  5.575  -25.78  0.00000  0.0500  0.100
 1155  5.575  -25.68  0.00000  0.0500  0.100
 1156  5.575  -25.58  0.00451  0.0500  0.100
 1157  5.575  -25.48  0.00000  0.0500  0.100
 1158  5.575  -25.38  0.00000  0.0500  0.100
 1159  5.575  -25.28  0.00000  0.0500  0.100
 1160  5.575  -25.18  0.00000  0.0500  0.100
 1161  5.575  -25.08  0.00000  0.0500  0.100
 1162  5.575  -24.98  0.00000  0.0500  0.100
 1163  5.575  -24.88  0.00000  0.0500  0.100
 1164  5.575  -24.78  0.00000  0.0500  0.100
 1165  5.575  -24.68  0.00000  0.0500  0.100
 1166  5.575  -24.58  0.00000  0.0500  0.100
# dzs = [ 0.05]
# dmags = [ 0.1]
