# BOSS color selection function (Ross et al. 2013, ApJ, 773, 14)
# M1450 computed from imag with Beta's template,
# selection function corrected for mean spectroscopic completeness (fsc=0.962)
# Tile dz and dmag set using tiling.py with z_tolerance = 0.0100 and mag_tolerance = 0.0010; see unique values at end of file.
# Tile sizes are non-uniform only a low redshift due to host-galaxy correction.
# counter   z   M1450   p   dz   dmag 
    1  2.025  -26.83  0.00000  0.0500  0.100
    2  2.025  -26.73  0.00000  0.0500  0.100
    3  2.025  -26.63  0.00000  0.0500  0.100
    4  2.025  -26.53  0.00000  0.0500  0.100
    5  2.025  -26.43  0.00000  0.0500  0.100
    6  2.025  -26.33  0.00000  0.0500  0.100
    7  2.025  -26.23  0.00000  0.0500  0.100
    8  2.025  -26.13  0.00000  0.0500  0.100
    9  2.025  -26.03  0.00462  0.0500  0.100
   10  2.025  -25.93  0.00000  0.0500  0.100
   11  2.025  -25.83  0.01010  0.0500  0.100
   12  2.025  -25.73  0.00000  0.0500  0.100
   13  2.025  -25.63  0.00000  0.0500  0.100
   14  2.025  -25.53  0.00000  0.0500  0.100
   15  2.025  -25.43  0.00491  0.0500  0.100
   16  2.025  -25.33  0.00000  0.0500  0.100
   17  2.025  -25.23  0.00000  0.0500  0.100
   18  2.025  -25.13  0.01058  0.0500  0.100
   19  2.025  -25.03  0.00000  0.0500  0.100
   20  2.025  -24.93  0.00577  0.0500  0.100
   21  2.025  -24.83  0.00000  0.0500  0.100
   22  2.025  -24.73  0.00000  0.0500  0.100
   23  2.025  -24.63  0.00000  0.0500  0.100
   24  2.025  -24.53  0.01174  0.0500  0.100
   25  2.025  -24.43  0.01116  0.0500  0.100
   26  2.025  -24.33  0.00000  0.0500  0.100
   27  2.025  -24.23  0.00000  0.0500  0.100
   28  2.025  -24.13  0.00000  0.0500  0.100
   29  2.025  -24.03  0.00000  0.0500  0.100
   30  2.025  -23.93  0.00000  0.0500  0.100
   31  2.025  -23.83  0.00000  0.0500  0.100
   32  2.025  -23.73  0.00000  0.0500  0.100
   33  2.025  -23.63  0.00827  0.0500  0.100
   34  2.025  -23.53  0.00481  0.0500  0.100
   35  2.025  -23.43  0.00491  0.0500  0.100
   36  2.025  -23.33  0.00991  0.0500  0.100
   37  2.025  -23.23  0.00491  0.0500  0.100
   38  2.025  -23.13  0.01405  0.0500  0.100
   39  2.025  -23.03  0.00000  0.0500  0.100
   40  2.025  -22.93  0.00000  0.0500  0.100
   41  2.025  -22.83  0.02184  0.0500  0.100
   42  2.025  -22.73  0.01077  0.0500  0.100
   43  2.025  -22.63  0.00000  0.0500  0.100
   44  2.025  -22.53  0.00895  0.0500  0.100
   45  2.075  -26.89  0.00000  0.0500  0.100
   46  2.075  -26.79  0.00000  0.0500  0.100
   47  2.075  -26.69  0.00000  0.0500  0.100
   48  2.075  -26.59  0.00000  0.0500  0.100
   49  2.075  -26.49  0.00000  0.0500  0.100
   50  2.075  -26.39  0.00000  0.0500  0.100
   51  2.075  -26.29  0.00000  0.0500  0.100
   52  2.075  -26.19  0.00462  0.0500  0.100
   53  2.075  -26.09  0.00000  0.0500  0.100
   54  2.075  -25.99  0.00000  0.0500  0.100
   55  2.075  -25.89  0.00462  0.0500  0.100
   56  2.075  -25.79  0.00481  0.0500  0.100
   57  2.075  -25.69  0.00000  0.0500  0.100
   58  2.075  -25.59  0.00000  0.0500  0.100
   59  2.075  -25.49  0.00000  0.0500  0.100
   60  2.075  -25.39  0.00529  0.0500  0.100
   61  2.075  -25.29  0.00510  0.0500  0.100
   62  2.075  -25.19  0.00587  0.0500  0.100
   63  2.075  -25.09  0.01741  0.0500  0.100
   64  2.075  -24.99  0.00000  0.0500  0.100
   65  2.075  -24.89  0.00529  0.0500  0.100
   66  2.075  -24.79  0.00000  0.0500  0.100
   67  2.075  -24.69  0.00577  0.0500  0.100
   68  2.075  -24.59  0.00654  0.0500  0.100
   69  2.075  -24.49  0.00577  0.0500  0.100
   70  2.075  -24.39  0.00000  0.0500  0.100
   71  2.075  -24.29  0.00000  0.0500  0.100
   72  2.075  -24.19  0.00000  0.0500  0.100
   73  2.075  -24.09  0.00529  0.0500  0.100
   74  2.075  -23.99  0.01328  0.0500  0.100
   75  2.075  -23.89  0.00471  0.0500  0.100
   76  2.075  -23.79  0.02655  0.0500  0.100
   77  2.075  -23.69  0.00000  0.0500  0.100
   78  2.075  -23.59  0.00000  0.0500  0.100
   79  2.075  -23.49  0.00914  0.0500  0.100
   80  2.075  -23.39  0.00933  0.0500  0.100
   81  2.075  -23.29  0.00924  0.0500  0.100
   82  2.075  -23.19  0.00481  0.0500  0.100
   83  2.075  -23.09  0.01510  0.0500  0.100
   84  2.075  -22.99  0.00481  0.0500  0.100
   85  2.075  -22.89  0.00500  0.0500  0.100
   86  2.075  -22.79  0.00962  0.0500  0.100
   87  2.075  -22.69  0.00529  0.0500  0.100
   88  2.075  -22.59  0.00683  0.0500  0.100
   89  2.125  -26.95  0.00000  0.0500  0.100
   90  2.125  -26.85  0.00000  0.0500  0.100
   91  2.125  -26.75  0.00000  0.0500  0.100
   92  2.125  -26.65  0.00000  0.0500  0.100
   93  2.125  -26.55  0.00000  0.0500  0.100
   94  2.125  -26.45  0.00510  0.0500  0.100
   95  2.125  -26.35  0.00000  0.0500  0.100
   96  2.125  -26.25  0.00000  0.0500  0.100
   97  2.125  -26.15  0.00991  0.0500  0.100
   98  2.125  -26.05  0.00924  0.0500  0.100
   99  2.125  -25.95  0.00000  0.0500  0.100
  100  2.125  -25.85  0.00000  0.0500  0.100
  101  2.125  -25.75  0.00962  0.0500  0.100
  102  2.125  -25.65  0.00000  0.0500  0.100
  103  2.125  -25.55  0.00000  0.0500  0.100
  104  2.125  -25.45  0.01760  0.0500  0.100
  105  2.125  -25.35  0.01414  0.0500  0.100
  106  2.125  -25.25  0.01049  0.0500  0.100
  107  2.125  -25.15  0.01145  0.0500  0.100
  108  2.125  -25.05  0.01106  0.0500  0.100
  109  2.125  -24.95  0.01684  0.0500  0.100
  110  2.125  -24.85  0.02896  0.0500  0.100
  111  2.125  -24.75  0.01289  0.0500  0.100
  112  2.125  -24.65  0.01645  0.0500  0.100
  113  2.125  -24.55  0.02761  0.0500  0.100
  114  2.125  -24.45  0.02876  0.0500  0.100
  115  2.125  -24.35  0.02559  0.0500  0.100
  116  2.125  -24.25  0.02213  0.0500  0.100
  117  2.125  -24.15  0.01991  0.0500  0.100
  118  2.125  -24.05  0.01462  0.0500  0.100
  119  2.125  -23.95  0.02588  0.0500  0.100
  120  2.125  -23.85  0.00875  0.0500  0.100
  121  2.125  -23.75  0.00500  0.0500  0.100
  122  2.125  -23.65  0.00462  0.0500  0.100
  123  2.125  -23.55  0.02886  0.0500  0.100
  124  2.125  -23.45  0.00510  0.0500  0.100
  125  2.125  -23.35  0.01539  0.0500  0.100
  126  2.125  -23.25  0.02549  0.0500  0.100
  127  2.125  -23.15  0.02549  0.0500  0.100
  128  2.125  -23.05  0.02799  0.0500  0.100
  129  2.125  -22.95  0.02126  0.0500  0.100
  130  2.125  -22.85  0.01905  0.0500  0.100
  131  2.125  -22.75  0.00462  0.0500  0.100
  132  2.125  -22.65  0.00587  0.0500  0.100
  133  2.175  -27.00  0.00000  0.0500  0.100
  134  2.175  -26.90  0.00000  0.0500  0.100
  135  2.175  -26.80  0.00000  0.0500  0.100
  136  2.175  -26.70  0.02799  0.0500  0.100
  137  2.175  -26.60  0.02549  0.0500  0.100
  138  2.175  -26.50  0.02463  0.0500  0.100
  139  2.175  -26.40  0.05272  0.0500  0.100
  140  2.175  -26.30  0.03319  0.0500  0.100
  141  2.175  -26.20  0.04396  0.0500  0.100
  142  2.175  -26.10  0.04464  0.0500  0.100
  143  2.175  -26.00  0.05089  0.0500  0.100
  144  2.175  -25.90  0.04666  0.0500  0.100
  145  2.175  -25.80  0.05984  0.0500  0.100
  146  2.175  -25.70  0.07128  0.0500  0.100
  147  2.175  -25.60  0.03896  0.0500  0.100
  148  2.175  -25.50  0.03425  0.0500  0.100
  149  2.175  -25.40  0.06811  0.0500  0.100
  150  2.175  -25.30  0.06676  0.0500  0.100
  151  2.175  -25.20  0.09937  0.0500  0.100
  152  2.175  -25.10  0.08052  0.0500  0.100
  153  2.175  -25.00  0.08062  0.0500  0.100
  154  2.175  -24.90  0.13122  0.0500  0.100
  155  2.175  -24.80  0.11419  0.0500  0.100
  156  2.175  -24.70  0.05416  0.0500  0.100
  157  2.175  -24.60  0.11352  0.0500  0.100
  158  2.175  -24.50  0.11775  0.0500  0.100
  159  2.175  -24.40  0.07831  0.0500  0.100
  160  2.175  -24.30  0.11958  0.0500  0.100
  161  2.175  -24.20  0.07205  0.0500  0.100
  162  2.175  -24.10  0.14055  0.0500  0.100
  163  2.175  -24.00  0.07292  0.0500  0.100
  164  2.175  -23.90  0.07359  0.0500  0.100
  165  2.175  -23.80  0.09466  0.0500  0.100
  166  2.175  -23.70  0.09033  0.0500  0.100
  167  2.175  -23.60  0.08139  0.0500  0.100
  168  2.175  -23.50  0.06013  0.0500  0.100
  169  2.175  -23.40  0.08822  0.0500  0.100
  170  2.175  -23.30  0.06253  0.0500  0.100
  171  2.175  -23.20  0.07561  0.0500  0.100
  172  2.175  -23.10  0.03713  0.0500  0.100
  173  2.175  -23.00  0.01597  0.0500  0.100
  174  2.175  -22.90  0.02867  0.0500  0.100
  175  2.175  -22.80  0.03627  0.0500  0.100
  176  2.175  -22.70  0.01116  0.0500  0.100
  177  2.225  -27.06  0.00000  0.0500  0.100
  178  2.225  -26.96  0.00000  0.0500  0.100
  179  2.225  -26.86  0.00000  0.0500  0.100
  180  2.225  -26.76  0.16450  0.0500  0.100
  181  2.225  -26.66  0.35777  0.0500  0.100
  182  2.225  -26.56  0.35488  0.0500  0.100
  183  2.225  -26.46  0.35344  0.0500  0.100
  184  2.225  -26.36  0.25118  0.0500  0.100
  185  2.225  -26.26  0.35661  0.0500  0.100
  186  2.225  -26.16  0.41462  0.0500  0.100
  187  2.225  -26.06  0.37383  0.0500  0.100
  188  2.225  -25.96  0.47340  0.0500  0.100
  189  2.225  -25.86  0.36883  0.0500  0.100
  190  2.225  -25.76  0.45118  0.0500  0.100
  191  2.225  -25.66  0.50274  0.0500  0.100
  192  2.225  -25.56  0.49110  0.0500  0.100
  193  2.225  -25.46  0.47436  0.0500  0.100
  194  2.225  -25.36  0.39788  0.0500  0.100
  195  2.225  -25.26  0.46465  0.0500  0.100
  196  2.225  -25.16  0.43675  0.0500  0.100
  197  2.225  -25.06  0.44627  0.0500  0.100
  198  2.225  -24.96  0.42116  0.0500  0.100
  199  2.225  -24.86  0.53324  0.0500  0.100
  200  2.225  -24.76  0.47773  0.0500  0.100
  201  2.225  -24.66  0.44560  0.0500  0.100
  202  2.225  -24.56  0.40991  0.0500  0.100
  203  2.225  -24.46  0.33670  0.0500  0.100
  204  2.225  -24.36  0.39144  0.0500  0.100
  205  2.225  -24.26  0.38797  0.0500  0.100
  206  2.225  -24.16  0.32246  0.0500  0.100
  207  2.225  -24.06  0.26570  0.0500  0.100
  208  2.225  -23.96  0.24733  0.0500  0.100
  209  2.225  -23.86  0.25416  0.0500  0.100
  210  2.225  -23.76  0.27965  0.0500  0.100
  211  2.225  -23.66  0.26667  0.0500  0.100
  212  2.225  -23.56  0.21991  0.0500  0.100
  213  2.225  -23.46  0.23155  0.0500  0.100
  214  2.225  -23.36  0.16325  0.0500  0.100
  215  2.225  -23.26  0.16316  0.0500  0.100
  216  2.225  -23.16  0.13160  0.0500  0.100
  217  2.225  -23.06  0.08446  0.0500  0.100
  218  2.225  -22.96  0.11198  0.0500  0.100
  219  2.225  -22.86  0.09812  0.0500  0.100
  220  2.225  -22.76  0.06013  0.0500  0.100
  221  2.275  -27.11  0.00000  0.0500  0.100
  222  2.275  -27.01  0.00000  0.0500  0.100
  223  2.275  -26.91  0.00000  0.0500  0.100
  224  2.275  -26.81  0.39211  0.0500  0.100
  225  2.275  -26.71  0.75267  0.0500  0.100
  226  2.275  -26.61  0.78567  0.0500  0.100
  227  2.275  -26.51  0.78066  0.0500  0.100
  228  2.275  -26.41  0.69351  0.0500  0.100
  229  2.275  -26.31  0.72381  0.0500  0.100
  230  2.275  -26.21  0.71294  0.0500  0.100
  231  2.275  -26.11  0.76075  0.0500  0.100
  232  2.275  -26.01  0.80702  0.0500  0.100
  233  2.275  -25.91  0.67734  0.0500  0.100
  234  2.275  -25.81  0.79115  0.0500  0.100
  235  2.275  -25.71  0.71082  0.0500  0.100
  236  2.275  -25.61  0.82136  0.0500  0.100
  237  2.275  -25.51  0.73468  0.0500  0.100
  238  2.275  -25.41  0.69370  0.0500  0.100
  239  2.275  -25.31  0.75767  0.0500  0.100
  240  2.275  -25.21  0.73247  0.0500  0.100
  241  2.275  -25.11  0.68542  0.0500  0.100
  242  2.275  -25.01  0.75950  0.0500  0.100
  243  2.275  -24.91  0.70880  0.0500  0.100
  244  2.275  -24.81  0.72958  0.0500  0.100
  245  2.275  -24.71  0.66647  0.0500  0.100
  246  2.275  -24.61  0.66946  0.0500  0.100
  247  2.275  -24.51  0.64752  0.0500  0.100
  248  2.275  -24.41  0.58288  0.0500  0.100
  249  2.275  -24.31  0.47061  0.0500  0.100
  250  2.275  -24.21  0.44858  0.0500  0.100
  251  2.275  -24.11  0.44300  0.0500  0.100
  252  2.275  -24.01  0.49274  0.0500  0.100
  253  2.275  -23.91  0.37470  0.0500  0.100
  254  2.275  -23.81  0.43588  0.0500  0.100
  255  2.275  -23.71  0.35940  0.0500  0.100
  256  2.275  -23.61  0.29456  0.0500  0.100
  257  2.275  -23.51  0.35719  0.0500  0.100
  258  2.275  -23.41  0.27754  0.0500  0.100
  259  2.275  -23.31  0.26359  0.0500  0.100
  260  2.275  -23.21  0.27051  0.0500  0.100
  261  2.275  -23.11  0.20462  0.0500  0.100
  262  2.275  -23.01  0.12881  0.0500  0.100
  263  2.275  -22.91  0.15883  0.0500  0.100
  264  2.275  -22.81  0.09947  0.0500  0.100
  265  2.325  -27.17  0.00000  0.0500  0.100
  266  2.325  -27.07  0.00000  0.0500  0.100
  267  2.325  -26.97  0.00000  0.0500  0.100
  268  2.325  -26.87  0.32371  0.0500  0.100
  269  2.325  -26.77  0.86840  0.0500  0.100
  270  2.325  -26.67  0.82828  0.0500  0.100
  271  2.325  -26.57  0.80548  0.0500  0.100
  272  2.325  -26.47  0.76873  0.0500  0.100
  273  2.325  -26.37  0.84916  0.0500  0.100
  274  2.325  -26.27  0.84175  0.0500  0.100
  275  2.325  -26.17  0.82318  0.0500  0.100
  276  2.325  -26.07  0.84002  0.0500  0.100
  277  2.325  -25.97  0.78865  0.0500  0.100
  278  2.325  -25.87  0.85512  0.0500  0.100
  279  2.325  -25.77  0.80414  0.0500  0.100
  280  2.325  -25.67  0.85801  0.0500  0.100
  281  2.325  -25.57  0.78336  0.0500  0.100
  282  2.325  -25.47  0.83550  0.0500  0.100
  283  2.325  -25.37  0.82732  0.0500  0.100
  284  2.325  -25.27  0.82261  0.0500  0.100
  285  2.325  -25.17  0.78018  0.0500  0.100
  286  2.325  -25.07  0.78759  0.0500  0.100
  287  2.325  -24.97  0.79490  0.0500  0.100
  288  2.325  -24.87  0.81087  0.0500  0.100
  289  2.325  -24.77  0.76604  0.0500  0.100
  290  2.325  -24.67  0.77508  0.0500  0.100
  291  2.325  -24.57  0.74699  0.0500  0.100
  292  2.325  -24.47  0.70543  0.0500  0.100
  293  2.325  -24.37  0.60866  0.0500  0.100
  294  2.325  -24.27  0.59028  0.0500  0.100
  295  2.325  -24.17  0.49707  0.0500  0.100
  296  2.325  -24.07  0.52381  0.0500  0.100
  297  2.325  -23.97  0.49639  0.0500  0.100
  298  2.325  -23.87  0.41501  0.0500  0.100
  299  2.325  -23.77  0.44964  0.0500  0.100
  300  2.325  -23.67  0.42809  0.0500  0.100
  301  2.325  -23.57  0.36373  0.0500  0.100
  302  2.325  -23.47  0.37287  0.0500  0.100
  303  2.325  -23.37  0.30091  0.0500  0.100
  304  2.325  -23.27  0.29601  0.0500  0.100
  305  2.325  -23.17  0.23434  0.0500  0.100
  306  2.325  -23.07  0.24050  0.0500  0.100
  307  2.325  -22.97  0.20279  0.0500  0.100
  308  2.325  -22.87  0.18923  0.0500  0.100
  309  2.375  -27.22  0.00000  0.0500  0.100
  310  2.375  -27.12  0.00000  0.0500  0.100
  311  2.375  -27.02  0.00000  0.0500  0.100
  312  2.375  -26.92  0.48379  0.0500  0.100
  313  2.375  -26.82  0.85955  0.0500  0.100
  314  2.375  -26.72  0.82838  0.0500  0.100
  315  2.375  -26.62  0.83463  0.0500  0.100
  316  2.375  -26.52  0.81443  0.0500  0.100
  317  2.375  -26.42  0.83059  0.0500  0.100
  318  2.375  -26.32  0.86445  0.0500  0.100
  319  2.375  -26.22  0.84762  0.0500  0.100
  320  2.375  -26.12  0.86445  0.0500  0.100
  321  2.375  -26.02  0.82713  0.0500  0.100
  322  2.375  -25.92  0.88138  0.0500  0.100
  323  2.375  -25.82  0.86840  0.0500  0.100
  324  2.375  -25.72  0.86628  0.0500  0.100
  325  2.375  -25.62  0.84752  0.0500  0.100
  326  2.375  -25.52  0.81087  0.0500  0.100
  327  2.375  -25.42  0.85666  0.0500  0.100
  328  2.375  -25.32  0.84916  0.0500  0.100
  329  2.375  -25.22  0.80163  0.0500  0.100
  330  2.375  -25.12  0.73930  0.0500  0.100
  331  2.375  -25.02  0.78422  0.0500  0.100
  332  2.375  -24.92  0.79548  0.0500  0.100
  333  2.375  -24.82  0.76450  0.0500  0.100
  334  2.375  -24.72  0.76335  0.0500  0.100
  335  2.375  -24.62  0.69197  0.0500  0.100
  336  2.375  -24.52  0.69476  0.0500  0.100
  337  2.375  -24.42  0.65378  0.0500  0.100
  338  2.375  -24.32  0.63069  0.0500  0.100
  339  2.375  -24.22  0.55584  0.0500  0.100
  340  2.375  -24.12  0.45935  0.0500  0.100
  341  2.375  -24.02  0.48331  0.0500  0.100
  342  2.375  -23.92  0.51400  0.0500  0.100
  343  2.375  -23.82  0.46070  0.0500  0.100
  344  2.375  -23.72  0.41635  0.0500  0.100
  345  2.375  -23.62  0.40856  0.0500  0.100
  346  2.375  -23.52  0.39827  0.0500  0.100
  347  2.375  -23.42  0.40587  0.0500  0.100
  348  2.375  -23.32  0.36248  0.0500  0.100
  349  2.375  -23.22  0.26849  0.0500  0.100
  350  2.375  -23.12  0.22338  0.0500  0.100
  351  2.375  -23.02  0.22164  0.0500  0.100
  352  2.375  -22.92  0.13959  0.0500  0.100
  353  2.425  -27.27  0.00000  0.0500  0.100
  354  2.425  -27.17  0.00000  0.0500  0.100
  355  2.425  -27.07  0.00000  0.0500  0.100
  356  2.425  -26.97  0.44560  0.0500  0.100
  357  2.425  -26.87  0.84416  0.0500  0.100
  358  2.425  -26.77  0.84175  0.0500  0.100
  359  2.425  -26.67  0.83473  0.0500  0.100
  360  2.425  -26.57  0.80163  0.0500  0.100
  361  2.425  -26.47  0.83675  0.0500  0.100
  362  2.425  -26.37  0.84964  0.0500  0.100
  363  2.425  -26.27  0.83742  0.0500  0.100
  364  2.425  -26.17  0.84377  0.0500  0.100
  365  2.425  -26.07  0.81404  0.0500  0.100
  366  2.425  -25.97  0.84290  0.0500  0.100
  367  2.425  -25.87  0.81327  0.0500  0.100
  368  2.425  -25.77  0.83223  0.0500  0.100
  369  2.425  -25.67  0.86667  0.0500  0.100
  370  2.425  -25.57  0.83925  0.0500  0.100
  371  2.425  -25.47  0.87042  0.0500  0.100
  372  2.425  -25.37  0.77643  0.0500  0.100
  373  2.425  -25.27  0.82395  0.0500  0.100
  374  2.425  -25.17  0.78134  0.0500  0.100
  375  2.425  -25.07  0.76258  0.0500  0.100
  376  2.425  -24.97  0.76315  0.0500  0.100
  377  2.425  -24.87  0.69447  0.0500  0.100
  378  2.425  -24.77  0.73882  0.0500  0.100
  379  2.425  -24.67  0.70322  0.0500  0.100
  380  2.425  -24.57  0.69312  0.0500  0.100
  381  2.425  -24.47  0.64743  0.0500  0.100
  382  2.425  -24.37  0.53757  0.0500  0.100
  383  2.425  -24.27  0.56623  0.0500  0.100
  384  2.425  -24.17  0.50274  0.0500  0.100
  385  2.425  -24.07  0.50101  0.0500  0.100
  386  2.425  -23.97  0.48100  0.0500  0.100
  387  2.425  -23.87  0.44685  0.0500  0.100
  388  2.425  -23.77  0.37508  0.0500  0.100
  389  2.425  -23.67  0.37354  0.0500  0.100
  390  2.425  -23.57  0.34536  0.0500  0.100
  391  2.425  -23.47  0.36364  0.0500  0.100
  392  2.425  -23.37  0.32227  0.0500  0.100
  393  2.425  -23.27  0.31910  0.0500  0.100
  394  2.425  -23.17  0.25714  0.0500  0.100
  395  2.425  -23.07  0.15661  0.0500  0.100
  396  2.425  -22.97  0.16190  0.0500  0.100
  397  2.475  -27.32  0.00000  0.0500  0.100
  398  2.475  -27.22  0.00000  0.0500  0.100
  399  2.475  -27.12  0.00000  0.0500  0.100
  400  2.475  -27.02  0.36883  0.0500  0.100
  401  2.475  -26.92  0.85099  0.0500  0.100
  402  2.475  -26.82  0.83348  0.0500  0.100
  403  2.475  -26.72  0.81212  0.0500  0.100
  404  2.475  -26.62  0.81212  0.0500  0.100
  405  2.475  -26.52  0.81962  0.0500  0.100
  406  2.475  -26.42  0.85329  0.0500  0.100
  407  2.475  -26.32  0.86792  0.0500  0.100
  408  2.475  -26.22  0.82453  0.0500  0.100
  409  2.475  -26.12  0.83858  0.0500  0.100
  410  2.475  -26.02  0.82992  0.0500  0.100
  411  2.475  -25.92  0.85830  0.0500  0.100
  412  2.475  -25.82  0.83194  0.0500  0.100
  413  2.475  -25.72  0.84656  0.0500  0.100
  414  2.475  -25.62  0.78855  0.0500  0.100
  415  2.475  -25.52  0.82944  0.0500  0.100
  416  2.475  -25.42  0.81789  0.0500  0.100
  417  2.475  -25.32  0.78191  0.0500  0.100
  418  2.475  -25.22  0.75555  0.0500  0.100
  419  2.475  -25.12  0.78239  0.0500  0.100
  420  2.475  -25.02  0.76960  0.0500  0.100
  421  2.475  -24.92  0.68119  0.0500  0.100
  422  2.475  -24.82  0.63935  0.0500  0.100
  423  2.475  -24.72  0.62876  0.0500  0.100
  424  2.475  -24.62  0.68629  0.0500  0.100
  425  2.475  -24.52  0.62213  0.0500  0.100
  426  2.475  -24.42  0.61164  0.0500  0.100
  427  2.475  -24.32  0.51429  0.0500  0.100
  428  2.475  -24.22  0.51717  0.0500  0.100
  429  2.475  -24.12  0.45445  0.0500  0.100
  430  2.475  -24.02  0.47859  0.0500  0.100
  431  2.475  -23.92  0.42530  0.0500  0.100
  432  2.475  -23.82  0.36190  0.0500  0.100
  433  2.475  -23.72  0.34257  0.0500  0.100
  434  2.475  -23.62  0.30707  0.0500  0.100
  435  2.475  -23.52  0.34036  0.0500  0.100
  436  2.475  -23.42  0.26830  0.0500  0.100
  437  2.475  -23.32  0.26282  0.0500  0.100
  438  2.475  -23.22  0.20808  0.0500  0.100
  439  2.475  -23.12  0.19606  0.0500  0.100
  440  2.475  -23.02  0.11217  0.0500  0.100
  441  2.525  -27.37  0.00000  0.0500  0.100
  442  2.525  -27.27  0.00000  0.0500  0.100
  443  2.525  -27.17  0.00000  0.0500  0.100
  444  2.525  -27.07  0.39211  0.0500  0.100
  445  2.525  -26.97  0.86734  0.0500  0.100
  446  2.525  -26.87  0.87013  0.0500  0.100
  447  2.525  -26.77  0.85397  0.0500  0.100
  448  2.525  -26.67  0.77152  0.0500  0.100
  449  2.525  -26.57  0.81299  0.0500  0.100
  450  2.525  -26.47  0.83588  0.0500  0.100
  451  2.525  -26.37  0.86474  0.0500  0.100
  452  2.525  -26.27  0.82876  0.0500  0.100
  453  2.525  -26.17  0.82395  0.0500  0.100
  454  2.525  -26.07  0.84396  0.0500  0.100
  455  2.525  -25.97  0.80337  0.0500  0.100
  456  2.525  -25.87  0.85406  0.0500  0.100
  457  2.525  -25.77  0.81058  0.0500  0.100
  458  2.525  -25.67  0.84964  0.0500  0.100
  459  2.525  -25.57  0.80240  0.0500  0.100
  460  2.525  -25.47  0.80962  0.0500  0.100
  461  2.525  -25.37  0.75219  0.0500  0.100
  462  2.525  -25.27  0.77249  0.0500  0.100
  463  2.525  -25.17  0.72516  0.0500  0.100
  464  2.525  -25.07  0.74391  0.0500  0.100
  465  2.525  -24.97  0.66551  0.0500  0.100
  466  2.525  -24.87  0.64550  0.0500  0.100
  467  2.525  -24.77  0.60192  0.0500  0.100
  468  2.525  -24.67  0.49216  0.0500  0.100
  469  2.525  -24.57  0.60548  0.0500  0.100
  470  2.525  -24.47  0.62145  0.0500  0.100
  471  2.525  -24.37  0.55921  0.0500  0.100
  472  2.525  -24.27  0.48100  0.0500  0.100
  473  2.525  -24.17  0.43223  0.0500  0.100
  474  2.525  -24.07  0.33987  0.0500  0.100
  475  2.525  -23.97  0.32852  0.0500  0.100
  476  2.525  -23.87  0.35469  0.0500  0.100
  477  2.525  -23.77  0.37970  0.0500  0.100
  478  2.525  -23.67  0.37335  0.0500  0.100
  479  2.525  -23.57  0.31563  0.0500  0.100
  480  2.525  -23.47  0.25012  0.0500  0.100
  481  2.525  -23.37  0.22607  0.0500  0.100
  482  2.525  -23.27  0.20471  0.0500  0.100
  483  2.525  -23.17  0.14738  0.0500  0.100
  484  2.525  -23.07  0.13189  0.0500  0.100
  485  2.575  -27.40  0.00000  0.0500  0.100
  486  2.575  -27.30  0.00000  0.0500  0.100
  487  2.575  -27.20  0.00000  0.0500  0.100
  488  2.575  -27.10  0.46012  0.0500  0.100
  489  2.575  -27.00  0.89360  0.0500  0.100
  490  2.575  -26.90  0.86667  0.0500  0.100
  491  2.575  -26.80  0.77566  0.0500  0.100
  492  2.575  -26.70  0.83588  0.0500  0.100
  493  2.575  -26.60  0.88898  0.0500  0.100
  494  2.575  -26.50  0.85974  0.0500  0.100
  495  2.575  -26.40  0.90851  0.0500  0.100
  496  2.575  -26.30  0.78615  0.0500  0.100
  497  2.575  -26.20  0.81087  0.0500  0.100
  498  2.575  -26.10  0.83146  0.0500  0.100
  499  2.575  -26.00  0.86667  0.0500  0.100
  500  2.575  -25.90  0.77826  0.0500  0.100
  501  2.575  -25.80  0.81895  0.0500  0.100
  502  2.575  -25.70  0.83656  0.0500  0.100
  503  2.575  -25.60  0.83309  0.0500  0.100
  504  2.575  -25.50  0.81299  0.0500  0.100
  505  2.575  -25.40  0.77922  0.0500  0.100
  506  2.575  -25.30  0.69206  0.0500  0.100
  507  2.575  -25.20  0.70438  0.0500  0.100
  508  2.575  -25.10  0.67119  0.0500  0.100
  509  2.575  -25.00  0.56239  0.0500  0.100
  510  2.575  -24.90  0.51352  0.0500  0.100
  511  2.575  -24.80  0.56171  0.0500  0.100
  512  2.575  -24.70  0.55479  0.0500  0.100
  513  2.575  -24.60  0.49524  0.0500  0.100
  514  2.575  -24.50  0.47504  0.0500  0.100
  515  2.575  -24.40  0.48677  0.0500  0.100
  516  2.575  -24.30  0.50543  0.0500  0.100
  517  2.575  -24.20  0.41308  0.0500  0.100
  518  2.575  -24.10  0.31698  0.0500  0.100
  519  2.575  -24.00  0.32506  0.0500  0.100
  520  2.575  -23.90  0.34132  0.0500  0.100
  521  2.575  -23.80  0.31746  0.0500  0.100
  522  2.575  -23.70  0.30832  0.0500  0.100
  523  2.575  -23.60  0.29774  0.0500  0.100
  524  2.575  -23.50  0.28062  0.0500  0.100
  525  2.575  -23.40  0.21231  0.0500  0.100
  526  2.575  -23.30  0.22973  0.0500  0.100
  527  2.575  -23.20  0.13805  0.0500  0.100
  528  2.575  -23.10  0.13401  0.0500  0.100
  529  2.625  -27.43  0.00000  0.0500  0.100
  530  2.625  -27.33  0.00000  0.0500  0.100
  531  2.625  -27.23  0.00000  0.0500  0.100
  532  2.625  -27.13  0.44897  0.0500  0.100
  533  2.625  -27.03  0.89755  0.0500  0.100
  534  2.625  -26.93  0.82588  0.0500  0.100
  535  2.625  -26.83  0.67388  0.0500  0.100
  536  2.625  -26.73  0.69581  0.0500  0.100
  537  2.625  -26.63  0.82261  0.0500  0.100
  538  2.625  -26.53  0.81549  0.0500  0.100
  539  2.625  -26.43  0.79355  0.0500  0.100
  540  2.625  -26.33  0.71207  0.0500  0.100
  541  2.625  -26.23  0.72535  0.0500  0.100
  542  2.625  -26.13  0.75488  0.0500  0.100
  543  2.625  -26.03  0.68581  0.0500  0.100
  544  2.625  -25.93  0.70861  0.0500  0.100
  545  2.625  -25.83  0.67253  0.0500  0.100
  546  2.625  -25.73  0.72025  0.0500  0.100
  547  2.625  -25.63  0.75796  0.0500  0.100
  548  2.625  -25.53  0.67388  0.0500  0.100
  549  2.625  -25.43  0.60183  0.0500  0.100
  550  2.625  -25.33  0.54642  0.0500  0.100
  551  2.625  -25.23  0.58538  0.0500  0.100
  552  2.625  -25.13  0.47042  0.0500  0.100
  553  2.625  -25.03  0.45329  0.0500  0.100
  554  2.625  -24.93  0.38951  0.0500  0.100
  555  2.625  -24.83  0.38951  0.0500  0.100
  556  2.625  -24.73  0.35652  0.0500  0.100
  557  2.625  -24.63  0.38480  0.0500  0.100
  558  2.625  -24.53  0.41308  0.0500  0.100
  559  2.625  -24.43  0.40962  0.0500  0.100
  560  2.625  -24.33  0.38595  0.0500  0.100
  561  2.625  -24.23  0.32631  0.0500  0.100
  562  2.625  -24.13  0.26465  0.0500  0.100
  563  2.625  -24.03  0.30592  0.0500  0.100
  564  2.625  -23.93  0.29524  0.0500  0.100
  565  2.625  -23.83  0.32698  0.0500  0.100
  566  2.625  -23.73  0.31121  0.0500  0.100
  567  2.625  -23.63  0.21818  0.0500  0.100
  568  2.625  -23.53  0.25868  0.0500  0.100
  569  2.625  -23.43  0.22771  0.0500  0.100
  570  2.625  -23.33  0.19432  0.0500  0.100
  571  2.625  -23.23  0.15026  0.0500  0.100
  572  2.625  -23.13  0.14007  0.0500  0.100
  573  2.675  -27.46  0.00000  0.0500  0.100
  574  2.675  -27.36  0.00000  0.0500  0.100
  575  2.675  -27.26  0.00000  0.0500  0.100
  576  2.675  -27.16  0.41626  0.0500  0.100
  577  2.675  -27.06  0.85416  0.0500  0.100
  578  2.675  -26.96  0.68966  0.0500  0.100
  579  2.675  -26.86  0.45099  0.0500  0.100
  580  2.675  -26.76  0.50601  0.0500  0.100
  581  2.675  -26.66  0.54218  0.0500  0.100
  582  2.675  -26.56  0.65281  0.0500  0.100
  583  2.675  -26.46  0.64137  0.0500  0.100
  584  2.675  -26.36  0.52063  0.0500  0.100
  585  2.675  -26.26  0.39586  0.0500  0.100
  586  2.675  -26.16  0.52342  0.0500  0.100
  587  2.675  -26.06  0.46580  0.0500  0.100
  588  2.675  -25.96  0.40154  0.0500  0.100
  589  2.675  -25.86  0.48754  0.0500  0.100
  590  2.675  -25.76  0.42415  0.0500  0.100
  591  2.675  -25.66  0.51227  0.0500  0.100
  592  2.675  -25.56  0.44954  0.0500  0.100
  593  2.675  -25.46  0.41424  0.0500  0.100
  594  2.675  -25.36  0.43386  0.0500  0.100
  595  2.675  -25.26  0.31736  0.0500  0.100
  596  2.675  -25.16  0.34478  0.0500  0.100
  597  2.675  -25.06  0.30726  0.0500  0.100
  598  2.675  -24.96  0.29466  0.0500  0.100
  599  2.675  -24.86  0.27985  0.0500  0.100
  600  2.675  -24.76  0.21241  0.0500  0.100
  601  2.675  -24.66  0.20770  0.0500  0.100
  602  2.675  -24.56  0.27821  0.0500  0.100
  603  2.675  -24.46  0.27908  0.0500  0.100
  604  2.675  -24.36  0.29168  0.0500  0.100
  605  2.675  -24.26  0.29129  0.0500  0.100
  606  2.675  -24.16  0.30120  0.0500  0.100
  607  2.675  -24.06  0.23935  0.0500  0.100
  608  2.675  -23.96  0.28138  0.0500  0.100
  609  2.675  -23.86  0.23598  0.0500  0.100
  610  2.675  -23.76  0.23280  0.0500  0.100
  611  2.675  -23.66  0.24733  0.0500  0.100
  612  2.675  -23.56  0.21116  0.0500  0.100
  613  2.675  -23.46  0.18980  0.0500  0.100
  614  2.675  -23.36  0.15113  0.0500  0.100
  615  2.675  -23.26  0.15796  0.0500  0.100
  616  2.675  -23.16  0.10072  0.0500  0.100
  617  2.725  -27.49  0.00000  0.0500  0.100
  618  2.725  -27.39  0.00000  0.0500  0.100
  619  2.725  -27.29  0.00000  0.0500  0.100
  620  2.725  -27.19  0.36075  0.0500  0.100
  621  2.725  -27.09  0.60808  0.0500  0.100
  622  2.725  -26.99  0.46695  0.0500  0.100
  623  2.725  -26.89  0.33545  0.0500  0.100
  624  2.725  -26.79  0.30669  0.0500  0.100
  625  2.725  -26.69  0.34767  0.0500  0.100
  626  2.725  -26.59  0.42270  0.0500  0.100
  627  2.725  -26.49  0.35382  0.0500  0.100
  628  2.725  -26.39  0.36864  0.0500  0.100
  629  2.725  -26.29  0.26619  0.0500  0.100
  630  2.725  -26.19  0.33930  0.0500  0.100
  631  2.725  -26.09  0.26782  0.0500  0.100
  632  2.725  -25.99  0.28956  0.0500  0.100
  633  2.725  -25.89  0.24675  0.0500  0.100
  634  2.725  -25.79  0.24502  0.0500  0.100
  635  2.725  -25.69  0.34420  0.0500  0.100
  636  2.725  -25.59  0.23694  0.0500  0.100
  637  2.725  -25.49  0.25657  0.0500  0.100
  638  2.725  -25.39  0.25657  0.0500  0.100
  639  2.725  -25.29  0.21116  0.0500  0.100
  640  2.725  -25.19  0.21202  0.0500  0.100
  641  2.725  -25.09  0.14430  0.0500  0.100
  642  2.725  -24.99  0.16671  0.0500  0.100
  643  2.725  -24.89  0.12544  0.0500  0.100
  644  2.725  -24.79  0.18547  0.0500  0.100
  645  2.725  -24.69  0.18884  0.0500  0.100
  646  2.725  -24.59  0.24521  0.0500  0.100
  647  2.725  -24.49  0.21231  0.0500  0.100
  648  2.725  -24.39  0.23771  0.0500  0.100
  649  2.725  -24.29  0.23117  0.0500  0.100
  650  2.725  -24.19  0.24175  0.0500  0.100
  651  2.725  -24.09  0.21760  0.0500  0.100
  652  2.725  -23.99  0.23377  0.0500  0.100
  653  2.725  -23.89  0.24300  0.0500  0.100
  654  2.725  -23.79  0.18865  0.0500  0.100
  655  2.725  -23.69  0.16258  0.0500  0.100
  656  2.725  -23.59  0.16652  0.0500  0.100
  657  2.725  -23.49  0.13612  0.0500  0.100
  658  2.725  -23.39  0.12939  0.0500  0.100
  659  2.725  -23.29  0.09062  0.0500  0.100
  660  2.725  -23.19  0.11525  0.0500  0.100
  661  2.775  -27.53  0.00000  0.0500  0.100
  662  2.775  -27.43  0.00000  0.0500  0.100
  663  2.775  -27.33  0.00000  0.0500  0.100
  664  2.775  -27.23  0.16546  0.0500  0.100
  665  2.775  -27.13  0.47869  0.0500  0.100
  666  2.775  -27.03  0.32496  0.0500  0.100
  667  2.775  -26.93  0.26590  0.0500  0.100
  668  2.775  -26.83  0.25368  0.0500  0.100
  669  2.775  -26.73  0.31303  0.0500  0.100
  670  2.775  -26.63  0.34391  0.0500  0.100
  671  2.775  -26.53  0.33930  0.0500  0.100
  672  2.775  -26.43  0.24512  0.0500  0.100
  673  2.775  -26.33  0.23694  0.0500  0.100
  674  2.775  -26.23  0.28062  0.0500  0.100
  675  2.775  -26.13  0.25820  0.0500  0.100
  676  2.775  -26.03  0.23165  0.0500  0.100
  677  2.775  -25.93  0.19529  0.0500  0.100
  678  2.775  -25.83  0.26022  0.0500  0.100
  679  2.775  -25.73  0.26984  0.0500  0.100
  680  2.775  -25.63  0.25464  0.0500  0.100
  681  2.775  -25.53  0.22780  0.0500  0.100
  682  2.775  -25.43  0.22203  0.0500  0.100
  683  2.775  -25.33  0.27677  0.0500  0.100
  684  2.775  -25.23  0.16037  0.0500  0.100
  685  2.775  -25.13  0.15219  0.0500  0.100
  686  2.775  -25.03  0.18701  0.0500  0.100
  687  2.775  -24.93  0.16239  0.0500  0.100
  688  2.775  -24.83  0.17653  0.0500  0.100
  689  2.775  -24.73  0.18769  0.0500  0.100
  690  2.775  -24.63  0.23261  0.0500  0.100
  691  2.775  -24.53  0.23223  0.0500  0.100
  692  2.775  -24.43  0.18990  0.0500  0.100
  693  2.775  -24.33  0.20289  0.0500  0.100
  694  2.775  -24.23  0.21578  0.0500  0.100
  695  2.775  -24.13  0.21837  0.0500  0.100
  696  2.775  -24.03  0.18836  0.0500  0.100
  697  2.775  -23.93  0.13333  0.0500  0.100
  698  2.775  -23.83  0.18086  0.0500  0.100
  699  2.775  -23.73  0.20000  0.0500  0.100
  700  2.775  -23.63  0.13814  0.0500  0.100
  701  2.775  -23.53  0.17682  0.0500  0.100
  702  2.775  -23.43  0.11082  0.0500  0.100
  703  2.775  -23.33  0.11967  0.0500  0.100
  704  2.775  -23.23  0.08745  0.0500  0.100
  705  2.825  -27.57  0.00000  0.0500  0.100
  706  2.825  -27.47  0.00000  0.0500  0.100
  707  2.825  -27.37  0.00000  0.0500  0.100
  708  2.825  -27.27  0.15354  0.0500  0.100
  709  2.825  -27.17  0.22924  0.0500  0.100
  710  2.825  -27.07  0.19952  0.0500  0.100
  711  2.825  -26.97  0.28187  0.0500  0.100
  712  2.825  -26.87  0.25493  0.0500  0.100
  713  2.825  -26.77  0.27196  0.0500  0.100
  714  2.825  -26.67  0.27821  0.0500  0.100
  715  2.825  -26.57  0.29784  0.0500  0.100
  716  2.825  -26.47  0.29254  0.0500  0.100
  717  2.825  -26.37  0.25291  0.0500  0.100
  718  2.825  -26.27  0.26272  0.0500  0.100
  719  2.825  -26.17  0.22164  0.0500  0.100
  720  2.825  -26.07  0.26792  0.0500  0.100
  721  2.825  -25.97  0.27965  0.0500  0.100
  722  2.825  -25.87  0.27167  0.0500  0.100
  723  2.825  -25.77  0.31910  0.0500  0.100
  724  2.825  -25.67  0.29774  0.0500  0.100
  725  2.825  -25.57  0.26368  0.0500  0.100
  726  2.825  -25.47  0.22905  0.0500  0.100
  727  2.825  -25.37  0.23800  0.0500  0.100
  728  2.825  -25.27  0.29303  0.0500  0.100
  729  2.825  -25.17  0.21106  0.0500  0.100
  730  2.825  -25.07  0.17932  0.0500  0.100
  731  2.825  -24.97  0.18211  0.0500  0.100
  732  2.825  -24.87  0.15584  0.0500  0.100
  733  2.825  -24.77  0.22328  0.0500  0.100
  734  2.825  -24.67  0.18788  0.0500  0.100
  735  2.825  -24.57  0.23569  0.0500  0.100
  736  2.825  -24.47  0.13824  0.0500  0.100
  737  2.825  -24.37  0.23155  0.0500  0.100
  738  2.825  -24.27  0.19885  0.0500  0.100
  739  2.825  -24.17  0.28543  0.0500  0.100
  740  2.825  -24.07  0.25012  0.0500  0.100
  741  2.825  -23.97  0.15354  0.0500  0.100
  742  2.825  -23.87  0.16950  0.0500  0.100
  743  2.825  -23.77  0.15883  0.0500  0.100
  744  2.825  -23.67  0.14161  0.0500  0.100
  745  2.825  -23.57  0.09764  0.0500  0.100
  746  2.825  -23.47  0.13122  0.0500  0.100
  747  2.825  -23.37  0.09033  0.0500  0.100
  748  2.825  -23.27  0.10255  0.0500  0.100
  749  2.875  -27.61  0.00000  0.0500  0.100
  750  2.875  -27.51  0.00000  0.0500  0.100
  751  2.875  -27.41  0.00000  0.0500  0.100
  752  2.875  -27.31  0.09052  0.0500  0.100
  753  2.875  -27.21  0.18971  0.0500  0.100
  754  2.875  -27.11  0.20577  0.0500  0.100
  755  2.875  -27.01  0.24290  0.0500  0.100
  756  2.875  -26.91  0.36383  0.0500  0.100
  757  2.875  -26.81  0.31265  0.0500  0.100
  758  2.875  -26.71  0.37306  0.0500  0.100
  759  2.875  -26.61  0.39529  0.0500  0.100
  760  2.875  -26.51  0.29139  0.0500  0.100
  761  2.875  -26.41  0.27561  0.0500  0.100
  762  2.875  -26.31  0.36556  0.0500  0.100
  763  2.875  -26.21  0.32775  0.0500  0.100
  764  2.875  -26.11  0.39615  0.0500  0.100
  765  2.875  -26.01  0.31592  0.0500  0.100
  766  2.875  -25.91  0.30909  0.0500  0.100
  767  2.875  -25.81  0.34391  0.0500  0.100
  768  2.875  -25.71  0.33593  0.0500  0.100
  769  2.875  -25.61  0.25320  0.0500  0.100
  770  2.875  -25.51  0.26869  0.0500  0.100
  771  2.875  -25.41  0.22203  0.0500  0.100
  772  2.875  -25.31  0.22607  0.0500  0.100
  773  2.875  -25.21  0.25099  0.0500  0.100
  774  2.875  -25.11  0.22020  0.0500  0.100
  775  2.875  -25.01  0.23001  0.0500  0.100
  776  2.875  -24.91  0.19904  0.0500  0.100
  777  2.875  -24.81  0.22280  0.0500  0.100
  778  2.875  -24.71  0.26012  0.0500  0.100
  779  2.875  -24.61  0.22780  0.0500  0.100
  780  2.875  -24.51  0.29101  0.0500  0.100
  781  2.875  -24.41  0.27196  0.0500  0.100
  782  2.875  -24.31  0.19240  0.0500  0.100
  783  2.875  -24.21  0.25147  0.0500  0.100
  784  2.875  -24.11  0.21010  0.0500  0.100
  785  2.875  -24.01  0.18278  0.0500  0.100
  786  2.875  -23.91  0.17489  0.0500  0.100
  787  2.875  -23.81  0.15786  0.0500  0.100
  788  2.875  -23.71  0.14757  0.0500  0.100
  789  2.875  -23.61  0.15190  0.0500  0.100
  790  2.875  -23.51  0.13920  0.0500  0.100
  791  2.875  -23.41  0.12862  0.0500  0.100
  792  2.875  -23.31  0.05628  0.0500  0.100
  793  2.925  -27.65  0.00000  0.0500  0.100
  794  2.925  -27.55  0.00000  0.0500  0.100
  795  2.925  -27.45  0.00000  0.0500  0.100
  796  2.925  -27.35  0.14767  0.0500  0.100
  797  2.925  -27.25  0.17114  0.0500  0.100
  798  2.925  -27.15  0.23050  0.0500  0.100
  799  2.925  -27.05  0.29562  0.0500  0.100
  800  2.925  -26.95  0.40279  0.0500  0.100
  801  2.925  -26.85  0.34286  0.0500  0.100
  802  2.925  -26.75  0.42924  0.0500  0.100
  803  2.925  -26.65  0.41029  0.0500  0.100
  804  2.925  -26.55  0.33478  0.0500  0.100
  805  2.925  -26.45  0.30582  0.0500  0.100
  806  2.925  -26.35  0.35613  0.0500  0.100
  807  2.925  -26.25  0.32237  0.0500  0.100
  808  2.925  -26.15  0.42607  0.0500  0.100
  809  2.925  -26.05  0.38480  0.0500  0.100
  810  2.925  -25.95  0.39759  0.0500  0.100
  811  2.925  -25.85  0.36239  0.0500  0.100
  812  2.925  -25.75  0.39673  0.0500  0.100
  813  2.925  -25.65  0.36854  0.0500  0.100
  814  2.925  -25.55  0.35594  0.0500  0.100
  815  2.925  -25.45  0.29784  0.0500  0.100
  816  2.925  -25.35  0.36873  0.0500  0.100
  817  2.925  -25.25  0.27619  0.0500  0.100
  818  2.925  -25.15  0.31727  0.0500  0.100
  819  2.925  -25.05  0.27484  0.0500  0.100
  820  2.925  -24.95  0.29745  0.0500  0.100
  821  2.925  -24.85  0.29966  0.0500  0.100
  822  2.925  -24.75  0.31640  0.0500  0.100
  823  2.925  -24.65  0.21174  0.0500  0.100
  824  2.925  -24.55  0.29101  0.0500  0.100
  825  2.925  -24.45  0.27244  0.0500  0.100
  826  2.925  -24.35  0.22203  0.0500  0.100
  827  2.925  -24.25  0.21616  0.0500  0.100
  828  2.925  -24.15  0.19336  0.0500  0.100
  829  2.925  -24.05  0.20654  0.0500  0.100
  830  2.925  -23.95  0.17374  0.0500  0.100
  831  2.925  -23.85  0.14603  0.0500  0.100
  832  2.925  -23.75  0.13362  0.0500  0.100
  833  2.925  -23.65  0.12333  0.0500  0.100
  834  2.925  -23.55  0.13997  0.0500  0.100
  835  2.925  -23.45  0.09033  0.0500  0.100
  836  2.925  -23.35  0.08706  0.0500  0.100
  837  2.975  -27.70  0.00000  0.0500  0.100
  838  2.975  -27.60  0.00000  0.0500  0.100
  839  2.975  -27.50  0.00000  0.0500  0.100
  840  2.975  -27.40  0.09620  0.0500  0.100
  841  2.975  -27.30  0.30861  0.0500  0.100
  842  2.975  -27.20  0.30544  0.0500  0.100
  843  2.975  -27.10  0.38749  0.0500  0.100
  844  2.975  -27.00  0.40856  0.0500  0.100
  845  2.975  -26.90  0.36017  0.0500  0.100
  846  2.975  -26.80  0.47850  0.0500  0.100
  847  2.975  -26.70  0.49072  0.0500  0.100
  848  2.975  -26.60  0.37354  0.0500  0.100
  849  2.975  -26.50  0.36383  0.0500  0.100
  850  2.975  -26.40  0.41231  0.0500  0.100
  851  2.975  -26.30  0.48591  0.0500  0.100
  852  2.975  -26.20  0.46157  0.0500  0.100
  853  2.975  -26.10  0.42376  0.0500  0.100
  854  2.975  -26.00  0.37643  0.0500  0.100
  855  2.975  -25.90  0.43049  0.0500  0.100
  856  2.975  -25.80  0.37480  0.0500  0.100
  857  2.975  -25.70  0.43723  0.0500  0.100
  858  2.975  -25.60  0.35171  0.0500  0.100
  859  2.975  -25.50  0.38576  0.0500  0.100
  860  2.975  -25.40  0.36508  0.0500  0.100
  861  2.975  -25.30  0.37999  0.0500  0.100
  862  2.975  -25.20  0.36267  0.0500  0.100
  863  2.975  -25.10  0.30784  0.0500  0.100
  864  2.975  -25.00  0.40702  0.0500  0.100
  865  2.975  -24.90  0.37354  0.0500  0.100
  866  2.975  -24.80  0.26619  0.0500  0.100
  867  2.975  -24.70  0.34026  0.0500  0.100
  868  2.975  -24.60  0.31217  0.0500  0.100
  869  2.975  -24.50  0.30986  0.0500  0.100
  870  2.975  -24.40  0.19644  0.0500  0.100
  871  2.975  -24.30  0.19240  0.0500  0.100
  872  2.975  -24.20  0.25233  0.0500  0.100
  873  2.975  -24.10  0.18653  0.0500  0.100
  874  2.975  -24.00  0.17143  0.0500  0.100
  875  2.975  -23.90  0.16893  0.0500  0.100
  876  2.975  -23.80  0.11236  0.0500  0.100
  877  2.975  -23.70  0.13747  0.0500  0.100
  878  2.975  -23.60  0.12621  0.0500  0.100
  879  2.975  -23.50  0.10794  0.0500  0.100
  880  2.975  -23.40  0.04348  0.0500  0.100
  881  3.025  -27.74  0.00000  0.0500  0.100
  882  3.025  -27.64  0.00000  0.0500  0.100
  883  3.025  -27.54  0.00000  0.0500  0.100
  884  3.025  -27.44  0.20914  0.0500  0.100
  885  3.025  -27.34  0.30659  0.0500  0.100
  886  3.025  -27.24  0.33170  0.0500  0.100
  887  3.025  -27.14  0.40741  0.0500  0.100
  888  3.025  -27.04  0.51621  0.0500  0.100
  889  3.025  -26.94  0.45647  0.0500  0.100
  890  3.025  -26.84  0.47379  0.0500  0.100
  891  3.025  -26.74  0.50390  0.0500  0.100
  892  3.025  -26.64  0.42751  0.0500  0.100
  893  3.025  -26.54  0.51467  0.0500  0.100
  894  3.025  -26.44  0.45935  0.0500  0.100
  895  3.025  -26.34  0.45618  0.0500  0.100
  896  3.025  -26.24  0.47648  0.0500  0.100
  897  3.025  -26.14  0.56036  0.0500  0.100
  898  3.025  -26.04  0.52333  0.0500  0.100
  899  3.025  -25.94  0.43771  0.0500  0.100
  900  3.025  -25.84  0.46128  0.0500  0.100
  901  3.025  -25.74  0.50486  0.0500  0.100
  902  3.025  -25.64  0.41626  0.0500  0.100
  903  3.025  -25.54  0.42088  0.0500  0.100
  904  3.025  -25.44  0.45272  0.0500  0.100
  905  3.025  -25.34  0.47109  0.0500  0.100
  906  3.025  -25.24  0.34391  0.0500  0.100
  907  3.025  -25.14  0.37037  0.0500  0.100
  908  3.025  -25.04  0.38480  0.0500  0.100
  909  3.025  -24.94  0.43165  0.0500  0.100
  910  3.025  -24.84  0.34930  0.0500  0.100
  911  3.025  -24.74  0.37893  0.0500  0.100
  912  3.025  -24.64  0.34055  0.0500  0.100
  913  3.025  -24.54  0.33834  0.0500  0.100
  914  3.025  -24.44  0.33987  0.0500  0.100
  915  3.025  -24.34  0.24310  0.0500  0.100
  916  3.025  -24.24  0.25022  0.0500  0.100
  917  3.025  -24.14  0.19923  0.0500  0.100
  918  3.025  -24.04  0.21693  0.0500  0.100
  919  3.025  -23.94  0.14122  0.0500  0.100
  920  3.025  -23.84  0.14218  0.0500  0.100
  921  3.025  -23.74  0.09408  0.0500  0.100
  922  3.025  -23.64  0.09918  0.0500  0.100
  923  3.025  -23.54  0.10563  0.0500  0.100
  924  3.025  -23.44  0.03829  0.0500  0.100
  925  3.075  -27.78  0.00000  0.0500  0.100
  926  3.075  -27.68  0.00000  0.0500  0.100
  927  3.075  -27.58  0.00000  0.0500  0.100
  928  3.075  -27.48  0.23935  0.0500  0.100
  929  3.075  -27.38  0.39894  0.0500  0.100
  930  3.075  -27.28  0.42751  0.0500  0.100
  931  3.075  -27.18  0.51679  0.0500  0.100
  932  3.075  -27.08  0.50168  0.0500  0.100
  933  3.075  -26.98  0.50813  0.0500  0.100
  934  3.075  -26.88  0.48995  0.0500  0.100
  935  3.075  -26.78  0.45214  0.0500  0.100
  936  3.075  -26.68  0.42203  0.0500  0.100
  937  3.075  -26.58  0.52237  0.0500  0.100
  938  3.075  -26.48  0.52679  0.0500  0.100
  939  3.075  -26.38  0.53776  0.0500  0.100
  940  3.075  -26.28  0.45926  0.0500  0.100
  941  3.075  -26.18  0.53853  0.0500  0.100
  942  3.075  -26.08  0.49668  0.0500  0.100
  943  3.075  -25.98  0.53006  0.0500  0.100
  944  3.075  -25.88  0.52333  0.0500  0.100
  945  3.075  -25.78  0.52929  0.0500  0.100
  946  3.075  -25.68  0.52516  0.0500  0.100
  947  3.075  -25.58  0.45050  0.0500  0.100
  948  3.075  -25.48  0.49687  0.0500  0.100
  949  3.075  -25.38  0.51871  0.0500  0.100
  950  3.075  -25.28  0.47196  0.0500  0.100
  951  3.075  -25.18  0.45541  0.0500  0.100
  952  3.075  -25.08  0.43665  0.0500  0.100
  953  3.075  -24.98  0.45243  0.0500  0.100
  954  3.075  -24.88  0.39577  0.0500  0.100
  955  3.075  -24.78  0.43146  0.0500  0.100
  956  3.075  -24.68  0.37614  0.0500  0.100
  957  3.075  -24.58  0.34180  0.0500  0.100
  958  3.075  -24.48  0.34978  0.0500  0.100
  959  3.075  -24.38  0.29928  0.0500  0.100
  960  3.075  -24.28  0.23386  0.0500  0.100
  961  3.075  -24.18  0.20721  0.0500  0.100
  962  3.075  -24.08  0.24521  0.0500  0.100
  963  3.075  -23.98  0.14334  0.0500  0.100
  964  3.075  -23.88  0.18037  0.0500  0.100
  965  3.075  -23.78  0.12333  0.0500  0.100
  966  3.075  -23.68  0.08206  0.0500  0.100
  967  3.075  -23.58  0.06705  0.0500  0.100
  968  3.075  -23.48  0.04762  0.0500  0.100
  969  3.125  -27.81  0.00000  0.0500  0.100
  970  3.125  -27.71  0.00000  0.0500  0.100
  971  3.125  -27.61  0.00000  0.0500  0.100
  972  3.125  -27.51  0.21866  0.0500  0.100
  973  3.125  -27.41  0.38971  0.0500  0.100
  974  3.125  -27.31  0.45570  0.0500  0.100
  975  3.125  -27.21  0.51217  0.0500  0.100
  976  3.125  -27.11  0.60866  0.0500  0.100
  977  3.125  -27.01  0.52670  0.0500  0.100
  978  3.125  -26.91  0.55931  0.0500  0.100
  979  3.125  -26.81  0.47128  0.0500  0.100
  980  3.125  -26.71  0.47340  0.0500  0.100
  981  3.125  -26.61  0.53025  0.0500  0.100
  982  3.125  -26.51  0.61125  0.0500  0.100
  983  3.125  -26.41  0.52727  0.0500  0.100
  984  3.125  -26.31  0.50688  0.0500  0.100
  985  3.125  -26.21  0.59615  0.0500  0.100
  986  3.125  -26.11  0.61395  0.0500  0.100
  987  3.125  -26.01  0.59461  0.0500  0.100
  988  3.125  -25.91  0.55296  0.0500  0.100
  989  3.125  -25.81  0.57075  0.0500  0.100
  990  3.125  -25.71  0.54642  0.0500  0.100
  991  3.125  -25.61  0.49466  0.0500  0.100
  992  3.125  -25.51  0.49986  0.0500  0.100
  993  3.125  -25.41  0.55584  0.0500  0.100
  994  3.125  -25.31  0.50005  0.0500  0.100
  995  3.125  -25.21  0.49312  0.0500  0.100
  996  3.125  -25.11  0.50813  0.0500  0.100
  997  3.125  -25.01  0.44040  0.0500  0.100
  998  3.125  -24.91  0.52419  0.0500  0.100
  999  3.125  -24.81  0.48417  0.0500  0.100
 1000  3.125  -24.71  0.37989  0.0500  0.100
 1001  3.125  -24.61  0.38797  0.0500  0.100
 1002  3.125  -24.51  0.35527  0.0500  0.100
 1003  3.125  -24.41  0.27330  0.0500  0.100
 1004  3.125  -24.31  0.25339  0.0500  0.100
 1005  3.125  -24.21  0.21539  0.0500  0.100
 1006  3.125  -24.11  0.20587  0.0500  0.100
 1007  3.125  -24.01  0.15806  0.0500  0.100
 1008  3.125  -23.91  0.12862  0.0500  0.100
 1009  3.125  -23.81  0.10390  0.0500  0.100
 1010  3.125  -23.71  0.08369  0.0500  0.100
 1011  3.125  -23.61  0.05089  0.0500  0.100
 1012  3.125  -23.51  0.03454  0.0500  0.100
 1013  3.175  -27.85  0.00000  0.0500  0.100
 1014  3.175  -27.75  0.00000  0.0500  0.100
 1015  3.175  -27.65  0.00000  0.0500  0.100
 1016  3.175  -27.55  0.23146  0.0500  0.100
 1017  3.175  -27.45  0.52035  0.0500  0.100
 1018  3.175  -27.35  0.50534  0.0500  0.100
 1019  3.175  -27.25  0.59759  0.0500  0.100
 1020  3.175  -27.15  0.56989  0.0500  0.100
 1021  3.175  -27.05  0.55373  0.0500  0.100
 1022  3.175  -26.95  0.57191  0.0500  0.100
 1023  3.175  -26.85  0.52429  0.0500  0.100
 1024  3.175  -26.75  0.54901  0.0500  0.100
 1025  3.175  -26.65  0.54497  0.0500  0.100
 1026  3.175  -26.55  0.66166  0.0500  0.100
 1027  3.175  -26.45  0.58422  0.0500  0.100
 1028  3.175  -26.35  0.56556  0.0500  0.100
 1029  3.175  -26.25  0.62828  0.0500  0.100
 1030  3.175  -26.15  0.53795  0.0500  0.100
 1031  3.175  -26.05  0.52708  0.0500  0.100
 1032  3.175  -25.95  0.49745  0.0500  0.100
 1033  3.175  -25.85  0.59365  0.0500  0.100
 1034  3.175  -25.75  0.56441  0.0500  0.100
 1035  3.175  -25.65  0.51438  0.0500  0.100
 1036  3.175  -25.55  0.55305  0.0500  0.100
 1037  3.175  -25.45  0.59009  0.0500  0.100
 1038  3.175  -25.35  0.55988  0.0500  0.100
 1039  3.175  -25.25  0.51842  0.0500  0.100
 1040  3.175  -25.15  0.53555  0.0500  0.100
 1041  3.175  -25.05  0.51121  0.0500  0.100
 1042  3.175  -24.95  0.51380  0.0500  0.100
 1043  3.175  -24.85  0.42896  0.0500  0.100
 1044  3.175  -24.75  0.51698  0.0500  0.100
 1045  3.175  -24.65  0.43829  0.0500  0.100
 1046  3.175  -24.55  0.40875  0.0500  0.100
 1047  3.175  -24.45  0.28745  0.0500  0.100
 1048  3.175  -24.35  0.31679  0.0500  0.100
 1049  3.175  -24.25  0.27994  0.0500  0.100
 1050  3.175  -24.15  0.23444  0.0500  0.100
 1051  3.175  -24.05  0.13680  0.0500  0.100
 1052  3.175  -23.95  0.13747  0.0500  0.100
 1053  3.175  -23.85  0.10919  0.0500  0.100
 1054  3.175  -23.75  0.06811  0.0500  0.100
 1055  3.175  -23.65  0.03511  0.0500  0.100
 1056  3.175  -23.55  0.02886  0.0500  0.100
 1057  3.225  -27.89  0.00000  0.0500  0.100
 1058  3.225  -27.79  0.00000  0.0500  0.100
 1059  3.225  -27.69  0.00000  0.0500  0.100
 1060  3.225  -27.59  0.23684  0.0500  0.100
 1061  3.225  -27.49  0.56825  0.0500  0.100
 1062  3.225  -27.39  0.55604  0.0500  0.100
 1063  3.225  -27.29  0.52391  0.0500  0.100
 1064  3.225  -27.19  0.58086  0.0500  0.100
 1065  3.225  -27.09  0.61847  0.0500  0.100
 1066  3.225  -26.99  0.50216  0.0500  0.100
 1067  3.225  -26.89  0.54565  0.0500  0.100
 1068  3.225  -26.79  0.55161  0.0500  0.100
 1069  3.225  -26.69  0.56777  0.0500  0.100
 1070  3.225  -26.59  0.56392  0.0500  0.100
 1071  3.225  -26.49  0.56113  0.0500  0.100
 1072  3.225  -26.39  0.54969  0.0500  0.100
 1073  3.225  -26.29  0.55296  0.0500  0.100
 1074  3.225  -26.19  0.60500  0.0500  0.100
 1075  3.225  -26.09  0.54228  0.0500  0.100
 1076  3.225  -25.99  0.56344  0.0500  0.100
 1077  3.225  -25.89  0.56585  0.0500  0.100
 1078  3.225  -25.79  0.58884  0.0500  0.100
 1079  3.225  -25.69  0.59548  0.0500  0.100
 1080  3.225  -25.59  0.58788  0.0500  0.100
 1081  3.225  -25.49  0.54709  0.0500  0.100
 1082  3.225  -25.39  0.55911  0.0500  0.100
 1083  3.225  -25.29  0.55479  0.0500  0.100
 1084  3.225  -25.19  0.54209  0.0500  0.100
 1085  3.225  -25.09  0.58451  0.0500  0.100
 1086  3.225  -24.99  0.53583  0.0500  0.100
 1087  3.225  -24.89  0.43348  0.0500  0.100
 1088  3.225  -24.79  0.42549  0.0500  0.100
 1089  3.225  -24.69  0.44319  0.0500  0.100
 1090  3.225  -24.59  0.33728  0.0500  0.100
 1091  3.225  -24.49  0.31852  0.0500  0.100
 1092  3.225  -24.39  0.32063  0.0500  0.100
 1093  3.225  -24.29  0.28812  0.0500  0.100
 1094  3.225  -24.19  0.19153  0.0500  0.100
 1095  3.225  -24.09  0.16950  0.0500  0.100
 1096  3.225  -23.99  0.12410  0.0500  0.100
 1097  3.225  -23.89  0.09572  0.0500  0.100
 1098  3.225  -23.79  0.04512  0.0500  0.100
 1099  3.225  -23.69  0.04069  0.0500  0.100
 1100  3.225  -23.59  0.02251  0.0500  0.100
 1101  3.275  -27.93  0.00000  0.0500  0.100
 1102  3.275  -27.83  0.00000  0.0500  0.100
 1103  3.275  -27.73  0.00000  0.0500  0.100
 1104  3.275  -27.63  0.22838  0.0500  0.100
 1105  3.275  -27.53  0.53814  0.0500  0.100
 1106  3.275  -27.43  0.49707  0.0500  0.100
 1107  3.275  -27.33  0.60327  0.0500  0.100
 1108  3.275  -27.23  0.63175  0.0500  0.100
 1109  3.275  -27.13  0.53497  0.0500  0.100
 1110  3.275  -27.03  0.52516  0.0500  0.100
 1111  3.275  -26.93  0.52150  0.0500  0.100
 1112  3.275  -26.83  0.47330  0.0500  0.100
 1113  3.275  -26.73  0.54391  0.0500  0.100
 1114  3.275  -26.63  0.58740  0.0500  0.100
 1115  3.275  -26.53  0.60125  0.0500  0.100
 1116  3.275  -26.43  0.54141  0.0500  0.100
 1117  3.275  -26.33  0.54353  0.0500  0.100
 1118  3.275  -26.23  0.56267  0.0500  0.100
 1119  3.275  -26.13  0.53930  0.0500  0.100
 1120  3.275  -26.03  0.49100  0.0500  0.100
 1121  3.275  -25.93  0.53987  0.0500  0.100
 1122  3.275  -25.83  0.54440  0.0500  0.100
 1123  3.275  -25.73  0.47100  0.0500  0.100
 1124  3.275  -25.63  0.59307  0.0500  0.100
 1125  3.275  -25.53  0.61260  0.0500  0.100
 1126  3.275  -25.43  0.42232  0.0500  0.100
 1127  3.275  -25.33  0.52939  0.0500  0.100
 1128  3.275  -25.23  0.52314  0.0500  0.100
 1129  3.275  -25.13  0.51938  0.0500  0.100
 1130  3.275  -25.03  0.50091  0.0500  0.100
 1131  3.275  -24.93  0.41058  0.0500  0.100
 1132  3.275  -24.83  0.36508  0.0500  0.100
 1133  3.275  -24.73  0.34353  0.0500  0.100
 1134  3.275  -24.63  0.35998  0.0500  0.100
 1135  3.275  -24.53  0.32631  0.0500  0.100
 1136  3.275  -24.43  0.26965  0.0500  0.100
 1137  3.275  -24.33  0.22828  0.0500  0.100
 1138  3.275  -24.23  0.20173  0.0500  0.100
 1139  3.275  -24.13  0.14796  0.0500  0.100
 1140  3.275  -24.03  0.07946  0.0500  0.100
 1141  3.275  -23.93  0.06061  0.0500  0.100
 1142  3.275  -23.83  0.06974  0.0500  0.100
 1143  3.275  -23.73  0.03656  0.0500  0.100
 1144  3.275  -23.63  0.03761  0.0500  0.100
 1145  3.325  -27.97  0.00000  0.0500  0.100
 1146  3.325  -27.87  0.00000  0.0500  0.100
 1147  3.325  -27.77  0.00000  0.0500  0.100
 1148  3.325  -27.67  0.25137  0.0500  0.100
 1149  3.325  -27.57  0.48321  0.0500  0.100
 1150  3.325  -27.47  0.53266  0.0500  0.100
 1151  3.325  -27.37  0.51438  0.0500  0.100
 1152  3.325  -27.27  0.55796  0.0500  0.100
 1153  3.325  -27.17  0.40587  0.0500  0.100
 1154  3.325  -27.07  0.51246  0.0500  0.100
 1155  3.325  -26.97  0.44512  0.0500  0.100
 1156  3.325  -26.87  0.46214  0.0500  0.100
 1157  3.325  -26.77  0.53025  0.0500  0.100
 1158  3.325  -26.67  0.50630  0.0500  0.100
 1159  3.325  -26.57  0.49601  0.0500  0.100
 1160  3.325  -26.47  0.57229  0.0500  0.100
 1161  3.325  -26.37  0.55690  0.0500  0.100
 1162  3.325  -26.27  0.48600  0.0500  0.100
 1163  3.325  -26.17  0.48562  0.0500  0.100
 1164  3.325  -26.07  0.54391  0.0500  0.100
 1165  3.325  -25.97  0.42059  0.0500  0.100
 1166  3.325  -25.87  0.43348  0.0500  0.100
 1167  3.325  -25.77  0.43819  0.0500  0.100
 1168  3.325  -25.67  0.49986  0.0500  0.100
 1169  3.325  -25.57  0.45243  0.0500  0.100
 1170  3.325  -25.47  0.55103  0.0500  0.100
 1171  3.325  -25.37  0.46301  0.0500  0.100
 1172  3.325  -25.27  0.39423  0.0500  0.100
 1173  3.325  -25.17  0.49235  0.0500  0.100
 1174  3.325  -25.07  0.39019  0.0500  0.100
 1175  3.325  -24.97  0.39076  0.0500  0.100
 1176  3.325  -24.87  0.40029  0.0500  0.100
 1177  3.325  -24.77  0.32063  0.0500  0.100
 1178  3.325  -24.67  0.23896  0.0500  0.100
 1179  3.325  -24.57  0.26186  0.0500  0.100
 1180  3.325  -24.47  0.20192  0.0500  0.100
 1181  3.325  -24.37  0.15700  0.0500  0.100
 1182  3.325  -24.27  0.09533  0.0500  0.100
 1183  3.325  -24.17  0.09024  0.0500  0.100
 1184  3.325  -24.07  0.07071  0.0500  0.100
 1185  3.325  -23.97  0.05262  0.0500  0.100
 1186  3.325  -23.87  0.02684  0.0500  0.100
 1187  3.325  -23.77  0.00875  0.0500  0.100
 1188  3.325  -23.67  0.00462  0.0500  0.100
 1189  3.375  -28.00  0.00000  0.0500  0.100
 1190  3.375  -27.90  0.00000  0.0500  0.100
 1191  3.375  -27.80  0.00000  0.0500  0.100
 1192  3.375  -27.70  0.19480  0.0500  0.100
 1193  3.375  -27.60  0.33920  0.0500  0.100
 1194  3.375  -27.50  0.39788  0.0500  0.100
 1195  3.375  -27.40  0.45022  0.0500  0.100
 1196  3.375  -27.30  0.44435  0.0500  0.100
 1197  3.375  -27.20  0.39153  0.0500  0.100
 1198  3.375  -27.10  0.48956  0.0500  0.100
 1199  3.375  -27.00  0.43290  0.0500  0.100
 1200  3.375  -26.90  0.31910  0.0500  0.100
 1201  3.375  -26.80  0.40885  0.0500  0.100
 1202  3.375  -26.70  0.44435  0.0500  0.100
 1203  3.375  -26.60  0.41424  0.0500  0.100
 1204  3.375  -26.50  0.45127  0.0500  0.100
 1205  3.375  -26.40  0.49533  0.0500  0.100
 1206  3.375  -26.30  0.43059  0.0500  0.100
 1207  3.375  -26.20  0.43598  0.0500  0.100
 1208  3.375  -26.10  0.33920  0.0500  0.100
 1209  3.375  -26.00  0.38201  0.0500  0.100
 1210  3.375  -25.90  0.35729  0.0500  0.100
 1211  3.375  -25.80  0.31275  0.0500  0.100
 1212  3.375  -25.70  0.33372  0.0500  0.100
 1213  3.375  -25.60  0.42116  0.0500  0.100
 1214  3.375  -25.50  0.37710  0.0500  0.100
 1215  3.375  -25.40  0.29014  0.0500  0.100
 1216  3.375  -25.30  0.34940  0.0500  0.100
 1217  3.375  -25.20  0.33151  0.0500  0.100
 1218  3.375  -25.10  0.28918  0.0500  0.100
 1219  3.375  -25.00  0.24637  0.0500  0.100
 1220  3.375  -24.90  0.23742  0.0500  0.100
 1221  3.375  -24.80  0.16527  0.0500  0.100
 1222  3.375  -24.70  0.16710  0.0500  0.100
 1223  3.375  -24.60  0.13122  0.0500  0.100
 1224  3.375  -24.50  0.13555  0.0500  0.100
 1225  3.375  -24.40  0.11236  0.0500  0.100
 1226  3.375  -24.30  0.05685  0.0500  0.100
 1227  3.375  -24.20  0.06013  0.0500  0.100
 1228  3.375  -24.10  0.02713  0.0500  0.100
 1229  3.375  -24.00  0.01982  0.0500  0.100
 1230  3.375  -23.90  0.02155  0.0500  0.100
 1231  3.375  -23.80  0.01337  0.0500  0.100
 1232  3.375  -23.70  0.00000  0.0500  0.100
 1233  3.425  -28.02  0.00000  0.0500  0.100
 1234  3.425  -27.92  0.00000  0.0500  0.100
 1235  3.425  -27.82  0.00000  0.0500  0.100
 1236  3.425  -27.72  0.18653  0.0500  0.100
 1237  3.425  -27.62  0.29630  0.0500  0.100
 1238  3.425  -27.52  0.27677  0.0500  0.100
 1239  3.425  -27.42  0.25522  0.0500  0.100
 1240  3.425  -27.32  0.31236  0.0500  0.100
 1241  3.425  -27.22  0.29322  0.0500  0.100
 1242  3.425  -27.12  0.26801  0.0500  0.100
 1243  3.425  -27.02  0.24781  0.0500  0.100
 1244  3.425  -26.92  0.26676  0.0500  0.100
 1245  3.425  -26.82  0.26397  0.0500  0.100
 1246  3.425  -26.72  0.33401  0.0500  0.100
 1247  3.425  -26.62  0.29601  0.0500  0.100
 1248  3.425  -26.52  0.25079  0.0500  0.100
 1249  3.425  -26.42  0.35209  0.0500  0.100
 1250  3.425  -26.32  0.32564  0.0500  0.100
 1251  3.425  -26.22  0.27292  0.0500  0.100
 1252  3.425  -26.12  0.23810  0.0500  0.100
 1253  3.425  -26.02  0.27100  0.0500  0.100
 1254  3.425  -25.92  0.24050  0.0500  0.100
 1255  3.425  -25.82  0.23540  0.0500  0.100
 1256  3.425  -25.72  0.25137  0.0500  0.100
 1257  3.425  -25.62  0.22751  0.0500  0.100
 1258  3.425  -25.52  0.20789  0.0500  0.100
 1259  3.425  -25.42  0.23165  0.0500  0.100
 1260  3.425  -25.32  0.20519  0.0500  0.100
 1261  3.425  -25.22  0.18692  0.0500  0.100
 1262  3.425  -25.12  0.13064  0.0500  0.100
 1263  3.425  -25.02  0.12468  0.0500  0.100
 1264  3.425  -24.92  0.09928  0.0500  0.100
 1265  3.425  -24.82  0.07869  0.0500  0.100
 1266  3.425  -24.72  0.05426  0.0500  0.100
 1267  3.425  -24.62  0.04550  0.0500  0.100
 1268  3.425  -24.52  0.04810  0.0500  0.100
 1269  3.425  -24.42  0.02655  0.0500  0.100
 1270  3.425  -24.32  0.02126  0.0500  0.100
 1271  3.425  -24.22  0.01760  0.0500  0.100
 1272  3.425  -24.12  0.00895  0.0500  0.100
 1273  3.425  -24.02  0.00991  0.0500  0.100
 1274  3.425  -23.92  0.00433  0.0500  0.100
 1275  3.425  -23.82  0.00000  0.0500  0.100
 1276  3.425  -23.72  0.00000  0.0500  0.100
 1277  3.475  -28.03  0.00000  0.0500  0.100
 1278  3.475  -27.93  0.00000  0.0500  0.100
 1279  3.475  -27.83  0.00000  0.0500  0.100
 1280  3.475  -27.73  0.06647  0.0500  0.100
 1281  3.475  -27.63  0.10014  0.0500  0.100
 1282  3.475  -27.53  0.12448  0.0500  0.100
 1283  3.475  -27.43  0.11063  0.0500  0.100
 1284  3.475  -27.33  0.11005  0.0500  0.100
 1285  3.475  -27.23  0.08552  0.0500  0.100
 1286  3.475  -27.13  0.10572  0.0500  0.100
 1287  3.475  -27.03  0.11679  0.0500  0.100
 1288  3.475  -26.93  0.16585  0.0500  0.100
 1289  3.475  -26.83  0.09562  0.0500  0.100
 1290  3.475  -26.73  0.13324  0.0500  0.100
 1291  3.475  -26.63  0.09764  0.0500  0.100
 1292  3.475  -26.53  0.10582  0.0500  0.100
 1293  3.475  -26.43  0.12727  0.0500  0.100
 1294  3.475  -26.33  0.16335  0.0500  0.100
 1295  3.475  -26.23  0.11784  0.0500  0.100
 1296  3.475  -26.13  0.10390  0.0500  0.100
 1297  3.475  -26.03  0.07734  0.0500  0.100
 1298  3.475  -25.93  0.07860  0.0500  0.100
 1299  3.475  -25.83  0.09370  0.0500  0.100
 1300  3.475  -25.73  0.09966  0.0500  0.100
 1301  3.475  -25.63  0.10794  0.0500  0.100
 1302  3.475  -25.53  0.06542  0.0500  0.100
 1303  3.475  -25.43  0.07148  0.0500  0.100
 1304  3.475  -25.33  0.07937  0.0500  0.100
 1305  3.475  -25.23  0.06051  0.0500  0.100
 1306  3.475  -25.13  0.07744  0.0500  0.100
 1307  3.475  -25.03  0.05628  0.0500  0.100
 1308  3.475  -24.93  0.03627  0.0500  0.100
 1309  3.475  -24.83  0.05734  0.0500  0.100
 1310  3.475  -24.73  0.02549  0.0500  0.100
 1311  3.475  -24.63  0.01097  0.0500  0.100
 1312  3.475  -24.53  0.00673  0.0500  0.100
 1313  3.475  -24.43  0.01145  0.0500  0.100
 1314  3.475  -24.33  0.00933  0.0500  0.100
 1315  3.475  -24.23  0.00943  0.0500  0.100
 1316  3.475  -24.13  0.00510  0.0500  0.100
 1317  3.475  -24.03  0.00000  0.0500  0.100
 1318  3.475  -23.93  0.00452  0.0500  0.100
 1319  3.475  -23.83  0.00000  0.0500  0.100
 1320  3.475  -23.73  0.00000  0.0500  0.100
 1321  3.525  -28.04  0.00000  0.0500  0.100
 1322  3.525  -27.94  0.00000  0.0500  0.100
 1323  3.525  -27.84  0.00000  0.0500  0.100
 1324  3.525  -27.74  0.01366  0.0500  0.100
 1325  3.525  -27.64  0.04868  0.0500  0.100
 1326  3.525  -27.54  0.01809  0.0500  0.100
 1327  3.525  -27.44  0.02944  0.0500  0.100
 1328  3.525  -27.34  0.01895  0.0500  0.100
 1329  3.525  -27.24  0.04675  0.0500  0.100
 1330  3.525  -27.14  0.04598  0.0500  0.100
 1331  3.525  -27.04  0.03252  0.0500  0.100
 1332  3.525  -26.94  0.01549  0.0500  0.100
 1333  3.525  -26.84  0.02482  0.0500  0.100
 1334  3.525  -26.74  0.04618  0.0500  0.100
 1335  3.525  -26.64  0.02751  0.0500  0.100
 1336  3.525  -26.54  0.02819  0.0500  0.100
 1337  3.525  -26.44  0.01029  0.0500  0.100
 1338  3.525  -26.34  0.03136  0.0500  0.100
 1339  3.525  -26.24  0.01462  0.0500  0.100
 1340  3.525  -26.14  0.03165  0.0500  0.100
 1341  3.525  -26.04  0.04964  0.0500  0.100
 1342  3.525  -25.94  0.02963  0.0500  0.100
 1343  3.525  -25.84  0.04762  0.0500  0.100
 1344  3.525  -25.74  0.04291  0.0500  0.100
 1345  3.525  -25.64  0.03992  0.0500  0.100
 1346  3.525  -25.54  0.01020  0.0500  0.100
 1347  3.525  -25.44  0.03319  0.0500  0.100
 1348  3.525  -25.34  0.03165  0.0500  0.100
 1349  3.525  -25.24  0.03069  0.0500  0.100
 1350  3.525  -25.14  0.00548  0.0500  0.100
 1351  3.525  -25.04  0.01222  0.0500  0.100
 1352  3.525  -24.94  0.01674  0.0500  0.100
 1353  3.525  -24.84  0.01722  0.0500  0.100
 1354  3.525  -24.74  0.00596  0.0500  0.100
 1355  3.525  -24.64  0.00000  0.0500  0.100
 1356  3.525  -24.54  0.00000  0.0500  0.100
 1357  3.525  -24.44  0.01154  0.0500  0.100
 1358  3.525  -24.34  0.00000  0.0500  0.100
 1359  3.525  -24.24  0.00000  0.0500  0.100
 1360  3.525  -24.14  0.00000  0.0500  0.100
 1361  3.525  -24.04  0.00000  0.0500  0.100
 1362  3.525  -23.94  0.00000  0.0500  0.100
 1363  3.525  -23.84  0.00000  0.0500  0.100
 1364  3.525  -23.74  0.00000  0.0500  0.100
 1365  3.575  -28.06  0.00000  0.0500  0.100
 1366  3.575  -27.96  0.00000  0.0500  0.100
 1367  3.575  -27.86  0.00000  0.0500  0.100
 1368  3.575  -27.76  0.00981  0.0500  0.100
 1369  3.575  -27.66  0.02597  0.0500  0.100
 1370  3.575  -27.56  0.00933  0.0500  0.100
 1371  3.575  -27.46  0.01453  0.0500  0.100
 1372  3.575  -27.36  0.00943  0.0500  0.100
 1373  3.575  -27.26  0.01414  0.0500  0.100
 1374  3.575  -27.16  0.00443  0.0500  0.100
 1375  3.575  -27.06  0.01077  0.0500  0.100
 1376  3.575  -26.96  0.02078  0.0500  0.100
 1377  3.575  -26.86  0.01020  0.0500  0.100
 1378  3.575  -26.76  0.01453  0.0500  0.100
 1379  3.575  -26.66  0.01722  0.0500  0.100
 1380  3.575  -26.56  0.01472  0.0500  0.100
 1381  3.575  -26.46  0.01405  0.0500  0.100
 1382  3.575  -26.36  0.02001  0.0500  0.100
 1383  3.575  -26.26  0.01789  0.0500  0.100
 1384  3.575  -26.16  0.01299  0.0500  0.100
 1385  3.575  -26.06  0.01876  0.0500  0.100
 1386  3.575  -25.96  0.01712  0.0500  0.100
 1387  3.575  -25.86  0.00000  0.0500  0.100
 1388  3.575  -25.76  0.00952  0.0500  0.100
 1389  3.575  -25.66  0.01530  0.0500  0.100
 1390  3.575  -25.56  0.01328  0.0500  0.100
 1391  3.575  -25.46  0.00962  0.0500  0.100
 1392  3.575  -25.36  0.01943  0.0500  0.100
 1393  3.575  -25.26  0.01000  0.0500  0.100
 1394  3.575  -25.16  0.01770  0.0500  0.100
 1395  3.575  -25.06  0.00000  0.0500  0.100
 1396  3.575  -24.96  0.01684  0.0500  0.100
 1397  3.575  -24.86  0.00000  0.0500  0.100
 1398  3.575  -24.76  0.00000  0.0500  0.100
 1399  3.575  -24.66  0.00606  0.0500  0.100
 1400  3.575  -24.56  0.00000  0.0500  0.100
 1401  3.575  -24.46  0.00000  0.0500  0.100
 1402  3.575  -24.36  0.00000  0.0500  0.100
 1403  3.575  -24.26  0.00000  0.0500  0.100
 1404  3.575  -24.16  0.00491  0.0500  0.100
 1405  3.575  -24.06  0.00000  0.0500  0.100
 1406  3.575  -23.96  0.00414  0.0500  0.100
 1407  3.575  -23.86  0.00000  0.0500  0.100
 1408  3.575  -23.76  0.00000  0.0500  0.100
# dzs = [ 0.05]
# dmags = [ 0.1]
