1  7.45  -40.05  1.00
2  7.45  -39.95  1.00
3  7.45  -39.85  1.00
4  7.45  -39.75  1.00
5  7.45  -39.65  1.00
6  7.45  -39.55  1.00
7  7.45  -39.45  1.00
8  7.45  -39.35  1.00
9  7.45  -39.25  1.00
10  7.45  -39.15  1.00
11  7.45  -39.05  1.00
12  7.45  -38.95  1.00
13  7.45  -38.85  1.00
14  7.45  -38.75  1.00
15  7.45  -38.65  1.00
16  7.45  -38.55  1.00
17  7.45  -38.45  1.00
18  7.45  -38.35  1.00
19  7.45  -38.25  1.00
20  7.45  -38.15  1.00
21  7.45  -38.05  1.00
22  7.45  -37.95  1.00
23  7.45  -37.85  1.00
24  7.45  -37.75  1.00
25  7.45  -37.65  1.00
26  7.45  -37.55  1.00
27  7.45  -37.45  1.00
28  7.45  -37.35  1.00
29  7.45  -37.25  1.00
30  7.45  -37.15  1.00
31  7.45  -37.05  1.00
32  7.45  -36.95  1.00
33  7.45  -36.85  1.00
34  7.45  -36.75  1.00
35  7.45  -36.65  1.00
36  7.45  -36.55  1.00
37  7.45  -36.45  1.00
38  7.45  -36.35  1.00
39  7.45  -36.25  1.00
40  7.45  -36.15  1.00
41  7.45  -36.05  1.00
42  7.45  -35.95  1.00
43  7.45  -35.85  1.00
44  7.45  -35.75  1.00
45  7.45  -35.65  1.00
46  7.45  -35.55  1.00
47  7.45  -35.45  1.00
48  7.45  -35.35  1.00
49  7.45  -35.25  1.00
50  7.45  -35.15  1.00
51  7.45  -35.05  1.00
52  7.45  -34.95  1.00
53  7.45  -34.85  1.00
54  7.45  -34.75  1.00
55  7.45  -34.65  1.00
56  7.45  -34.55  1.00
57  7.45  -34.45  1.00
58  7.45  -34.35  1.00
59  7.45  -34.25  1.00
60  7.45  -34.15  1.00
61  7.45  -34.05  1.00
62  7.45  -33.95  1.00
63  7.45  -33.85  1.00
64  7.45  -33.75  1.00
65  7.45  -33.65  1.00
66  7.45  -33.55  1.00
67  7.45  -33.45  1.00
68  7.45  -33.35  1.00
69  7.45  -33.25  1.00
70  7.45  -33.15  1.00
71  7.45  -33.05  1.00
72  7.45  -32.95  1.00
73  7.45  -32.85  1.00
74  7.45  -32.75  1.00
75  7.45  -32.65  1.00
76  7.45  -32.55  1.00
77  7.45  -32.45  1.00
78  7.45  -32.35  1.00
79  7.45  -32.25  1.00
80  7.45  -32.15  1.00
81  7.45  -32.05  1.00
82  7.45  -31.95  1.00
83  7.45  -31.85  1.00
84  7.45  -31.75  1.00
85  7.45  -31.65  1.00
86  7.45  -31.55  1.00
87  7.45  -31.45  1.00
88  7.45  -31.35  1.00
89  7.45  -31.25  1.00
90  7.45  -31.15  1.00
91  7.45  -31.05  1.00
92  7.45  -30.95  1.00
93  7.45  -30.85  1.00
94  7.45  -30.75  1.00
95  7.45  -30.65  1.00
96  7.45  -30.55  1.00
97  7.45  -30.45  1.00
98  7.45  -30.35  1.00
99  7.45  -30.25  1.00
100  7.45  -30.15  1.00
101  7.45  -30.05  1.00
102  7.45  -29.95  1.00
103  7.45  -29.85  1.00
104  7.45  -29.75  1.00
105  7.45  -29.65  1.00
106  7.45  -29.55  1.00
107  7.45  -29.45  1.00
108  7.45  -29.35  1.00
109  7.45  -29.25  1.00
110  7.45  -29.15  1.00
111  7.45  -29.05  1.00
112  7.45  -28.95  1.00
113  7.45  -28.85  1.00
114  7.45  -28.75  1.00
115  7.45  -28.65  1.00
116  7.45  -28.55  1.00
117  7.45  -28.45  1.00
118  7.45  -28.35  1.00
119  7.45  -28.25  1.00
120  7.45  -28.15  1.00
121  7.45  -28.05  1.00
122  7.45  -27.95  1.00
123  7.45  -27.85  1.00
124  7.45  -27.75  1.00
125  7.45  -27.65  1.00
126  7.45  -27.55  1.00
127  7.45  -27.45  1.00
128  7.45  -27.35  1.00
129  7.45  -27.25  1.00
130  7.45  -27.15  1.00
131  7.45  -27.05  1.00
132  7.45  -26.95  1.00
133  7.45  -26.85  1.00
134  7.45  -26.75  1.00
135  7.45  -26.65  1.00
136  7.55  -40.05  1.00
137  7.55  -39.95  1.00
138  7.55  -39.85  1.00
139  7.55  -39.75  1.00
140  7.55  -39.65  1.00
141  7.55  -39.55  1.00
142  7.55  -39.45  1.00
143  7.55  -39.35  1.00
144  7.55  -39.25  1.00
145  7.55  -39.15  1.00
146  7.55  -39.05  1.00
147  7.55  -38.95  1.00
148  7.55  -38.85  1.00
149  7.55  -38.75  1.00
150  7.55  -38.65  1.00
151  7.55  -38.55  1.00
152  7.55  -38.45  1.00
153  7.55  -38.35  1.00
154  7.55  -38.25  1.00
155  7.55  -38.15  1.00
156  7.55  -38.05  1.00
157  7.55  -37.95  1.00
158  7.55  -37.85  1.00
159  7.55  -37.75  1.00
160  7.55  -37.65  1.00
161  7.55  -37.55  1.00
162  7.55  -37.45  1.00
163  7.55  -37.35  1.00
164  7.55  -37.25  1.00
165  7.55  -37.15  1.00
166  7.55  -37.05  1.00
167  7.55  -36.95  1.00
168  7.55  -36.85  1.00
169  7.55  -36.75  1.00
170  7.55  -36.65  1.00
171  7.55  -36.55  1.00
172  7.55  -36.45  1.00
173  7.55  -36.35  1.00
174  7.55  -36.25  1.00
175  7.55  -36.15  1.00
176  7.55  -36.05  1.00
177  7.55  -35.95  1.00
178  7.55  -35.85  1.00
179  7.55  -35.75  1.00
180  7.55  -35.65  1.00
181  7.55  -35.55  1.00
182  7.55  -35.45  1.00
183  7.55  -35.35  1.00
184  7.55  -35.25  1.00
185  7.55  -35.15  1.00
186  7.55  -35.05  1.00
187  7.55  -34.95  1.00
188  7.55  -34.85  1.00
189  7.55  -34.75  1.00
190  7.55  -34.65  1.00
191  7.55  -34.55  1.00
192  7.55  -34.45  1.00
193  7.55  -34.35  1.00
194  7.55  -34.25  1.00
195  7.55  -34.15  1.00
196  7.55  -34.05  1.00
197  7.55  -33.95  1.00
198  7.55  -33.85  1.00
199  7.55  -33.75  1.00
200  7.55  -33.65  1.00
201  7.55  -33.55  1.00
202  7.55  -33.45  1.00
203  7.55  -33.35  1.00
204  7.55  -33.25  1.00
205  7.55  -33.15  1.00
206  7.55  -33.05  1.00
207  7.55  -32.95  1.00
208  7.55  -32.85  1.00
209  7.55  -32.75  1.00
210  7.55  -32.65  1.00
211  7.55  -32.55  1.00
212  7.55  -32.45  1.00
213  7.55  -32.35  1.00
214  7.55  -32.25  1.00
215  7.55  -32.15  1.00
216  7.55  -32.05  1.00
217  7.55  -31.95  1.00
218  7.55  -31.85  1.00
219  7.55  -31.75  1.00
220  7.55  -31.65  1.00
221  7.55  -31.55  1.00
222  7.55  -31.45  1.00
223  7.55  -31.35  1.00
224  7.55  -31.25  1.00
225  7.55  -31.15  1.00
226  7.55  -31.05  1.00
227  7.55  -30.95  1.00
228  7.55  -30.85  1.00
229  7.55  -30.75  1.00
230  7.55  -30.65  1.00
231  7.55  -30.55  1.00
232  7.55  -30.45  1.00
233  7.55  -30.35  1.00
234  7.55  -30.25  1.00
235  7.55  -30.15  1.00
236  7.55  -30.05  1.00
237  7.55  -29.95  1.00
238  7.55  -29.85  1.00
239  7.55  -29.75  1.00
240  7.55  -29.65  1.00
241  7.55  -29.55  1.00
242  7.55  -29.45  1.00
243  7.55  -29.35  1.00
244  7.55  -29.25  1.00
245  7.55  -29.15  1.00
246  7.55  -29.05  1.00
247  7.55  -28.95  1.00
248  7.55  -28.85  1.00
249  7.55  -28.75  1.00
250  7.55  -28.65  1.00
251  7.55  -28.55  1.00
252  7.55  -28.45  1.00
253  7.55  -28.35  1.00
254  7.55  -28.25  1.00
255  7.55  -28.15  1.00
256  7.55  -28.05  1.00
257  7.55  -27.95  1.00
258  7.55  -27.85  1.00
259  7.55  -27.75  1.00
260  7.55  -27.65  1.00
261  7.55  -27.55  1.00
262  7.55  -27.45  1.00
263  7.55  -27.35  1.00
264  7.55  -27.25  1.00
265  7.55  -27.15  1.00
266  7.55  -27.05  1.00
267  7.55  -26.95  1.00
268  7.55  -26.85  1.00
269  7.55  -26.75  1.00
270  7.55  -26.65  1.00
271  7.65  -40.05  1.00
272  7.65  -39.95  1.00
273  7.65  -39.85  1.00
274  7.65  -39.75  1.00
275  7.65  -39.65  1.00
276  7.65  -39.55  1.00
277  7.65  -39.45  1.00
278  7.65  -39.35  1.00
279  7.65  -39.25  1.00
280  7.65  -39.15  1.00
281  7.65  -39.05  1.00
282  7.65  -38.95  1.00
283  7.65  -38.85  1.00
284  7.65  -38.75  1.00
285  7.65  -38.65  1.00
286  7.65  -38.55  1.00
287  7.65  -38.45  1.00
288  7.65  -38.35  1.00
289  7.65  -38.25  1.00
290  7.65  -38.15  1.00
291  7.65  -38.05  1.00
292  7.65  -37.95  1.00
293  7.65  -37.85  1.00
294  7.65  -37.75  1.00
295  7.65  -37.65  1.00
296  7.65  -37.55  1.00
297  7.65  -37.45  1.00
298  7.65  -37.35  1.00
299  7.65  -37.25  1.00
300  7.65  -37.15  1.00
301  7.65  -37.05  1.00
302  7.65  -36.95  1.00
303  7.65  -36.85  1.00
304  7.65  -36.75  1.00
305  7.65  -36.65  1.00
306  7.65  -36.55  1.00
307  7.65  -36.45  1.00
308  7.65  -36.35  1.00
309  7.65  -36.25  1.00
310  7.65  -36.15  1.00
311  7.65  -36.05  1.00
312  7.65  -35.95  1.00
313  7.65  -35.85  1.00
314  7.65  -35.75  1.00
315  7.65  -35.65  1.00
316  7.65  -35.55  1.00
317  7.65  -35.45  1.00
318  7.65  -35.35  1.00
319  7.65  -35.25  1.00
320  7.65  -35.15  1.00
321  7.65  -35.05  1.00
322  7.65  -34.95  1.00
323  7.65  -34.85  1.00
324  7.65  -34.75  1.00
325  7.65  -34.65  1.00
326  7.65  -34.55  1.00
327  7.65  -34.45  1.00
328  7.65  -34.35  1.00
329  7.65  -34.25  1.00
330  7.65  -34.15  1.00
331  7.65  -34.05  1.00
332  7.65  -33.95  1.00
333  7.65  -33.85  1.00
334  7.65  -33.75  1.00
335  7.65  -33.65  1.00
336  7.65  -33.55  1.00
337  7.65  -33.45  1.00
338  7.65  -33.35  1.00
339  7.65  -33.25  1.00
340  7.65  -33.15  1.00
341  7.65  -33.05  1.00
342  7.65  -32.95  1.00
343  7.65  -32.85  1.00
344  7.65  -32.75  1.00
345  7.65  -32.65  1.00
346  7.65  -32.55  1.00
347  7.65  -32.45  1.00
348  7.65  -32.35  1.00
349  7.65  -32.25  1.00
350  7.65  -32.15  1.00
351  7.65  -32.05  1.00
352  7.65  -31.95  1.00
353  7.65  -31.85  1.00
354  7.65  -31.75  1.00
355  7.65  -31.65  1.00
356  7.65  -31.55  1.00
357  7.65  -31.45  1.00
358  7.65  -31.35  1.00
359  7.65  -31.25  1.00
360  7.65  -31.15  1.00
361  7.65  -31.05  1.00
362  7.65  -30.95  1.00
363  7.65  -30.85  1.00
364  7.65  -30.75  1.00
365  7.65  -30.65  1.00
366  7.65  -30.55  1.00
367  7.65  -30.45  1.00
368  7.65  -30.35  1.00
369  7.65  -30.25  1.00
370  7.65  -30.15  1.00
371  7.65  -30.05  1.00
372  7.65  -29.95  1.00
373  7.65  -29.85  1.00
374  7.65  -29.75  1.00
375  7.65  -29.65  1.00
376  7.65  -29.55  1.00
377  7.65  -29.45  1.00
378  7.65  -29.35  1.00
379  7.65  -29.25  1.00
380  7.65  -29.15  1.00
381  7.65  -29.05  1.00
382  7.65  -28.95  1.00
383  7.65  -28.85  1.00
384  7.65  -28.75  1.00
385  7.65  -28.65  1.00
386  7.65  -28.55  1.00
387  7.65  -28.45  1.00
388  7.65  -28.35  1.00
389  7.65  -28.25  1.00
390  7.65  -28.15  1.00
391  7.65  -28.05  1.00
392  7.65  -27.95  1.00
393  7.65  -27.85  1.00
394  7.65  -27.75  1.00
395  7.65  -27.65  1.00
396  7.65  -27.55  1.00
397  7.65  -27.45  1.00
398  7.65  -27.35  1.00
399  7.65  -27.25  1.00
400  7.65  -27.15  1.00
401  7.65  -27.05  1.00
402  7.65  -26.95  1.00
403  7.65  -26.85  1.00
404  7.65  -26.75  1.00
405  7.65  -26.65  1.00
406  7.75  -40.05  1.00
407  7.75  -39.95  1.00
408  7.75  -39.85  1.00
409  7.75  -39.75  1.00
410  7.75  -39.65  1.00
411  7.75  -39.55  1.00
412  7.75  -39.45  1.00
413  7.75  -39.35  1.00
414  7.75  -39.25  1.00
415  7.75  -39.15  1.00
416  7.75  -39.05  1.00
417  7.75  -38.95  1.00
418  7.75  -38.85  1.00
419  7.75  -38.75  1.00
420  7.75  -38.65  1.00
421  7.75  -38.55  1.00
422  7.75  -38.45  1.00
423  7.75  -38.35  1.00
424  7.75  -38.25  1.00
425  7.75  -38.15  1.00
426  7.75  -38.05  1.00
427  7.75  -37.95  1.00
428  7.75  -37.85  1.00
429  7.75  -37.75  1.00
430  7.75  -37.65  1.00
431  7.75  -37.55  1.00
432  7.75  -37.45  1.00
433  7.75  -37.35  1.00
434  7.75  -37.25  1.00
435  7.75  -37.15  1.00
436  7.75  -37.05  1.00
437  7.75  -36.95  1.00
438  7.75  -36.85  1.00
439  7.75  -36.75  1.00
440  7.75  -36.65  1.00
441  7.75  -36.55  1.00
442  7.75  -36.45  1.00
443  7.75  -36.35  1.00
444  7.75  -36.25  1.00
445  7.75  -36.15  1.00
446  7.75  -36.05  1.00
447  7.75  -35.95  1.00
448  7.75  -35.85  1.00
449  7.75  -35.75  1.00
450  7.75  -35.65  1.00
451  7.75  -35.55  1.00
452  7.75  -35.45  1.00
453  7.75  -35.35  1.00
454  7.75  -35.25  1.00
455  7.75  -35.15  1.00
456  7.75  -35.05  1.00
457  7.75  -34.95  1.00
458  7.75  -34.85  1.00
459  7.75  -34.75  1.00
460  7.75  -34.65  1.00
461  7.75  -34.55  1.00
462  7.75  -34.45  1.00
463  7.75  -34.35  1.00
464  7.75  -34.25  1.00
465  7.75  -34.15  1.00
466  7.75  -34.05  1.00
467  7.75  -33.95  1.00
468  7.75  -33.85  1.00
469  7.75  -33.75  1.00
470  7.75  -33.65  1.00
471  7.75  -33.55  1.00
472  7.75  -33.45  1.00
473  7.75  -33.35  1.00
474  7.75  -33.25  1.00
475  7.75  -33.15  1.00
476  7.75  -33.05  1.00
477  7.75  -32.95  1.00
478  7.75  -32.85  1.00
479  7.75  -32.75  1.00
480  7.75  -32.65  1.00
481  7.75  -32.55  1.00
482  7.75  -32.45  1.00
483  7.75  -32.35  1.00
484  7.75  -32.25  1.00
485  7.75  -32.15  1.00
486  7.75  -32.05  1.00
487  7.75  -31.95  1.00
488  7.75  -31.85  1.00
489  7.75  -31.75  1.00
490  7.75  -31.65  1.00
491  7.75  -31.55  1.00
492  7.75  -31.45  1.00
493  7.75  -31.35  1.00
494  7.75  -31.25  1.00
495  7.75  -31.15  1.00
496  7.75  -31.05  1.00
497  7.75  -30.95  1.00
498  7.75  -30.85  1.00
499  7.75  -30.75  1.00
500  7.75  -30.65  1.00
501  7.75  -30.55  1.00
502  7.75  -30.45  1.00
503  7.75  -30.35  1.00
504  7.75  -30.25  1.00
505  7.75  -30.15  1.00
506  7.75  -30.05  1.00
507  7.75  -29.95  1.00
508  7.75  -29.85  1.00
509  7.75  -29.75  1.00
510  7.75  -29.65  1.00
511  7.75  -29.55  1.00
512  7.75  -29.45  1.00
513  7.75  -29.35  1.00
514  7.75  -29.25  1.00
515  7.75  -29.15  1.00
516  7.75  -29.05  1.00
517  7.75  -28.95  1.00
518  7.75  -28.85  1.00
519  7.75  -28.75  1.00
520  7.75  -28.65  1.00
521  7.75  -28.55  1.00
522  7.75  -28.45  1.00
523  7.75  -28.35  1.00
524  7.75  -28.25  1.00
525  7.75  -28.15  1.00
526  7.75  -28.05  1.00
527  7.75  -27.95  1.00
528  7.75  -27.85  1.00
529  7.75  -27.75  1.00
530  7.75  -27.65  1.00
531  7.75  -27.55  1.00
532  7.75  -27.45  1.00
533  7.75  -27.35  1.00
534  7.75  -27.25  1.00
535  7.75  -27.15  1.00
536  7.75  -27.05  1.00
537  7.75  -26.95  1.00
538  7.75  -26.85  1.00
539  7.75  -26.75  1.00
540  7.75  -26.65  1.00
541  7.85  -40.05  1.00
542  7.85  -39.95  1.00
543  7.85  -39.85  1.00
544  7.85  -39.75  1.00
545  7.85  -39.65  1.00
546  7.85  -39.55  1.00
547  7.85  -39.45  1.00
548  7.85  -39.35  1.00
549  7.85  -39.25  1.00
550  7.85  -39.15  1.00
551  7.85  -39.05  1.00
552  7.85  -38.95  1.00
553  7.85  -38.85  1.00
554  7.85  -38.75  1.00
555  7.85  -38.65  1.00
556  7.85  -38.55  1.00
557  7.85  -38.45  1.00
558  7.85  -38.35  1.00
559  7.85  -38.25  1.00
560  7.85  -38.15  1.00
561  7.85  -38.05  1.00
562  7.85  -37.95  1.00
563  7.85  -37.85  1.00
564  7.85  -37.75  1.00
565  7.85  -37.65  1.00
566  7.85  -37.55  1.00
567  7.85  -37.45  1.00
568  7.85  -37.35  1.00
569  7.85  -37.25  1.00
570  7.85  -37.15  1.00
571  7.85  -37.05  1.00
572  7.85  -36.95  1.00
573  7.85  -36.85  1.00
574  7.85  -36.75  1.00
575  7.85  -36.65  1.00
576  7.85  -36.55  1.00
577  7.85  -36.45  1.00
578  7.85  -36.35  1.00
579  7.85  -36.25  1.00
580  7.85  -36.15  1.00
581  7.85  -36.05  1.00
582  7.85  -35.95  1.00
583  7.85  -35.85  1.00
584  7.85  -35.75  1.00
585  7.85  -35.65  1.00
586  7.85  -35.55  1.00
587  7.85  -35.45  1.00
588  7.85  -35.35  1.00
589  7.85  -35.25  1.00
590  7.85  -35.15  1.00
591  7.85  -35.05  1.00
592  7.85  -34.95  1.00
593  7.85  -34.85  1.00
594  7.85  -34.75  1.00
595  7.85  -34.65  1.00
596  7.85  -34.55  1.00
597  7.85  -34.45  1.00
598  7.85  -34.35  1.00
599  7.85  -34.25  1.00
600  7.85  -34.15  1.00
601  7.85  -34.05  1.00
602  7.85  -33.95  1.00
603  7.85  -33.85  1.00
604  7.85  -33.75  1.00
605  7.85  -33.65  1.00
606  7.85  -33.55  1.00
607  7.85  -33.45  1.00
608  7.85  -33.35  1.00
609  7.85  -33.25  1.00
610  7.85  -33.15  1.00
611  7.85  -33.05  1.00
612  7.85  -32.95  1.00
613  7.85  -32.85  1.00
614  7.85  -32.75  1.00
615  7.85  -32.65  1.00
616  7.85  -32.55  1.00
617  7.85  -32.45  1.00
618  7.85  -32.35  1.00
619  7.85  -32.25  1.00
620  7.85  -32.15  1.00
621  7.85  -32.05  1.00
622  7.85  -31.95  1.00
623  7.85  -31.85  1.00
624  7.85  -31.75  1.00
625  7.85  -31.65  1.00
626  7.85  -31.55  1.00
627  7.85  -31.45  1.00
628  7.85  -31.35  1.00
629  7.85  -31.25  1.00
630  7.85  -31.15  1.00
631  7.85  -31.05  1.00
632  7.85  -30.95  1.00
633  7.85  -30.85  1.00
634  7.85  -30.75  1.00
635  7.85  -30.65  1.00
636  7.85  -30.55  1.00
637  7.85  -30.45  1.00
638  7.85  -30.35  1.00
639  7.85  -30.25  1.00
640  7.85  -30.15  1.00
641  7.85  -30.05  1.00
642  7.85  -29.95  1.00
643  7.85  -29.85  1.00
644  7.85  -29.75  1.00
645  7.85  -29.65  1.00
646  7.85  -29.55  1.00
647  7.85  -29.45  1.00
648  7.85  -29.35  1.00
649  7.85  -29.25  1.00
650  7.85  -29.15  1.00
651  7.85  -29.05  1.00
652  7.85  -28.95  1.00
653  7.85  -28.85  1.00
654  7.85  -28.75  1.00
655  7.85  -28.65  1.00
656  7.85  -28.55  1.00
657  7.85  -28.45  1.00
658  7.85  -28.35  1.00
659  7.85  -28.25  1.00
660  7.85  -28.15  1.00
661  7.85  -28.05  1.00
662  7.85  -27.95  1.00
663  7.85  -27.85  1.00
664  7.85  -27.75  1.00
665  7.85  -27.65  1.00
666  7.85  -27.55  1.00
667  7.85  -27.45  1.00
668  7.85  -27.35  1.00
669  7.85  -27.25  1.00
670  7.85  -27.15  1.00
671  7.85  -27.05  1.00
672  7.85  -26.95  1.00
673  7.85  -26.85  1.00
674  7.85  -26.75  1.00
675  7.85  -26.65  1.00
676  7.95  -40.05  1.00
677  7.95  -39.95  1.00
678  7.95  -39.85  1.00
679  7.95  -39.75  1.00
680  7.95  -39.65  1.00
681  7.95  -39.55  1.00
682  7.95  -39.45  1.00
683  7.95  -39.35  1.00
684  7.95  -39.25  1.00
685  7.95  -39.15  1.00
686  7.95  -39.05  1.00
687  7.95  -38.95  1.00
688  7.95  -38.85  1.00
689  7.95  -38.75  1.00
690  7.95  -38.65  1.00
691  7.95  -38.55  1.00
692  7.95  -38.45  1.00
693  7.95  -38.35  1.00
694  7.95  -38.25  1.00
695  7.95  -38.15  1.00
696  7.95  -38.05  1.00
697  7.95  -37.95  1.00
698  7.95  -37.85  1.00
699  7.95  -37.75  1.00
700  7.95  -37.65  1.00
701  7.95  -37.55  1.00
702  7.95  -37.45  1.00
703  7.95  -37.35  1.00
704  7.95  -37.25  1.00
705  7.95  -37.15  1.00
706  7.95  -37.05  1.00
707  7.95  -36.95  1.00
708  7.95  -36.85  1.00
709  7.95  -36.75  1.00
710  7.95  -36.65  1.00
711  7.95  -36.55  1.00
712  7.95  -36.45  1.00
713  7.95  -36.35  1.00
714  7.95  -36.25  1.00
715  7.95  -36.15  1.00
716  7.95  -36.05  1.00
717  7.95  -35.95  1.00
718  7.95  -35.85  1.00
719  7.95  -35.75  1.00
720  7.95  -35.65  1.00
721  7.95  -35.55  1.00
722  7.95  -35.45  1.00
723  7.95  -35.35  1.00
724  7.95  -35.25  1.00
725  7.95  -35.15  1.00
726  7.95  -35.05  1.00
727  7.95  -34.95  1.00
728  7.95  -34.85  1.00
729  7.95  -34.75  1.00
730  7.95  -34.65  1.00
731  7.95  -34.55  1.00
732  7.95  -34.45  1.00
733  7.95  -34.35  1.00
734  7.95  -34.25  1.00
735  7.95  -34.15  1.00
736  7.95  -34.05  1.00
737  7.95  -33.95  1.00
738  7.95  -33.85  1.00
739  7.95  -33.75  1.00
740  7.95  -33.65  1.00
741  7.95  -33.55  1.00
742  7.95  -33.45  1.00
743  7.95  -33.35  1.00
744  7.95  -33.25  1.00
745  7.95  -33.15  1.00
746  7.95  -33.05  1.00
747  7.95  -32.95  1.00
748  7.95  -32.85  1.00
749  7.95  -32.75  1.00
750  7.95  -32.65  1.00
751  7.95  -32.55  1.00
752  7.95  -32.45  1.00
753  7.95  -32.35  1.00
754  7.95  -32.25  1.00
755  7.95  -32.15  1.00
756  7.95  -32.05  1.00
757  7.95  -31.95  1.00
758  7.95  -31.85  1.00
759  7.95  -31.75  1.00
760  7.95  -31.65  1.00
761  7.95  -31.55  1.00
762  7.95  -31.45  1.00
763  7.95  -31.35  1.00
764  7.95  -31.25  1.00
765  7.95  -31.15  1.00
766  7.95  -31.05  1.00
767  7.95  -30.95  1.00
768  7.95  -30.85  1.00
769  7.95  -30.75  1.00
770  7.95  -30.65  1.00
771  7.95  -30.55  1.00
772  7.95  -30.45  1.00
773  7.95  -30.35  1.00
774  7.95  -30.25  1.00
775  7.95  -30.15  1.00
776  7.95  -30.05  1.00
777  7.95  -29.95  1.00
778  7.95  -29.85  1.00
779  7.95  -29.75  1.00
780  7.95  -29.65  1.00
781  7.95  -29.55  1.00
782  7.95  -29.45  1.00
783  7.95  -29.35  1.00
784  7.95  -29.25  1.00
785  7.95  -29.15  1.00
786  7.95  -29.05  1.00
787  7.95  -28.95  1.00
788  7.95  -28.85  1.00
789  7.95  -28.75  1.00
790  7.95  -28.65  1.00
791  7.95  -28.55  1.00
792  7.95  -28.45  1.00
793  7.95  -28.35  1.00
794  7.95  -28.25  1.00
795  7.95  -28.15  1.00
796  7.95  -28.05  1.00
797  7.95  -27.95  1.00
798  7.95  -27.85  1.00
799  7.95  -27.75  1.00
800  7.95  -27.65  1.00
801  7.95  -27.55  1.00
802  7.95  -27.45  1.00
803  7.95  -27.35  1.00
804  7.95  -27.25  1.00
805  7.95  -27.15  1.00
806  7.95  -27.05  1.00
807  7.95  -26.95  1.00
808  7.95  -26.85  1.00
809  7.95  -26.75  1.00
810  7.95  -26.65  1.00
811  8.05  -40.05  1.00
812  8.05  -39.95  1.00
813  8.05  -39.85  1.00
814  8.05  -39.75  1.00
815  8.05  -39.65  1.00
816  8.05  -39.55  1.00
817  8.05  -39.45  1.00
818  8.05  -39.35  1.00
819  8.05  -39.25  1.00
820  8.05  -39.15  1.00
821  8.05  -39.05  1.00
822  8.05  -38.95  1.00
823  8.05  -38.85  1.00
824  8.05  -38.75  1.00
825  8.05  -38.65  1.00
826  8.05  -38.55  1.00
827  8.05  -38.45  1.00
828  8.05  -38.35  1.00
829  8.05  -38.25  1.00
830  8.05  -38.15  1.00
831  8.05  -38.05  1.00
832  8.05  -37.95  1.00
833  8.05  -37.85  1.00
834  8.05  -37.75  1.00
835  8.05  -37.65  1.00
836  8.05  -37.55  1.00
837  8.05  -37.45  1.00
838  8.05  -37.35  1.00
839  8.05  -37.25  1.00
840  8.05  -37.15  1.00
841  8.05  -37.05  1.00
842  8.05  -36.95  1.00
843  8.05  -36.85  1.00
844  8.05  -36.75  1.00
845  8.05  -36.65  1.00
846  8.05  -36.55  1.00
847  8.05  -36.45  1.00
848  8.05  -36.35  1.00
849  8.05  -36.25  1.00
850  8.05  -36.15  1.00
851  8.05  -36.05  1.00
852  8.05  -35.95  1.00
853  8.05  -35.85  1.00
854  8.05  -35.75  1.00
855  8.05  -35.65  1.00
856  8.05  -35.55  1.00
857  8.05  -35.45  1.00
858  8.05  -35.35  1.00
859  8.05  -35.25  1.00
860  8.05  -35.15  1.00
861  8.05  -35.05  1.00
862  8.05  -34.95  1.00
863  8.05  -34.85  1.00
864  8.05  -34.75  1.00
865  8.05  -34.65  1.00
866  8.05  -34.55  1.00
867  8.05  -34.45  1.00
868  8.05  -34.35  1.00
869  8.05  -34.25  1.00
870  8.05  -34.15  1.00
871  8.05  -34.05  1.00
872  8.05  -33.95  1.00
873  8.05  -33.85  1.00
874  8.05  -33.75  1.00
875  8.05  -33.65  1.00
876  8.05  -33.55  1.00
877  8.05  -33.45  1.00
878  8.05  -33.35  1.00
879  8.05  -33.25  1.00
880  8.05  -33.15  1.00
881  8.05  -33.05  1.00
882  8.05  -32.95  1.00
883  8.05  -32.85  1.00
884  8.05  -32.75  1.00
885  8.05  -32.65  1.00
886  8.05  -32.55  1.00
887  8.05  -32.45  1.00
888  8.05  -32.35  1.00
889  8.05  -32.25  1.00
890  8.05  -32.15  1.00
891  8.05  -32.05  1.00
892  8.05  -31.95  1.00
893  8.05  -31.85  1.00
894  8.05  -31.75  1.00
895  8.05  -31.65  1.00
896  8.05  -31.55  1.00
897  8.05  -31.45  1.00
898  8.05  -31.35  1.00
899  8.05  -31.25  1.00
900  8.05  -31.15  1.00
901  8.05  -31.05  1.00
902  8.05  -30.95  1.00
903  8.05  -30.85  1.00
904  8.05  -30.75  1.00
905  8.05  -30.65  1.00
906  8.05  -30.55  1.00
907  8.05  -30.45  1.00
908  8.05  -30.35  1.00
909  8.05  -30.25  1.00
910  8.05  -30.15  1.00
911  8.05  -30.05  1.00
912  8.05  -29.95  1.00
913  8.05  -29.85  1.00
914  8.05  -29.75  1.00
915  8.05  -29.65  1.00
916  8.05  -29.55  1.00
917  8.05  -29.45  1.00
918  8.05  -29.35  1.00
919  8.05  -29.25  1.00
920  8.05  -29.15  1.00
921  8.05  -29.05  1.00
922  8.05  -28.95  1.00
923  8.05  -28.85  1.00
924  8.05  -28.75  1.00
925  8.05  -28.65  1.00
926  8.05  -28.55  1.00
927  8.05  -28.45  1.00
928  8.05  -28.35  1.00
929  8.05  -28.25  1.00
930  8.05  -28.15  1.00
931  8.05  -28.05  1.00
932  8.05  -27.95  1.00
933  8.05  -27.85  1.00
934  8.05  -27.75  1.00
935  8.05  -27.65  1.00
936  8.05  -27.55  1.00
937  8.05  -27.45  1.00
938  8.05  -27.35  1.00
939  8.05  -27.25  1.00
940  8.05  -27.15  1.00
941  8.05  -27.05  1.00
942  8.05  -26.95  1.00
943  8.05  -26.85  1.00
944  8.05  -26.75  1.00
945  8.05  -26.65  1.00
946  8.15  -40.05  1.00
947  8.15  -39.95  1.00
948  8.15  -39.85  1.00
949  8.15  -39.75  1.00
950  8.15  -39.65  1.00
951  8.15  -39.55  1.00
952  8.15  -39.45  1.00
953  8.15  -39.35  1.00
954  8.15  -39.25  1.00
955  8.15  -39.15  1.00
956  8.15  -39.05  1.00
957  8.15  -38.95  1.00
958  8.15  -38.85  1.00
959  8.15  -38.75  1.00
960  8.15  -38.65  1.00
961  8.15  -38.55  1.00
962  8.15  -38.45  1.00
963  8.15  -38.35  1.00
964  8.15  -38.25  1.00
965  8.15  -38.15  1.00
966  8.15  -38.05  1.00
967  8.15  -37.95  1.00
968  8.15  -37.85  1.00
969  8.15  -37.75  1.00
970  8.15  -37.65  1.00
971  8.15  -37.55  1.00
972  8.15  -37.45  1.00
973  8.15  -37.35  1.00
974  8.15  -37.25  1.00
975  8.15  -37.15  1.00
976  8.15  -37.05  1.00
977  8.15  -36.95  1.00
978  8.15  -36.85  1.00
979  8.15  -36.75  1.00
980  8.15  -36.65  1.00
981  8.15  -36.55  1.00
982  8.15  -36.45  1.00
983  8.15  -36.35  1.00
984  8.15  -36.25  1.00
985  8.15  -36.15  1.00
986  8.15  -36.05  1.00
987  8.15  -35.95  1.00
988  8.15  -35.85  1.00
989  8.15  -35.75  1.00
990  8.15  -35.65  1.00
991  8.15  -35.55  1.00
992  8.15  -35.45  1.00
993  8.15  -35.35  1.00
994  8.15  -35.25  1.00
995  8.15  -35.15  1.00
996  8.15  -35.05  1.00
997  8.15  -34.95  1.00
998  8.15  -34.85  1.00
999  8.15  -34.75  1.00
1000  8.15  -34.65  1.00
1001  8.15  -34.55  1.00
1002  8.15  -34.45  1.00
1003  8.15  -34.35  1.00
1004  8.15  -34.25  1.00
1005  8.15  -34.15  1.00
1006  8.15  -34.05  1.00
1007  8.15  -33.95  1.00
1008  8.15  -33.85  1.00
1009  8.15  -33.75  1.00
1010  8.15  -33.65  1.00
1011  8.15  -33.55  1.00
1012  8.15  -33.45  1.00
1013  8.15  -33.35  1.00
1014  8.15  -33.25  1.00
1015  8.15  -33.15  1.00
1016  8.15  -33.05  1.00
1017  8.15  -32.95  1.00
1018  8.15  -32.85  1.00
1019  8.15  -32.75  1.00
1020  8.15  -32.65  1.00
1021  8.15  -32.55  1.00
1022  8.15  -32.45  1.00
1023  8.15  -32.35  1.00
1024  8.15  -32.25  1.00
1025  8.15  -32.15  1.00
1026  8.15  -32.05  1.00
1027  8.15  -31.95  1.00
1028  8.15  -31.85  1.00
1029  8.15  -31.75  1.00
1030  8.15  -31.65  1.00
1031  8.15  -31.55  1.00
1032  8.15  -31.45  1.00
1033  8.15  -31.35  1.00
1034  8.15  -31.25  1.00
1035  8.15  -31.15  1.00
1036  8.15  -31.05  1.00
1037  8.15  -30.95  1.00
1038  8.15  -30.85  1.00
1039  8.15  -30.75  1.00
1040  8.15  -30.65  1.00
1041  8.15  -30.55  1.00
1042  8.15  -30.45  1.00
1043  8.15  -30.35  1.00
1044  8.15  -30.25  1.00
1045  8.15  -30.15  1.00
1046  8.15  -30.05  1.00
1047  8.15  -29.95  1.00
1048  8.15  -29.85  1.00
1049  8.15  -29.75  1.00
1050  8.15  -29.65  1.00
1051  8.15  -29.55  1.00
1052  8.15  -29.45  1.00
1053  8.15  -29.35  1.00
1054  8.15  -29.25  1.00
1055  8.15  -29.15  1.00
1056  8.15  -29.05  1.00
1057  8.15  -28.95  1.00
1058  8.15  -28.85  1.00
1059  8.15  -28.75  1.00
1060  8.15  -28.65  1.00
1061  8.15  -28.55  1.00
1062  8.15  -28.45  1.00
1063  8.15  -28.35  1.00
1064  8.15  -28.25  1.00
1065  8.15  -28.15  1.00
1066  8.15  -28.05  1.00
1067  8.15  -27.95  1.00
1068  8.15  -27.85  1.00
1069  8.15  -27.75  1.00
1070  8.15  -27.65  1.00
1071  8.15  -27.55  1.00
1072  8.15  -27.45  1.00
1073  8.15  -27.35  1.00
1074  8.15  -27.25  1.00
1075  8.15  -27.15  1.00
1076  8.15  -27.05  1.00
1077  8.15  -26.95  1.00
1078  8.15  -26.85  1.00
1079  8.15  -26.75  1.00
1080  8.15  -26.65  1.00
1081  8.25  -40.05  1.00
1082  8.25  -39.95  1.00
1083  8.25  -39.85  1.00
1084  8.25  -39.75  1.00
1085  8.25  -39.65  1.00
1086  8.25  -39.55  1.00
1087  8.25  -39.45  1.00
1088  8.25  -39.35  1.00
1089  8.25  -39.25  1.00
1090  8.25  -39.15  1.00
1091  8.25  -39.05  1.00
1092  8.25  -38.95  1.00
1093  8.25  -38.85  1.00
1094  8.25  -38.75  1.00
1095  8.25  -38.65  1.00
1096  8.25  -38.55  1.00
1097  8.25  -38.45  1.00
1098  8.25  -38.35  1.00
1099  8.25  -38.25  1.00
1100  8.25  -38.15  1.00
1101  8.25  -38.05  1.00
1102  8.25  -37.95  1.00
1103  8.25  -37.85  1.00
1104  8.25  -37.75  1.00
1105  8.25  -37.65  1.00
1106  8.25  -37.55  1.00
1107  8.25  -37.45  1.00
1108  8.25  -37.35  1.00
1109  8.25  -37.25  1.00
1110  8.25  -37.15  1.00
1111  8.25  -37.05  1.00
1112  8.25  -36.95  1.00
1113  8.25  -36.85  1.00
1114  8.25  -36.75  1.00
1115  8.25  -36.65  1.00
1116  8.25  -36.55  1.00
1117  8.25  -36.45  1.00
1118  8.25  -36.35  1.00
1119  8.25  -36.25  1.00
1120  8.25  -36.15  1.00
1121  8.25  -36.05  1.00
1122  8.25  -35.95  1.00
1123  8.25  -35.85  1.00
1124  8.25  -35.75  1.00
1125  8.25  -35.65  1.00
1126  8.25  -35.55  1.00
1127  8.25  -35.45  1.00
1128  8.25  -35.35  1.00
1129  8.25  -35.25  1.00
1130  8.25  -35.15  1.00
1131  8.25  -35.05  1.00
1132  8.25  -34.95  1.00
1133  8.25  -34.85  1.00
1134  8.25  -34.75  1.00
1135  8.25  -34.65  1.00
1136  8.25  -34.55  1.00
1137  8.25  -34.45  1.00
1138  8.25  -34.35  1.00
1139  8.25  -34.25  1.00
1140  8.25  -34.15  1.00
1141  8.25  -34.05  1.00
1142  8.25  -33.95  1.00
1143  8.25  -33.85  1.00
1144  8.25  -33.75  1.00
1145  8.25  -33.65  1.00
1146  8.25  -33.55  1.00
1147  8.25  -33.45  1.00
1148  8.25  -33.35  1.00
1149  8.25  -33.25  1.00
1150  8.25  -33.15  1.00
1151  8.25  -33.05  1.00
1152  8.25  -32.95  1.00
1153  8.25  -32.85  1.00
1154  8.25  -32.75  1.00
1155  8.25  -32.65  1.00
1156  8.25  -32.55  1.00
1157  8.25  -32.45  1.00
1158  8.25  -32.35  1.00
1159  8.25  -32.25  1.00
1160  8.25  -32.15  1.00
1161  8.25  -32.05  1.00
1162  8.25  -31.95  1.00
1163  8.25  -31.85  1.00
1164  8.25  -31.75  1.00
1165  8.25  -31.65  1.00
1166  8.25  -31.55  1.00
1167  8.25  -31.45  1.00
1168  8.25  -31.35  1.00
1169  8.25  -31.25  1.00
1170  8.25  -31.15  1.00
1171  8.25  -31.05  1.00
1172  8.25  -30.95  1.00
1173  8.25  -30.85  1.00
1174  8.25  -30.75  1.00
1175  8.25  -30.65  1.00
1176  8.25  -30.55  1.00
1177  8.25  -30.45  1.00
1178  8.25  -30.35  1.00
1179  8.25  -30.25  1.00
1180  8.25  -30.15  1.00
1181  8.25  -30.05  1.00
1182  8.25  -29.95  1.00
1183  8.25  -29.85  1.00
1184  8.25  -29.75  1.00
1185  8.25  -29.65  1.00
1186  8.25  -29.55  1.00
1187  8.25  -29.45  1.00
1188  8.25  -29.35  1.00
1189  8.25  -29.25  1.00
1190  8.25  -29.15  1.00
1191  8.25  -29.05  1.00
1192  8.25  -28.95  1.00
1193  8.25  -28.85  1.00
1194  8.25  -28.75  1.00
1195  8.25  -28.65  1.00
1196  8.25  -28.55  1.00
1197  8.25  -28.45  1.00
1198  8.25  -28.35  1.00
1199  8.25  -28.25  1.00
1200  8.25  -28.15  1.00
1201  8.25  -28.05  1.00
1202  8.25  -27.95  1.00
1203  8.25  -27.85  1.00
1204  8.25  -27.75  1.00
1205  8.25  -27.65  1.00
1206  8.25  -27.55  1.00
1207  8.25  -27.45  1.00
1208  8.25  -27.35  1.00
1209  8.25  -27.25  1.00
1210  8.25  -27.15  1.00
1211  8.25  -27.05  1.00
1212  8.25  -26.95  1.00
1213  8.25  -26.85  1.00
1214  8.25  -26.75  1.00
1215  8.25  -26.65  1.00
1216  8.35  -40.05  1.00
1217  8.35  -39.95  1.00
1218  8.35  -39.85  1.00
1219  8.35  -39.75  1.00
1220  8.35  -39.65  1.00
1221  8.35  -39.55  1.00
1222  8.35  -39.45  1.00
1223  8.35  -39.35  1.00
1224  8.35  -39.25  1.00
1225  8.35  -39.15  1.00
1226  8.35  -39.05  1.00
1227  8.35  -38.95  1.00
1228  8.35  -38.85  1.00
1229  8.35  -38.75  1.00
1230  8.35  -38.65  1.00
1231  8.35  -38.55  1.00
1232  8.35  -38.45  1.00
1233  8.35  -38.35  1.00
1234  8.35  -38.25  1.00
1235  8.35  -38.15  1.00
1236  8.35  -38.05  1.00
1237  8.35  -37.95  1.00
1238  8.35  -37.85  1.00
1239  8.35  -37.75  1.00
1240  8.35  -37.65  1.00
1241  8.35  -37.55  1.00
1242  8.35  -37.45  1.00
1243  8.35  -37.35  1.00
1244  8.35  -37.25  1.00
1245  8.35  -37.15  1.00
1246  8.35  -37.05  1.00
1247  8.35  -36.95  1.00
1248  8.35  -36.85  1.00
1249  8.35  -36.75  1.00
1250  8.35  -36.65  1.00
1251  8.35  -36.55  1.00
1252  8.35  -36.45  1.00
1253  8.35  -36.35  1.00
1254  8.35  -36.25  1.00
1255  8.35  -36.15  1.00
1256  8.35  -36.05  1.00
1257  8.35  -35.95  1.00
1258  8.35  -35.85  1.00
1259  8.35  -35.75  1.00
1260  8.35  -35.65  1.00
1261  8.35  -35.55  1.00
1262  8.35  -35.45  1.00
1263  8.35  -35.35  1.00
1264  8.35  -35.25  1.00
1265  8.35  -35.15  1.00
1266  8.35  -35.05  1.00
1267  8.35  -34.95  1.00
1268  8.35  -34.85  1.00
1269  8.35  -34.75  1.00
1270  8.35  -34.65  1.00
1271  8.35  -34.55  1.00
1272  8.35  -34.45  1.00
1273  8.35  -34.35  1.00
1274  8.35  -34.25  1.00
1275  8.35  -34.15  1.00
1276  8.35  -34.05  1.00
1277  8.35  -33.95  1.00
1278  8.35  -33.85  1.00
1279  8.35  -33.75  1.00
1280  8.35  -33.65  1.00
1281  8.35  -33.55  1.00
1282  8.35  -33.45  1.00
1283  8.35  -33.35  1.00
1284  8.35  -33.25  1.00
1285  8.35  -33.15  1.00
1286  8.35  -33.05  1.00
1287  8.35  -32.95  1.00
1288  8.35  -32.85  1.00
1289  8.35  -32.75  1.00
1290  8.35  -32.65  1.00
1291  8.35  -32.55  1.00
1292  8.35  -32.45  1.00
1293  8.35  -32.35  1.00
1294  8.35  -32.25  1.00
1295  8.35  -32.15  1.00
1296  8.35  -32.05  1.00
1297  8.35  -31.95  1.00
1298  8.35  -31.85  1.00
1299  8.35  -31.75  1.00
1300  8.35  -31.65  1.00
1301  8.35  -31.55  1.00
1302  8.35  -31.45  1.00
1303  8.35  -31.35  1.00
1304  8.35  -31.25  1.00
1305  8.35  -31.15  1.00
1306  8.35  -31.05  1.00
1307  8.35  -30.95  1.00
1308  8.35  -30.85  1.00
1309  8.35  -30.75  1.00
1310  8.35  -30.65  1.00
1311  8.35  -30.55  1.00
1312  8.35  -30.45  1.00
1313  8.35  -30.35  1.00
1314  8.35  -30.25  1.00
1315  8.35  -30.15  1.00
1316  8.35  -30.05  1.00
1317  8.35  -29.95  1.00
1318  8.35  -29.85  1.00
1319  8.35  -29.75  1.00
1320  8.35  -29.65  1.00
1321  8.35  -29.55  1.00
1322  8.35  -29.45  1.00
1323  8.35  -29.35  1.00
1324  8.35  -29.25  1.00
1325  8.35  -29.15  1.00
1326  8.35  -29.05  1.00
1327  8.35  -28.95  1.00
1328  8.35  -28.85  1.00
1329  8.35  -28.75  1.00
1330  8.35  -28.65  1.00
1331  8.35  -28.55  1.00
1332  8.35  -28.45  1.00
1333  8.35  -28.35  1.00
1334  8.35  -28.25  1.00
1335  8.35  -28.15  1.00
1336  8.35  -28.05  1.00
1337  8.35  -27.95  1.00
1338  8.35  -27.85  1.00
1339  8.35  -27.75  1.00
1340  8.35  -27.65  1.00
1341  8.35  -27.55  1.00
1342  8.35  -27.45  1.00
1343  8.35  -27.35  1.00
1344  8.35  -27.25  1.00
1345  8.35  -27.15  1.00
1346  8.35  -27.05  1.00
1347  8.35  -26.95  1.00
1348  8.35  -26.85  1.00
1349  8.35  -26.75  1.00
1350  8.35  -26.65  1.00
1351  8.45  -40.05  1.00
1352  8.45  -39.95  1.00
1353  8.45  -39.85  1.00
1354  8.45  -39.75  1.00
1355  8.45  -39.65  1.00
1356  8.45  -39.55  1.00
1357  8.45  -39.45  1.00
1358  8.45  -39.35  1.00
1359  8.45  -39.25  1.00
1360  8.45  -39.15  1.00
1361  8.45  -39.05  1.00
1362  8.45  -38.95  1.00
1363  8.45  -38.85  1.00
1364  8.45  -38.75  1.00
1365  8.45  -38.65  1.00
1366  8.45  -38.55  1.00
1367  8.45  -38.45  1.00
1368  8.45  -38.35  1.00
1369  8.45  -38.25  1.00
1370  8.45  -38.15  1.00
1371  8.45  -38.05  1.00
1372  8.45  -37.95  1.00
1373  8.45  -37.85  1.00
1374  8.45  -37.75  1.00
1375  8.45  -37.65  1.00
1376  8.45  -37.55  1.00
1377  8.45  -37.45  1.00
1378  8.45  -37.35  1.00
1379  8.45  -37.25  1.00
1380  8.45  -37.15  1.00
1381  8.45  -37.05  1.00
1382  8.45  -36.95  1.00
1383  8.45  -36.85  1.00
1384  8.45  -36.75  1.00
1385  8.45  -36.65  1.00
1386  8.45  -36.55  1.00
1387  8.45  -36.45  1.00
1388  8.45  -36.35  1.00
1389  8.45  -36.25  1.00
1390  8.45  -36.15  1.00
1391  8.45  -36.05  1.00
1392  8.45  -35.95  1.00
1393  8.45  -35.85  1.00
1394  8.45  -35.75  1.00
1395  8.45  -35.65  1.00
1396  8.45  -35.55  1.00
1397  8.45  -35.45  1.00
1398  8.45  -35.35  1.00
1399  8.45  -35.25  1.00
1400  8.45  -35.15  1.00
1401  8.45  -35.05  1.00
1402  8.45  -34.95  1.00
1403  8.45  -34.85  1.00
1404  8.45  -34.75  1.00
1405  8.45  -34.65  1.00
1406  8.45  -34.55  1.00
1407  8.45  -34.45  1.00
1408  8.45  -34.35  1.00
1409  8.45  -34.25  1.00
1410  8.45  -34.15  1.00
1411  8.45  -34.05  1.00
1412  8.45  -33.95  1.00
1413  8.45  -33.85  1.00
1414  8.45  -33.75  1.00
1415  8.45  -33.65  1.00
1416  8.45  -33.55  1.00
1417  8.45  -33.45  1.00
1418  8.45  -33.35  1.00
1419  8.45  -33.25  1.00
1420  8.45  -33.15  1.00
1421  8.45  -33.05  1.00
1422  8.45  -32.95  1.00
1423  8.45  -32.85  1.00
1424  8.45  -32.75  1.00
1425  8.45  -32.65  1.00
1426  8.45  -32.55  1.00
1427  8.45  -32.45  1.00
1428  8.45  -32.35  1.00
1429  8.45  -32.25  1.00
1430  8.45  -32.15  1.00
1431  8.45  -32.05  1.00
1432  8.45  -31.95  1.00
1433  8.45  -31.85  1.00
1434  8.45  -31.75  1.00
1435  8.45  -31.65  1.00
1436  8.45  -31.55  1.00
1437  8.45  -31.45  1.00
1438  8.45  -31.35  1.00
1439  8.45  -31.25  1.00
1440  8.45  -31.15  1.00
1441  8.45  -31.05  1.00
1442  8.45  -30.95  1.00
1443  8.45  -30.85  1.00
1444  8.45  -30.75  1.00
1445  8.45  -30.65  1.00
1446  8.45  -30.55  1.00
1447  8.45  -30.45  1.00
1448  8.45  -30.35  1.00
1449  8.45  -30.25  1.00
1450  8.45  -30.15  1.00
1451  8.45  -30.05  1.00
1452  8.45  -29.95  1.00
1453  8.45  -29.85  1.00
1454  8.45  -29.75  1.00
1455  8.45  -29.65  1.00
1456  8.45  -29.55  1.00
1457  8.45  -29.45  1.00
1458  8.45  -29.35  1.00
1459  8.45  -29.25  1.00
1460  8.45  -29.15  1.00
1461  8.45  -29.05  1.00
1462  8.45  -28.95  1.00
1463  8.45  -28.85  1.00
1464  8.45  -28.75  1.00
1465  8.45  -28.65  1.00
1466  8.45  -28.55  1.00
1467  8.45  -28.45  1.00
1468  8.45  -28.35  1.00
1469  8.45  -28.25  1.00
1470  8.45  -28.15  1.00
1471  8.45  -28.05  1.00
1472  8.45  -27.95  1.00
1473  8.45  -27.85  1.00
1474  8.45  -27.75  1.00
1475  8.45  -27.65  1.00
1476  8.45  -27.55  1.00
1477  8.45  -27.45  1.00
1478  8.45  -27.35  1.00
1479  8.45  -27.25  1.00
1480  8.45  -27.15  1.00
1481  8.45  -27.05  1.00
1482  8.45  -26.95  1.00
1483  8.45  -26.85  1.00
1484  8.45  -26.75  1.00
1485  8.45  -26.65  1.00
1486  8.55  -40.05  1.00
1487  8.55  -39.95  1.00
1488  8.55  -39.85  1.00
1489  8.55  -39.75  1.00
1490  8.55  -39.65  1.00
1491  8.55  -39.55  1.00
1492  8.55  -39.45  1.00
1493  8.55  -39.35  1.00
1494  8.55  -39.25  1.00
1495  8.55  -39.15  1.00
1496  8.55  -39.05  1.00
1497  8.55  -38.95  1.00
1498  8.55  -38.85  1.00
1499  8.55  -38.75  1.00
1500  8.55  -38.65  1.00
1501  8.55  -38.55  1.00
1502  8.55  -38.45  1.00
1503  8.55  -38.35  1.00
1504  8.55  -38.25  1.00
1505  8.55  -38.15  1.00
1506  8.55  -38.05  1.00
1507  8.55  -37.95  1.00
1508  8.55  -37.85  1.00
1509  8.55  -37.75  1.00
1510  8.55  -37.65  1.00
1511  8.55  -37.55  1.00
1512  8.55  -37.45  1.00
1513  8.55  -37.35  1.00
1514  8.55  -37.25  1.00
1515  8.55  -37.15  1.00
1516  8.55  -37.05  1.00
1517  8.55  -36.95  1.00
1518  8.55  -36.85  1.00
1519  8.55  -36.75  1.00
1520  8.55  -36.65  1.00
1521  8.55  -36.55  1.00
1522  8.55  -36.45  1.00
1523  8.55  -36.35  1.00
1524  8.55  -36.25  1.00
1525  8.55  -36.15  1.00
1526  8.55  -36.05  1.00
1527  8.55  -35.95  1.00
1528  8.55  -35.85  1.00
1529  8.55  -35.75  1.00
1530  8.55  -35.65  1.00
1531  8.55  -35.55  1.00
1532  8.55  -35.45  1.00
1533  8.55  -35.35  1.00
1534  8.55  -35.25  1.00
1535  8.55  -35.15  1.00
1536  8.55  -35.05  1.00
1537  8.55  -34.95  1.00
1538  8.55  -34.85  1.00
1539  8.55  -34.75  1.00
1540  8.55  -34.65  1.00
1541  8.55  -34.55  1.00
1542  8.55  -34.45  1.00
1543  8.55  -34.35  1.00
1544  8.55  -34.25  1.00
1545  8.55  -34.15  1.00
1546  8.55  -34.05  1.00
1547  8.55  -33.95  1.00
1548  8.55  -33.85  1.00
1549  8.55  -33.75  1.00
1550  8.55  -33.65  1.00
1551  8.55  -33.55  1.00
1552  8.55  -33.45  1.00
1553  8.55  -33.35  1.00
1554  8.55  -33.25  1.00
1555  8.55  -33.15  1.00
1556  8.55  -33.05  1.00
1557  8.55  -32.95  1.00
1558  8.55  -32.85  1.00
1559  8.55  -32.75  1.00
1560  8.55  -32.65  1.00
1561  8.55  -32.55  1.00
1562  8.55  -32.45  1.00
1563  8.55  -32.35  1.00
1564  8.55  -32.25  1.00
1565  8.55  -32.15  1.00
1566  8.55  -32.05  1.00
1567  8.55  -31.95  1.00
1568  8.55  -31.85  1.00
1569  8.55  -31.75  1.00
1570  8.55  -31.65  1.00
1571  8.55  -31.55  1.00
1572  8.55  -31.45  1.00
1573  8.55  -31.35  1.00
1574  8.55  -31.25  1.00
1575  8.55  -31.15  1.00
1576  8.55  -31.05  1.00
1577  8.55  -30.95  1.00
1578  8.55  -30.85  1.00
1579  8.55  -30.75  1.00
1580  8.55  -30.65  1.00
1581  8.55  -30.55  1.00
1582  8.55  -30.45  1.00
1583  8.55  -30.35  1.00
1584  8.55  -30.25  1.00
1585  8.55  -30.15  1.00
1586  8.55  -30.05  1.00
1587  8.55  -29.95  1.00
1588  8.55  -29.85  1.00
1589  8.55  -29.75  1.00
1590  8.55  -29.65  1.00
1591  8.55  -29.55  1.00
1592  8.55  -29.45  1.00
1593  8.55  -29.35  1.00
1594  8.55  -29.25  1.00
1595  8.55  -29.15  1.00
1596  8.55  -29.05  1.00
1597  8.55  -28.95  1.00
1598  8.55  -28.85  1.00
1599  8.55  -28.75  1.00
1600  8.55  -28.65  1.00
1601  8.55  -28.55  1.00
1602  8.55  -28.45  1.00
1603  8.55  -28.35  1.00
1604  8.55  -28.25  1.00
1605  8.55  -28.15  1.00
1606  8.55  -28.05  1.00
1607  8.55  -27.95  1.00
1608  8.55  -27.85  1.00
1609  8.55  -27.75  1.00
1610  8.55  -27.65  1.00
1611  8.55  -27.55  1.00
1612  8.55  -27.45  1.00
1613  8.55  -27.35  1.00
1614  8.55  -27.25  1.00
1615  8.55  -27.15  1.00
1616  8.55  -27.05  1.00
1617  8.55  -26.95  1.00
1618  8.55  -26.85  1.00
1619  8.55  -26.75  1.00
1620  8.55  -26.65  1.00
1621  8.65  -40.05  1.00
1622  8.65  -39.95  1.00
1623  8.65  -39.85  1.00
1624  8.65  -39.75  1.00
1625  8.65  -39.65  1.00
1626  8.65  -39.55  1.00
1627  8.65  -39.45  1.00
1628  8.65  -39.35  1.00
1629  8.65  -39.25  1.00
1630  8.65  -39.15  1.00
1631  8.65  -39.05  1.00
1632  8.65  -38.95  1.00
1633  8.65  -38.85  1.00
1634  8.65  -38.75  1.00
1635  8.65  -38.65  1.00
1636  8.65  -38.55  1.00
1637  8.65  -38.45  1.00
1638  8.65  -38.35  1.00
1639  8.65  -38.25  1.00
1640  8.65  -38.15  1.00
1641  8.65  -38.05  1.00
1642  8.65  -37.95  1.00
1643  8.65  -37.85  1.00
1644  8.65  -37.75  1.00
1645  8.65  -37.65  1.00
1646  8.65  -37.55  1.00
1647  8.65  -37.45  1.00
1648  8.65  -37.35  1.00
1649  8.65  -37.25  1.00
1650  8.65  -37.15  1.00
1651  8.65  -37.05  1.00
1652  8.65  -36.95  1.00
1653  8.65  -36.85  1.00
1654  8.65  -36.75  1.00
1655  8.65  -36.65  1.00
1656  8.65  -36.55  1.00
1657  8.65  -36.45  1.00
1658  8.65  -36.35  1.00
1659  8.65  -36.25  1.00
1660  8.65  -36.15  1.00
1661  8.65  -36.05  1.00
1662  8.65  -35.95  1.00
1663  8.65  -35.85  1.00
1664  8.65  -35.75  1.00
1665  8.65  -35.65  1.00
1666  8.65  -35.55  1.00
1667  8.65  -35.45  1.00
1668  8.65  -35.35  1.00
1669  8.65  -35.25  1.00
1670  8.65  -35.15  1.00
1671  8.65  -35.05  1.00
1672  8.65  -34.95  1.00
1673  8.65  -34.85  1.00
1674  8.65  -34.75  1.00
1675  8.65  -34.65  1.00
1676  8.65  -34.55  1.00
1677  8.65  -34.45  1.00
1678  8.65  -34.35  1.00
1679  8.65  -34.25  1.00
1680  8.65  -34.15  1.00
1681  8.65  -34.05  1.00
1682  8.65  -33.95  1.00
1683  8.65  -33.85  1.00
1684  8.65  -33.75  1.00
1685  8.65  -33.65  1.00
1686  8.65  -33.55  1.00
1687  8.65  -33.45  1.00
1688  8.65  -33.35  1.00
1689  8.65  -33.25  1.00
1690  8.65  -33.15  1.00
1691  8.65  -33.05  1.00
1692  8.65  -32.95  1.00
1693  8.65  -32.85  1.00
1694  8.65  -32.75  1.00
1695  8.65  -32.65  1.00
1696  8.65  -32.55  1.00
1697  8.65  -32.45  1.00
1698  8.65  -32.35  1.00
1699  8.65  -32.25  1.00
1700  8.65  -32.15  1.00
1701  8.65  -32.05  1.00
1702  8.65  -31.95  1.00
1703  8.65  -31.85  1.00
1704  8.65  -31.75  1.00
1705  8.65  -31.65  1.00
1706  8.65  -31.55  1.00
1707  8.65  -31.45  1.00
1708  8.65  -31.35  1.00
1709  8.65  -31.25  1.00
1710  8.65  -31.15  1.00
1711  8.65  -31.05  1.00
1712  8.65  -30.95  1.00
1713  8.65  -30.85  1.00
1714  8.65  -30.75  1.00
1715  8.65  -30.65  1.00
1716  8.65  -30.55  1.00
1717  8.65  -30.45  1.00
1718  8.65  -30.35  1.00
1719  8.65  -30.25  1.00
1720  8.65  -30.15  1.00
1721  8.65  -30.05  1.00
1722  8.65  -29.95  1.00
1723  8.65  -29.85  1.00
1724  8.65  -29.75  1.00
1725  8.65  -29.65  1.00
1726  8.65  -29.55  1.00
1727  8.65  -29.45  1.00
1728  8.65  -29.35  1.00
1729  8.65  -29.25  1.00
1730  8.65  -29.15  1.00
1731  8.65  -29.05  1.00
1732  8.65  -28.95  1.00
1733  8.65  -28.85  1.00
1734  8.65  -28.75  1.00
1735  8.65  -28.65  1.00
1736  8.65  -28.55  1.00
1737  8.65  -28.45  1.00
1738  8.65  -28.35  1.00
1739  8.65  -28.25  1.00
1740  8.65  -28.15  1.00
1741  8.65  -28.05  1.00
1742  8.65  -27.95  1.00
1743  8.65  -27.85  1.00
1744  8.65  -27.75  1.00
1745  8.65  -27.65  1.00
1746  8.65  -27.55  1.00
1747  8.65  -27.45  1.00
1748  8.65  -27.35  1.00
1749  8.65  -27.25  1.00
1750  8.65  -27.15  1.00
1751  8.65  -27.05  1.00
1752  8.65  -26.95  1.00
1753  8.65  -26.85  1.00
1754  8.65  -26.75  1.00
1755  8.65  -26.65  1.00
1756  8.75  -40.05  1.00
1757  8.75  -39.95  1.00
1758  8.75  -39.85  1.00
1759  8.75  -39.75  1.00
1760  8.75  -39.65  1.00
1761  8.75  -39.55  1.00
1762  8.75  -39.45  1.00
1763  8.75  -39.35  1.00
1764  8.75  -39.25  1.00
1765  8.75  -39.15  1.00
1766  8.75  -39.05  1.00
1767  8.75  -38.95  1.00
1768  8.75  -38.85  1.00
1769  8.75  -38.75  1.00
1770  8.75  -38.65  1.00
1771  8.75  -38.55  1.00
1772  8.75  -38.45  1.00
1773  8.75  -38.35  1.00
1774  8.75  -38.25  1.00
1775  8.75  -38.15  1.00
1776  8.75  -38.05  1.00
1777  8.75  -37.95  1.00
1778  8.75  -37.85  1.00
1779  8.75  -37.75  1.00
1780  8.75  -37.65  1.00
1781  8.75  -37.55  1.00
1782  8.75  -37.45  1.00
1783  8.75  -37.35  1.00
1784  8.75  -37.25  1.00
1785  8.75  -37.15  1.00
1786  8.75  -37.05  1.00
1787  8.75  -36.95  1.00
1788  8.75  -36.85  1.00
1789  8.75  -36.75  1.00
1790  8.75  -36.65  1.00
1791  8.75  -36.55  1.00
1792  8.75  -36.45  1.00
1793  8.75  -36.35  1.00
1794  8.75  -36.25  1.00
1795  8.75  -36.15  1.00
1796  8.75  -36.05  1.00
1797  8.75  -35.95  1.00
1798  8.75  -35.85  1.00
1799  8.75  -35.75  1.00
1800  8.75  -35.65  1.00
1801  8.75  -35.55  1.00
1802  8.75  -35.45  1.00
1803  8.75  -35.35  1.00
1804  8.75  -35.25  1.00
1805  8.75  -35.15  1.00
1806  8.75  -35.05  1.00
1807  8.75  -34.95  1.00
1808  8.75  -34.85  1.00
1809  8.75  -34.75  1.00
1810  8.75  -34.65  1.00
1811  8.75  -34.55  1.00
1812  8.75  -34.45  1.00
1813  8.75  -34.35  1.00
1814  8.75  -34.25  1.00
1815  8.75  -34.15  1.00
1816  8.75  -34.05  1.00
1817  8.75  -33.95  1.00
1818  8.75  -33.85  1.00
1819  8.75  -33.75  1.00
1820  8.75  -33.65  1.00
1821  8.75  -33.55  1.00
1822  8.75  -33.45  1.00
1823  8.75  -33.35  1.00
1824  8.75  -33.25  1.00
1825  8.75  -33.15  1.00
1826  8.75  -33.05  1.00
1827  8.75  -32.95  1.00
1828  8.75  -32.85  1.00
1829  8.75  -32.75  1.00
1830  8.75  -32.65  1.00
1831  8.75  -32.55  1.00
1832  8.75  -32.45  1.00
1833  8.75  -32.35  1.00
1834  8.75  -32.25  1.00
1835  8.75  -32.15  1.00
1836  8.75  -32.05  1.00
1837  8.75  -31.95  1.00
1838  8.75  -31.85  1.00
1839  8.75  -31.75  1.00
1840  8.75  -31.65  1.00
1841  8.75  -31.55  1.00
1842  8.75  -31.45  1.00
1843  8.75  -31.35  1.00
1844  8.75  -31.25  1.00
1845  8.75  -31.15  1.00
1846  8.75  -31.05  1.00
1847  8.75  -30.95  1.00
1848  8.75  -30.85  1.00
1849  8.75  -30.75  1.00
1850  8.75  -30.65  1.00
1851  8.75  -30.55  1.00
1852  8.75  -30.45  1.00
1853  8.75  -30.35  1.00
1854  8.75  -30.25  1.00
1855  8.75  -30.15  1.00
1856  8.75  -30.05  1.00
1857  8.75  -29.95  1.00
1858  8.75  -29.85  1.00
1859  8.75  -29.75  1.00
1860  8.75  -29.65  1.00
1861  8.75  -29.55  1.00
1862  8.75  -29.45  1.00
1863  8.75  -29.35  1.00
1864  8.75  -29.25  1.00
1865  8.75  -29.15  1.00
1866  8.75  -29.05  1.00
1867  8.75  -28.95  1.00
1868  8.75  -28.85  1.00
1869  8.75  -28.75  1.00
1870  8.75  -28.65  1.00
1871  8.75  -28.55  1.00
1872  8.75  -28.45  1.00
1873  8.75  -28.35  1.00
1874  8.75  -28.25  1.00
1875  8.75  -28.15  1.00
1876  8.75  -28.05  1.00
1877  8.75  -27.95  1.00
1878  8.75  -27.85  1.00
1879  8.75  -27.75  1.00
1880  8.75  -27.65  1.00
1881  8.75  -27.55  1.00
1882  8.75  -27.45  1.00
1883  8.75  -27.35  1.00
1884  8.75  -27.25  1.00
1885  8.75  -27.15  1.00
1886  8.75  -27.05  1.00
1887  8.75  -26.95  1.00
1888  8.75  -26.85  1.00
1889  8.75  -26.75  1.00
1890  8.75  -26.65  1.00
1891  8.85  -40.05  1.00
1892  8.85  -39.95  1.00
1893  8.85  -39.85  1.00
1894  8.85  -39.75  1.00
1895  8.85  -39.65  1.00
1896  8.85  -39.55  1.00
1897  8.85  -39.45  1.00
1898  8.85  -39.35  1.00
1899  8.85  -39.25  1.00
1900  8.85  -39.15  1.00
1901  8.85  -39.05  1.00
1902  8.85  -38.95  1.00
1903  8.85  -38.85  1.00
1904  8.85  -38.75  1.00
1905  8.85  -38.65  1.00
1906  8.85  -38.55  1.00
1907  8.85  -38.45  1.00
1908  8.85  -38.35  1.00
1909  8.85  -38.25  1.00
1910  8.85  -38.15  1.00
1911  8.85  -38.05  1.00
1912  8.85  -37.95  1.00
1913  8.85  -37.85  1.00
1914  8.85  -37.75  1.00
1915  8.85  -37.65  1.00
1916  8.85  -37.55  1.00
1917  8.85  -37.45  1.00
1918  8.85  -37.35  1.00
1919  8.85  -37.25  1.00
1920  8.85  -37.15  1.00
1921  8.85  -37.05  1.00
1922  8.85  -36.95  1.00
1923  8.85  -36.85  1.00
1924  8.85  -36.75  1.00
1925  8.85  -36.65  1.00
1926  8.85  -36.55  1.00
1927  8.85  -36.45  1.00
1928  8.85  -36.35  1.00
1929  8.85  -36.25  1.00
1930  8.85  -36.15  1.00
1931  8.85  -36.05  1.00
1932  8.85  -35.95  1.00
1933  8.85  -35.85  1.00
1934  8.85  -35.75  1.00
1935  8.85  -35.65  1.00
1936  8.85  -35.55  1.00
1937  8.85  -35.45  1.00
1938  8.85  -35.35  1.00
1939  8.85  -35.25  1.00
1940  8.85  -35.15  1.00
1941  8.85  -35.05  1.00
1942  8.85  -34.95  1.00
1943  8.85  -34.85  1.00
1944  8.85  -34.75  1.00
1945  8.85  -34.65  1.00
1946  8.85  -34.55  1.00
1947  8.85  -34.45  1.00
1948  8.85  -34.35  1.00
1949  8.85  -34.25  1.00
1950  8.85  -34.15  1.00
1951  8.85  -34.05  1.00
1952  8.85  -33.95  1.00
1953  8.85  -33.85  1.00
1954  8.85  -33.75  1.00
1955  8.85  -33.65  1.00
1956  8.85  -33.55  1.00
1957  8.85  -33.45  1.00
1958  8.85  -33.35  1.00
1959  8.85  -33.25  1.00
1960  8.85  -33.15  1.00
1961  8.85  -33.05  1.00
1962  8.85  -32.95  1.00
1963  8.85  -32.85  1.00
1964  8.85  -32.75  1.00
1965  8.85  -32.65  1.00
1966  8.85  -32.55  1.00
1967  8.85  -32.45  1.00
1968  8.85  -32.35  1.00
1969  8.85  -32.25  1.00
1970  8.85  -32.15  1.00
1971  8.85  -32.05  1.00
1972  8.85  -31.95  1.00
1973  8.85  -31.85  1.00
1974  8.85  -31.75  1.00
1975  8.85  -31.65  1.00
1976  8.85  -31.55  1.00
1977  8.85  -31.45  1.00
1978  8.85  -31.35  1.00
1979  8.85  -31.25  1.00
1980  8.85  -31.15  1.00
1981  8.85  -31.05  1.00
1982  8.85  -30.95  1.00
1983  8.85  -30.85  1.00
1984  8.85  -30.75  1.00
1985  8.85  -30.65  1.00
1986  8.85  -30.55  1.00
1987  8.85  -30.45  1.00
1988  8.85  -30.35  1.00
1989  8.85  -30.25  1.00
1990  8.85  -30.15  1.00
1991  8.85  -30.05  1.00
1992  8.85  -29.95  1.00
1993  8.85  -29.85  1.00
1994  8.85  -29.75  1.00
1995  8.85  -29.65  1.00
1996  8.85  -29.55  1.00
1997  8.85  -29.45  1.00
1998  8.85  -29.35  1.00
1999  8.85  -29.25  1.00
2000  8.85  -29.15  1.00
2001  8.85  -29.05  1.00
2002  8.85  -28.95  1.00
2003  8.85  -28.85  1.00
2004  8.85  -28.75  1.00
2005  8.85  -28.65  1.00
2006  8.85  -28.55  1.00
2007  8.85  -28.45  1.00
2008  8.85  -28.35  1.00
2009  8.85  -28.25  1.00
2010  8.85  -28.15  1.00
2011  8.85  -28.05  1.00
2012  8.85  -27.95  1.00
2013  8.85  -27.85  1.00
2014  8.85  -27.75  1.00
2015  8.85  -27.65  1.00
2016  8.85  -27.55  1.00
2017  8.85  -27.45  1.00
2018  8.85  -27.35  1.00
2019  8.85  -27.25  1.00
2020  8.85  -27.15  1.00
2021  8.85  -27.05  1.00
2022  8.85  -26.95  1.00
2023  8.85  -26.85  1.00
2024  8.85  -26.75  1.00
2025  8.85  -26.65  1.00
2026  8.95  -40.05  1.00
2027  8.95  -39.95  1.00
2028  8.95  -39.85  1.00
2029  8.95  -39.75  1.00
2030  8.95  -39.65  1.00
2031  8.95  -39.55  1.00
2032  8.95  -39.45  1.00
2033  8.95  -39.35  1.00
2034  8.95  -39.25  1.00
2035  8.95  -39.15  1.00
2036  8.95  -39.05  1.00
2037  8.95  -38.95  1.00
2038  8.95  -38.85  1.00
2039  8.95  -38.75  1.00
2040  8.95  -38.65  1.00
2041  8.95  -38.55  1.00
2042  8.95  -38.45  1.00
2043  8.95  -38.35  1.00
2044  8.95  -38.25  1.00
2045  8.95  -38.15  1.00
2046  8.95  -38.05  1.00
2047  8.95  -37.95  1.00
2048  8.95  -37.85  1.00
2049  8.95  -37.75  1.00
2050  8.95  -37.65  1.00
2051  8.95  -37.55  1.00
2052  8.95  -37.45  1.00
2053  8.95  -37.35  1.00
2054  8.95  -37.25  1.00
2055  8.95  -37.15  1.00
2056  8.95  -37.05  1.00
2057  8.95  -36.95  1.00
2058  8.95  -36.85  1.00
2059  8.95  -36.75  1.00
2060  8.95  -36.65  1.00
2061  8.95  -36.55  1.00
2062  8.95  -36.45  1.00
2063  8.95  -36.35  1.00
2064  8.95  -36.25  1.00
2065  8.95  -36.15  1.00
2066  8.95  -36.05  1.00
2067  8.95  -35.95  1.00
2068  8.95  -35.85  1.00
2069  8.95  -35.75  1.00
2070  8.95  -35.65  1.00
2071  8.95  -35.55  1.00
2072  8.95  -35.45  1.00
2073  8.95  -35.35  1.00
2074  8.95  -35.25  1.00
2075  8.95  -35.15  1.00
2076  8.95  -35.05  1.00
2077  8.95  -34.95  1.00
2078  8.95  -34.85  1.00
2079  8.95  -34.75  1.00
2080  8.95  -34.65  1.00
2081  8.95  -34.55  1.00
2082  8.95  -34.45  1.00
2083  8.95  -34.35  1.00
2084  8.95  -34.25  1.00
2085  8.95  -34.15  1.00
2086  8.95  -34.05  1.00
2087  8.95  -33.95  1.00
2088  8.95  -33.85  1.00
2089  8.95  -33.75  1.00
2090  8.95  -33.65  1.00
2091  8.95  -33.55  1.00
2092  8.95  -33.45  1.00
2093  8.95  -33.35  1.00
2094  8.95  -33.25  1.00
2095  8.95  -33.15  1.00
2096  8.95  -33.05  1.00
2097  8.95  -32.95  1.00
2098  8.95  -32.85  1.00
2099  8.95  -32.75  1.00
2100  8.95  -32.65  1.00
2101  8.95  -32.55  1.00
2102  8.95  -32.45  1.00
2103  8.95  -32.35  1.00
2104  8.95  -32.25  1.00
2105  8.95  -32.15  1.00
2106  8.95  -32.05  1.00
2107  8.95  -31.95  1.00
2108  8.95  -31.85  1.00
2109  8.95  -31.75  1.00
2110  8.95  -31.65  1.00
2111  8.95  -31.55  1.00
2112  8.95  -31.45  1.00
2113  8.95  -31.35  1.00
2114  8.95  -31.25  1.00
2115  8.95  -31.15  1.00
2116  8.95  -31.05  1.00
2117  8.95  -30.95  1.00
2118  8.95  -30.85  1.00
2119  8.95  -30.75  1.00
2120  8.95  -30.65  1.00
2121  8.95  -30.55  1.00
2122  8.95  -30.45  1.00
2123  8.95  -30.35  1.00
2124  8.95  -30.25  1.00
2125  8.95  -30.15  1.00
2126  8.95  -30.05  1.00
2127  8.95  -29.95  1.00
2128  8.95  -29.85  1.00
2129  8.95  -29.75  1.00
2130  8.95  -29.65  1.00
2131  8.95  -29.55  1.00
2132  8.95  -29.45  1.00
2133  8.95  -29.35  1.00
2134  8.95  -29.25  1.00
2135  8.95  -29.15  1.00
2136  8.95  -29.05  1.00
2137  8.95  -28.95  1.00
2138  8.95  -28.85  1.00
2139  8.95  -28.75  1.00
2140  8.95  -28.65  1.00
2141  8.95  -28.55  1.00
2142  8.95  -28.45  1.00
2143  8.95  -28.35  1.00
2144  8.95  -28.25  1.00
2145  8.95  -28.15  1.00
2146  8.95  -28.05  1.00
2147  8.95  -27.95  1.00
2148  8.95  -27.85  1.00
2149  8.95  -27.75  1.00
2150  8.95  -27.65  1.00
2151  8.95  -27.55  1.00
2152  8.95  -27.45  1.00
2153  8.95  -27.35  1.00
2154  8.95  -27.25  1.00
2155  8.95  -27.15  1.00
2156  8.95  -27.05  1.00
2157  8.95  -26.95  1.00
2158  8.95  -26.85  1.00
2159  8.95  -26.75  1.00
2160  8.95  -26.65  1.00
2161  9.05  -40.05  1.00
2162  9.05  -39.95  1.00
2163  9.05  -39.85  1.00
2164  9.05  -39.75  1.00
2165  9.05  -39.65  1.00
2166  9.05  -39.55  1.00
2167  9.05  -39.45  1.00
2168  9.05  -39.35  1.00
2169  9.05  -39.25  1.00
2170  9.05  -39.15  1.00
2171  9.05  -39.05  1.00
2172  9.05  -38.95  1.00
2173  9.05  -38.85  1.00
2174  9.05  -38.75  1.00
2175  9.05  -38.65  1.00
2176  9.05  -38.55  1.00
2177  9.05  -38.45  1.00
2178  9.05  -38.35  1.00
2179  9.05  -38.25  1.00
2180  9.05  -38.15  1.00
2181  9.05  -38.05  1.00
2182  9.05  -37.95  1.00
2183  9.05  -37.85  1.00
2184  9.05  -37.75  1.00
2185  9.05  -37.65  1.00
2186  9.05  -37.55  1.00
2187  9.05  -37.45  1.00
2188  9.05  -37.35  1.00
2189  9.05  -37.25  1.00
2190  9.05  -37.15  1.00
2191  9.05  -37.05  1.00
2192  9.05  -36.95  1.00
2193  9.05  -36.85  1.00
2194  9.05  -36.75  1.00
2195  9.05  -36.65  1.00
2196  9.05  -36.55  1.00
2197  9.05  -36.45  1.00
2198  9.05  -36.35  1.00
2199  9.05  -36.25  1.00
2200  9.05  -36.15  1.00
2201  9.05  -36.05  1.00
2202  9.05  -35.95  1.00
2203  9.05  -35.85  1.00
2204  9.05  -35.75  1.00
2205  9.05  -35.65  1.00
2206  9.05  -35.55  1.00
2207  9.05  -35.45  1.00
2208  9.05  -35.35  1.00
2209  9.05  -35.25  1.00
2210  9.05  -35.15  1.00
2211  9.05  -35.05  1.00
2212  9.05  -34.95  1.00
2213  9.05  -34.85  1.00
2214  9.05  -34.75  1.00
2215  9.05  -34.65  1.00
2216  9.05  -34.55  1.00
2217  9.05  -34.45  1.00
2218  9.05  -34.35  1.00
2219  9.05  -34.25  1.00
2220  9.05  -34.15  1.00
2221  9.05  -34.05  1.00
2222  9.05  -33.95  1.00
2223  9.05  -33.85  1.00
2224  9.05  -33.75  1.00
2225  9.05  -33.65  1.00
2226  9.05  -33.55  1.00
2227  9.05  -33.45  1.00
2228  9.05  -33.35  1.00
2229  9.05  -33.25  1.00
2230  9.05  -33.15  1.00
2231  9.05  -33.05  1.00
2232  9.05  -32.95  1.00
2233  9.05  -32.85  1.00
2234  9.05  -32.75  1.00
2235  9.05  -32.65  1.00
2236  9.05  -32.55  1.00
2237  9.05  -32.45  1.00
2238  9.05  -32.35  1.00
2239  9.05  -32.25  1.00
2240  9.05  -32.15  1.00
2241  9.05  -32.05  1.00
2242  9.05  -31.95  1.00
2243  9.05  -31.85  1.00
2244  9.05  -31.75  1.00
2245  9.05  -31.65  1.00
2246  9.05  -31.55  1.00
2247  9.05  -31.45  1.00
2248  9.05  -31.35  1.00
2249  9.05  -31.25  1.00
2250  9.05  -31.15  1.00
2251  9.05  -31.05  1.00
2252  9.05  -30.95  1.00
2253  9.05  -30.85  1.00
2254  9.05  -30.75  1.00
2255  9.05  -30.65  1.00
2256  9.05  -30.55  1.00
2257  9.05  -30.45  1.00
2258  9.05  -30.35  1.00
2259  9.05  -30.25  1.00
2260  9.05  -30.15  1.00
2261  9.05  -30.05  1.00
2262  9.05  -29.95  1.00
2263  9.05  -29.85  1.00
2264  9.05  -29.75  1.00
2265  9.05  -29.65  1.00
2266  9.05  -29.55  1.00
2267  9.05  -29.45  1.00
2268  9.05  -29.35  1.00
2269  9.05  -29.25  1.00
2270  9.05  -29.15  1.00
2271  9.05  -29.05  1.00
2272  9.05  -28.95  1.00
2273  9.05  -28.85  1.00
2274  9.05  -28.75  1.00
2275  9.05  -28.65  1.00
2276  9.05  -28.55  1.00
2277  9.05  -28.45  1.00
2278  9.05  -28.35  1.00
2279  9.05  -28.25  1.00
2280  9.05  -28.15  1.00
2281  9.05  -28.05  1.00
2282  9.05  -27.95  1.00
2283  9.05  -27.85  1.00
2284  9.05  -27.75  1.00
2285  9.05  -27.65  1.00
2286  9.05  -27.55  1.00
2287  9.05  -27.45  1.00
2288  9.05  -27.35  1.00
2289  9.05  -27.25  1.00
2290  9.05  -27.15  1.00
2291  9.05  -27.05  1.00
2292  9.05  -26.95  1.00
2293  9.05  -26.85  1.00
2294  9.05  -26.75  1.00
2295  9.05  -26.65  1.00
