# Selection function for the Banados qso.  See selfn.pdf how we got
# this.  Produced using selfn_z7.py.
#
# dM = 0.1
# dz = 0.1
# 7.4 < z < 9.0
# -29.3 < M1450 < -26.6
#
# counter  z      M1450  p
1  7.40  -29.30  1.0
2  7.40  -29.20  1.0
3  7.40  -29.10  1.0
4  7.40  -29.00  1.0
5  7.40  -28.90  1.0
6  7.40  -28.80  1.0
7  7.40  -28.70  1.0
8  7.40  -28.60  1.0
9  7.40  -28.50  1.0
10  7.40  -28.40  1.0
11  7.40  -28.30  1.0
12  7.40  -28.20  1.0
13  7.40  -28.10  1.0
14  7.40  -28.00  1.0
15  7.40  -27.90  1.0
16  7.40  -27.80  1.0
17  7.40  -27.70  1.0
18  7.40  -27.60  1.0
19  7.40  -27.50  1.0
20  7.40  -27.40  1.0
21  7.40  -27.30  1.0
22  7.40  -27.20  1.0
23  7.40  -27.10  1.0
24  7.40  -27.00  1.0
25  7.40  -26.90  1.0
26  7.40  -26.80  1.0
27  7.40  -26.70  1.0
28  7.50  -29.30  1.0
29  7.50  -29.20  1.0
30  7.50  -29.10  1.0
31  7.50  -29.00  1.0
32  7.50  -28.90  1.0
33  7.50  -28.80  1.0
34  7.50  -28.70  1.0
35  7.50  -28.60  1.0
36  7.50  -28.50  1.0
37  7.50  -28.40  1.0
38  7.50  -28.30  1.0
39  7.50  -28.20  1.0
40  7.50  -28.10  1.0
41  7.50  -28.00  1.0
42  7.50  -27.90  1.0
43  7.50  -27.80  1.0
44  7.50  -27.70  1.0
45  7.50  -27.60  1.0
46  7.50  -27.50  1.0
47  7.50  -27.40  1.0
48  7.50  -27.30  1.0
49  7.50  -27.20  1.0
50  7.50  -27.10  1.0
51  7.50  -27.00  1.0
52  7.50  -26.90  1.0
53  7.50  -26.80  1.0
54  7.50  -26.70  1.0
55  7.60  -29.30  1.0
56  7.60  -29.20  1.0
57  7.60  -29.10  1.0
58  7.60  -29.00  1.0
59  7.60  -28.90  1.0
60  7.60  -28.80  1.0
61  7.60  -28.70  1.0
62  7.60  -28.60  1.0
63  7.60  -28.50  1.0
64  7.60  -28.40  1.0
65  7.60  -28.30  1.0
66  7.60  -28.20  1.0
67  7.60  -28.10  1.0
68  7.60  -28.00  1.0
69  7.60  -27.90  1.0
70  7.60  -27.80  1.0
71  7.60  -27.70  1.0
72  7.60  -27.60  1.0
73  7.60  -27.50  1.0
74  7.60  -27.40  1.0
75  7.60  -27.30  1.0
76  7.60  -27.20  1.0
77  7.60  -27.10  1.0
78  7.60  -27.00  1.0
79  7.60  -26.90  1.0
80  7.60  -26.80  1.0
81  7.60  -26.70  1.0
82  7.70  -29.30  1.0
83  7.70  -29.20  1.0
84  7.70  -29.10  1.0
85  7.70  -29.00  1.0
86  7.70  -28.90  1.0
87  7.70  -28.80  1.0
88  7.70  -28.70  1.0
89  7.70  -28.60  1.0
90  7.70  -28.50  1.0
91  7.70  -28.40  1.0
92  7.70  -28.30  1.0
93  7.70  -28.20  1.0
94  7.70  -28.10  1.0
95  7.70  -28.00  1.0
96  7.70  -27.90  1.0
97  7.70  -27.80  1.0
98  7.70  -27.70  1.0
99  7.70  -27.60  1.0
100  7.70  -27.50  1.0
101  7.70  -27.40  1.0
102  7.70  -27.30  1.0
103  7.70  -27.20  1.0
104  7.70  -27.10  1.0
105  7.70  -27.00  1.0
106  7.70  -26.90  1.0
107  7.70  -26.80  1.0
108  7.70  -26.70  1.0
109  7.80  -29.30  1.0
110  7.80  -29.20  1.0
111  7.80  -29.10  1.0
112  7.80  -29.00  1.0
113  7.80  -28.90  1.0
114  7.80  -28.80  1.0
115  7.80  -28.70  1.0
116  7.80  -28.60  1.0
117  7.80  -28.50  1.0
118  7.80  -28.40  1.0
119  7.80  -28.30  1.0
120  7.80  -28.20  1.0
121  7.80  -28.10  1.0
122  7.80  -28.00  1.0
123  7.80  -27.90  1.0
124  7.80  -27.80  1.0
125  7.80  -27.70  1.0
126  7.80  -27.60  1.0
127  7.80  -27.50  1.0
128  7.80  -27.40  1.0
129  7.80  -27.30  1.0
130  7.80  -27.20  1.0
131  7.80  -27.10  1.0
132  7.80  -27.00  1.0
133  7.80  -26.90  1.0
134  7.80  -26.80  1.0
135  7.80  -26.70  1.0
136  7.90  -29.30  1.0
137  7.90  -29.20  1.0
138  7.90  -29.10  1.0
139  7.90  -29.00  1.0
140  7.90  -28.90  1.0
141  7.90  -28.80  1.0
142  7.90  -28.70  1.0
143  7.90  -28.60  1.0
144  7.90  -28.50  1.0
145  7.90  -28.40  1.0
146  7.90  -28.30  1.0
147  7.90  -28.20  1.0
148  7.90  -28.10  1.0
149  7.90  -28.00  1.0
150  7.90  -27.90  1.0
151  7.90  -27.80  1.0
152  7.90  -27.70  1.0
153  7.90  -27.60  1.0
154  7.90  -27.50  1.0
155  7.90  -27.40  1.0
156  7.90  -27.30  1.0
157  7.90  -27.20  1.0
158  7.90  -27.10  1.0
159  7.90  -27.00  1.0
160  7.90  -26.90  1.0
161  7.90  -26.80  1.0
162  7.90  -26.70  1.0
163  8.00  -29.30  1.0
164  8.00  -29.20  1.0
165  8.00  -29.10  1.0
166  8.00  -29.00  1.0
167  8.00  -28.90  1.0
168  8.00  -28.80  1.0
169  8.00  -28.70  1.0
170  8.00  -28.60  1.0
171  8.00  -28.50  1.0
172  8.00  -28.40  1.0
173  8.00  -28.30  1.0
174  8.00  -28.20  1.0
175  8.00  -28.10  1.0
176  8.00  -28.00  1.0
177  8.00  -27.90  1.0
178  8.00  -27.80  1.0
179  8.00  -27.70  1.0
180  8.00  -27.60  1.0
181  8.00  -27.50  1.0
182  8.00  -27.40  1.0
183  8.00  -27.30  1.0
184  8.00  -27.20  1.0
185  8.00  -27.10  1.0
186  8.00  -27.00  1.0
187  8.00  -26.90  1.0
188  8.00  -26.80  1.0
189  8.00  -26.70  1.0
190  8.10  -29.30  1.0
191  8.10  -29.20  1.0
192  8.10  -29.10  1.0
193  8.10  -29.00  1.0
194  8.10  -28.90  1.0
195  8.10  -28.80  1.0
196  8.10  -28.70  1.0
197  8.10  -28.60  1.0
198  8.10  -28.50  1.0
199  8.10  -28.40  1.0
200  8.10  -28.30  1.0
201  8.10  -28.20  1.0
202  8.10  -28.10  1.0
203  8.10  -28.00  1.0
204  8.10  -27.90  1.0
205  8.10  -27.80  1.0
206  8.10  -27.70  1.0
207  8.10  -27.60  1.0
208  8.10  -27.50  1.0
209  8.10  -27.40  1.0
210  8.10  -27.30  1.0
211  8.10  -27.20  1.0
212  8.10  -27.10  1.0
213  8.10  -27.00  1.0
214  8.10  -26.90  1.0
215  8.10  -26.80  1.0
216  8.10  -26.70  1.0
217  8.20  -29.30  1.0
218  8.20  -29.20  1.0
219  8.20  -29.10  1.0
220  8.20  -29.00  1.0
221  8.20  -28.90  1.0
222  8.20  -28.80  1.0
223  8.20  -28.70  1.0
224  8.20  -28.60  1.0
225  8.20  -28.50  1.0
226  8.20  -28.40  1.0
227  8.20  -28.30  1.0
228  8.20  -28.20  1.0
229  8.20  -28.10  1.0
230  8.20  -28.00  1.0
231  8.20  -27.90  1.0
232  8.20  -27.80  1.0
233  8.20  -27.70  1.0
234  8.20  -27.60  1.0
235  8.20  -27.50  1.0
236  8.20  -27.40  1.0
237  8.20  -27.30  1.0
238  8.20  -27.20  1.0
239  8.20  -27.10  1.0
240  8.20  -27.00  1.0
241  8.20  -26.90  1.0
242  8.20  -26.80  1.0
243  8.20  -26.70  1.0
244  8.30  -29.30  1.0
245  8.30  -29.20  1.0
246  8.30  -29.10  1.0
247  8.30  -29.00  1.0
248  8.30  -28.90  1.0
249  8.30  -28.80  1.0
250  8.30  -28.70  1.0
251  8.30  -28.60  1.0
252  8.30  -28.50  1.0
253  8.30  -28.40  1.0
254  8.30  -28.30  1.0
255  8.30  -28.20  1.0
256  8.30  -28.10  1.0
257  8.30  -28.00  1.0
258  8.30  -27.90  1.0
259  8.30  -27.80  1.0
260  8.30  -27.70  1.0
261  8.30  -27.60  1.0
262  8.30  -27.50  1.0
263  8.30  -27.40  1.0
264  8.30  -27.30  1.0
265  8.30  -27.20  1.0
266  8.30  -27.10  1.0
267  8.30  -27.00  1.0
268  8.30  -26.90  1.0
269  8.30  -26.80  1.0
270  8.30  -26.70  1.0
271  8.40  -29.30  1.0
272  8.40  -29.20  1.0
273  8.40  -29.10  1.0
274  8.40  -29.00  1.0
275  8.40  -28.90  1.0
276  8.40  -28.80  1.0
277  8.40  -28.70  1.0
278  8.40  -28.60  1.0
279  8.40  -28.50  1.0
280  8.40  -28.40  1.0
281  8.40  -28.30  1.0
282  8.40  -28.20  1.0
283  8.40  -28.10  1.0
284  8.40  -28.00  1.0
285  8.40  -27.90  1.0
286  8.40  -27.80  1.0
287  8.40  -27.70  1.0
288  8.40  -27.60  1.0
289  8.40  -27.50  1.0
290  8.40  -27.40  1.0
291  8.40  -27.30  1.0
292  8.40  -27.20  1.0
293  8.40  -27.10  1.0
294  8.40  -27.00  1.0
295  8.40  -26.90  1.0
296  8.40  -26.80  1.0
297  8.40  -26.70  1.0
298  8.50  -29.30  1.0
299  8.50  -29.20  1.0
300  8.50  -29.10  1.0
301  8.50  -29.00  1.0
302  8.50  -28.90  1.0
303  8.50  -28.80  1.0
304  8.50  -28.70  1.0
305  8.50  -28.60  1.0
306  8.50  -28.50  1.0
307  8.50  -28.40  1.0
308  8.50  -28.30  1.0
309  8.50  -28.20  1.0
310  8.50  -28.10  1.0
311  8.50  -28.00  1.0
312  8.50  -27.90  1.0
313  8.50  -27.80  1.0
314  8.50  -27.70  1.0
315  8.50  -27.60  1.0
316  8.50  -27.50  1.0
317  8.50  -27.40  1.0
318  8.50  -27.30  1.0
319  8.50  -27.20  1.0
320  8.50  -27.10  1.0
321  8.50  -27.00  1.0
322  8.50  -26.90  1.0
323  8.50  -26.80  1.0
324  8.50  -26.70  1.0
325  8.60  -29.30  1.0
326  8.60  -29.20  1.0
327  8.60  -29.10  1.0
328  8.60  -29.00  1.0
329  8.60  -28.90  1.0
330  8.60  -28.80  1.0
331  8.60  -28.70  1.0
332  8.60  -28.60  1.0
333  8.60  -28.50  1.0
334  8.60  -28.40  1.0
335  8.60  -28.30  1.0
336  8.60  -28.20  1.0
337  8.60  -28.10  1.0
338  8.60  -28.00  1.0
339  8.60  -27.90  1.0
340  8.60  -27.80  1.0
341  8.60  -27.70  1.0
342  8.60  -27.60  1.0
343  8.60  -27.50  1.0
344  8.60  -27.40  1.0
345  8.60  -27.30  1.0
346  8.60  -27.20  1.0
347  8.60  -27.10  1.0
348  8.60  -27.00  1.0
349  8.60  -26.90  1.0
350  8.60  -26.80  1.0
351  8.60  -26.70  1.0
352  8.70  -29.30  1.0
353  8.70  -29.20  1.0
354  8.70  -29.10  1.0
355  8.70  -29.00  1.0
356  8.70  -28.90  1.0
357  8.70  -28.80  1.0
358  8.70  -28.70  1.0
359  8.70  -28.60  1.0
360  8.70  -28.50  1.0
361  8.70  -28.40  1.0
362  8.70  -28.30  1.0
363  8.70  -28.20  1.0
364  8.70  -28.10  1.0
365  8.70  -28.00  1.0
366  8.70  -27.90  1.0
367  8.70  -27.80  1.0
368  8.70  -27.70  1.0
369  8.70  -27.60  1.0
370  8.70  -27.50  1.0
371  8.70  -27.40  1.0
372  8.70  -27.30  1.0
373  8.70  -27.20  1.0
374  8.70  -27.10  1.0
375  8.70  -27.00  1.0
376  8.70  -26.90  1.0
377  8.70  -26.80  1.0
378  8.70  -26.70  1.0
379  8.80  -29.30  1.0
380  8.80  -29.20  1.0
381  8.80  -29.10  1.0
382  8.80  -29.00  1.0
383  8.80  -28.90  1.0
384  8.80  -28.80  1.0
385  8.80  -28.70  1.0
386  8.80  -28.60  1.0
387  8.80  -28.50  1.0
388  8.80  -28.40  1.0
389  8.80  -28.30  1.0
390  8.80  -28.20  1.0
391  8.80  -28.10  1.0
392  8.80  -28.00  1.0
393  8.80  -27.90  1.0
394  8.80  -27.80  1.0
395  8.80  -27.70  1.0
396  8.80  -27.60  1.0
397  8.80  -27.50  1.0
398  8.80  -27.40  1.0
399  8.80  -27.30  1.0
400  8.80  -27.20  1.0
401  8.80  -27.10  1.0
402  8.80  -27.00  1.0
403  8.80  -26.90  1.0
404  8.80  -26.80  1.0
405  8.80  -26.70  1.0
406  8.90  -29.30  1.0
407  8.90  -29.20  1.0
408  8.90  -29.10  1.0
409  8.90  -29.00  1.0
410  8.90  -28.90  1.0
411  8.90  -28.80  1.0
412  8.90  -28.70  1.0
413  8.90  -28.60  1.0
414  8.90  -28.50  1.0
415  8.90  -28.40  1.0
416  8.90  -28.30  1.0
417  8.90  -28.20  1.0
418  8.90  -28.10  1.0
419  8.90  -28.00  1.0
420  8.90  -27.90  1.0
421  8.90  -27.80  1.0
422  8.90  -27.70  1.0
423  8.90  -27.60  1.0
424  8.90  -27.50  1.0
425  8.90  -27.40  1.0
426  8.90  -27.30  1.0
427  8.90  -27.20  1.0
428  8.90  -27.10  1.0
429  8.90  -27.00  1.0
430  8.90  -26.90  1.0
431  8.90  -26.80  1.0
432  8.90  -26.70  1.0
