# 2SLAQ selection function in NGP region (Croom et al. 2009, MNRAS, 392, 19)
# M1450 computed with imag corrected for host galaxy light (Croom et al. 2009, MNRAS, 392, 19) and Beta's SED
# selection function corrected for coverage completeness (not all targets observed, different for NGP and SGP regions, Fig 4 in Croom et al.)
# selection function corrected for spectroscopic completeness (redshift success, Fig 6b in Croom et al., only quality=1 redshifts considered)
# counter  z     M1450  p
        1  0.200 -21.09 0.87260
        2  0.200 -20.84 0.85613
        3  0.200 -20.54 0.78911
        4  0.200 -20.25 0.72494
        5  0.200 -19.96 0.63026
        6  0.200 -19.66 0.53440
        7  0.200 -19.37 0.41897
        8  0.200 -19.06 0.31743
        9  0.200 -18.74 0.24049
       10  0.200 -18.42 0.15612
       11  0.200 -18.09 0.10583
       12  0.200 -17.75 0.07164
       13  0.200 -17.40 0.04639
       14  0.200 -17.06 0.00678
       15  0.200 -16.71 0.00261
       16  0.200 -16.37 0.00060
       17  0.250 -21.70 0.92488
       18  0.250 -21.45 0.90743
       19  0.250 -21.19 0.89557
       20  0.250 -20.92 0.85742
       21  0.250 -20.65 0.81111
       22  0.250 -20.37 0.71915
       23  0.250 -20.09 0.60654
       24  0.250 -19.81 0.52014
       25  0.250 -19.51 0.40519
       26  0.250 -19.22 0.28944
       27  0.250 -18.93 0.25701
       28  0.250 -18.62 0.18628
       29  0.250 -18.31 0.12601
       30  0.250 -18.00 0.02307
       31  0.250 -17.68 0.01239
       32  0.250 -17.35 0.00837
       33  0.300 -22.14 0.93819
       34  0.300 -21.89 0.92048
       35  0.300 -21.63 0.91892
       36  0.300 -21.37 0.89330
       37  0.300 -21.10 0.85496
       38  0.300 -20.84 0.79340
       39  0.300 -20.56 0.68774
       40  0.300 -20.29 0.61364
       41  0.300 -20.02 0.55366
       42  0.300 -19.74 0.42690
       43  0.300 -19.46 0.40668
       44  0.300 -19.17 0.31448
       45  0.300 -18.89 0.22987
       46  0.300 -18.57 0.06785
       47  0.300 -18.28 0.04370
       48  0.300 -17.97 0.01793
       49  0.350 -22.50 0.93534
       50  0.350 -22.25 0.91769
       51  0.350 -21.99 0.92079
       52  0.350 -21.73 0.91354
       53  0.350 -21.47 0.89515
       54  0.350 -21.21 0.83225
       55  0.350 -20.95 0.76325
       56  0.350 -20.69 0.71735
       57  0.350 -20.42 0.66037
       58  0.350 -20.15 0.54572
       59  0.350 -19.88 0.53594
       60  0.350 -19.60 0.45777
       61  0.350 -19.32 0.34758
       62  0.350 -19.04 0.12145
       63  0.350 -18.74 0.07696
       64  0.350 -18.45 0.04602
       65  0.400 -22.79 0.93629
       66  0.400 -22.54 0.91862
       67  0.400 -22.29 0.92359
       68  0.400 -22.03 0.90986
       69  0.400 -21.78 0.90337
       70  0.400 -21.52 0.84951
       71  0.400 -21.26 0.79329
       72  0.400 -21.00 0.75271
       73  0.400 -20.74 0.71450
       74  0.400 -20.47 0.62101
       75  0.400 -20.21 0.64329
       76  0.400 -19.94 0.56787
       77  0.400 -19.67 0.46598
       78  0.400 -19.39 0.19676
       79  0.400 -19.11 0.14087
       80  0.400 -18.82 0.08845
       81  0.450 -23.05 0.92963
       82  0.450 -22.80 0.91209
       83  0.450 -22.55 0.92172
       84  0.450 -22.29 0.90618
       85  0.450 -22.04 0.89332
       86  0.450 -21.78 0.84261
       87  0.450 -21.53 0.77786
       88  0.450 -21.27 0.74250
       89  0.450 -21.01 0.71450
       90  0.450 -20.75 0.62239
       91  0.450 -20.49 0.64858
       92  0.450 -20.22 0.60935
       93  0.450 -19.96 0.50406
       94  0.450 -19.68 0.21915
       95  0.450 -19.41 0.17478
       96  0.450 -19.14 0.14104
       97  0.500 -23.29 0.92963
       98  0.500 -23.04 0.91209
       99  0.500 -22.78 0.91145
      100  0.500 -22.53 0.90066
      101  0.500 -22.28 0.88510
      102  0.500 -22.02 0.82448
      103  0.500 -21.77 0.77137
      104  0.500 -21.51 0.72757
      105  0.500 -21.26 0.70986
      106  0.500 -21.00 0.60789
      107  0.500 -20.74 0.65765
      108  0.500 -20.48 0.59955
      109  0.500 -20.22 0.51168
      110  0.500 -19.96 0.24968
      111  0.500 -19.68 0.20087
      112  0.500 -19.42 0.16136
      113  0.550 -23.51 0.91442
      114  0.550 -23.26 0.89717
      115  0.550 -23.00 0.88997
      116  0.550 -22.75 0.87858
      117  0.550 -22.50 0.86135
      118  0.550 -22.25 0.81325
      119  0.550 -21.99 0.74863
      120  0.550 -21.74 0.71892
      121  0.550 -21.49 0.69981
      122  0.550 -21.23 0.59752
      123  0.550 -20.97 0.63421
      124  0.550 -20.71 0.56787
      125  0.550 -20.46 0.49852
      126  0.550 -20.20 0.27207
      127  0.550 -19.93 0.21326
      128  0.550 -19.66 0.15359
      129  0.600 -23.71 0.89636
      130  0.600 -23.46 0.87945
      131  0.600 -23.21 0.89371
      132  0.600 -22.95 0.85834
      133  0.600 -22.70 0.84948
      134  0.600 -22.45 0.79944
      135  0.600 -22.20 0.74051
      136  0.600 -21.95 0.70400
      137  0.600 -21.69 0.66733
      138  0.600 -21.44 0.58716
      139  0.600 -21.18 0.61154
      140  0.600 -20.93 0.59050
      141  0.600 -20.67 0.49506
      142  0.600 -20.41 0.26597
      143  0.600 -20.15 0.21913
      144  0.600 -19.89 0.17690
      145  0.650 -23.89 0.91157
      146  0.650 -23.64 0.89437
      147  0.650 -23.39 0.89277
      148  0.650 -23.14 0.85558
      149  0.650 -22.89 0.85496
      150  0.650 -22.64 0.78304
      151  0.650 -22.39 0.74051
      152  0.650 -22.14 0.70950
      153  0.650 -21.88 0.69595
      154  0.650 -21.63 0.59891
      155  0.650 -21.38 0.63270
      156  0.650 -21.12 0.59352
      157  0.650 -20.87 0.50337
      158  0.650 -20.61 0.32160
      159  0.650 -20.36 0.28174
      160  0.650 -20.10 0.21575
      161  0.700 -24.07 0.91062
      162  0.700 -23.82 0.89344
      163  0.700 -23.57 0.89371
      164  0.700 -23.32 0.87306
      165  0.700 -23.07 0.88236
      166  0.700 -22.82 0.82189
      167  0.700 -22.57 0.76812
      168  0.700 -22.31 0.73700
      169  0.700 -22.06 0.71450
      170  0.700 -21.81 0.61963
      171  0.700 -21.56 0.67277
      172  0.700 -21.30 0.63801
      173  0.700 -21.05 0.57261
      174  0.700 -20.80 0.39895
      175  0.700 -20.54 0.34956
      176  0.700 -20.29 0.27850
      177  0.750 -24.23 0.90587
      178  0.750 -23.98 0.88878
      179  0.750 -23.73 0.89931
      180  0.750 -23.48 0.87490
      181  0.750 -23.23 0.87322
      182  0.750 -22.98 0.81757
      183  0.750 -22.72 0.77543
      184  0.750 -22.47 0.74800
      185  0.750 -22.22 0.73693
      186  0.750 -21.97 0.64450
      187  0.750 -21.72 0.69998
      188  0.750 -21.47 0.67119
      189  0.750 -21.21 0.60653
      190  0.750 -20.96 0.45052
      191  0.750 -20.71 0.42000
      192  0.750 -20.45 0.33766
      193  0.800 -24.38 0.91347
      194  0.800 -24.13 0.89624
      195  0.800 -23.88 0.89931
      196  0.800 -23.63 0.88410
      197  0.800 -23.38 0.87870
      198  0.800 -23.13 0.82707
      199  0.800 -22.88 0.78355
      200  0.800 -22.63 0.75271
      201  0.800 -22.38 0.73616
      202  0.800 -22.12 0.66039
      203  0.800 -21.87 0.71056
      204  0.800 -21.62 0.70211
      205  0.800 -21.37 0.62246
      206  0.800 -21.12 0.50615
      207  0.800 -20.87 0.45848
      208  0.800 -20.61 0.39504
      209  0.850 -24.53 0.92393
      210  0.850 -24.28 0.90649
      211  0.850 -24.03 0.90118
      212  0.850 -23.78 0.89422
      213  0.850 -23.53 0.88784
      214  0.850 -23.28 0.83484
      215  0.850 -23.03 0.79248
      216  0.850 -22.78 0.77235
      217  0.850 -22.53 0.75317
      218  0.850 -22.28 0.66246
      219  0.850 -22.03 0.72568
      220  0.850 -21.77 0.71267
      221  0.850 -21.52 0.63769
      222  0.850 -21.27 0.53329
      223  0.850 -21.02 0.48913
      224  0.850 -20.77 0.44285
      225  0.900 -24.68 0.92298
      226  0.900 -24.43 0.90556
      227  0.900 -24.18 0.91519
      228  0.900 -23.93 0.90158
      229  0.900 -23.68 0.89789
      230  0.900 -23.43 0.84779
      231  0.900 -23.18 0.79329
      232  0.900 -22.93 0.76685
      233  0.900 -22.68 0.75085
      234  0.900 -22.43 0.66729
      235  0.900 -22.18 0.72946
      236  0.900 -21.93 0.72474
      237  0.900 -21.68 0.65777
      238  0.900 -21.43 0.56654
      239  0.900 -21.18 0.52761
      240  0.900 -20.93 0.45122
      241  0.950 -24.84 0.93819
      242  0.950 -24.59 0.92048
      243  0.950 -24.34 0.92639
      244  0.950 -24.09 0.90618
      245  0.950 -23.84 0.90154
      246  0.950 -23.59 0.84347
      247  0.950 -23.33 0.80547
      248  0.950 -23.08 0.77707
      249  0.950 -22.83 0.76167
      250  0.950 -22.58 0.67420
      251  0.950 -22.33 0.73853
      252  0.950 -22.08 0.73077
      253  0.950 -21.83 0.66815
      254  0.950 -21.58 0.58757
      255  0.950 -21.33 0.53282
      256  0.950 -21.08 0.45958
      257  1.000 -24.96 0.94389
      258  1.000 -24.71 0.92608
      259  1.000 -24.46 0.92546
      260  1.000 -24.21 0.91538
      261  1.000 -23.96 0.90519
      262  1.000 -23.71 0.85815
      263  1.000 -23.46 0.80628
      264  1.000 -23.21 0.77864
      265  1.000 -22.96 0.76631
      266  1.000 -22.71 0.68594
      267  1.000 -22.46 0.74307
      268  1.000 -22.21 0.73303
      269  1.000 -21.96 0.66400
      270  1.000 -21.71 0.57604
      271  1.000 -21.46 0.52630
      272  1.000 -21.21 0.47034
      273  1.050 -25.08 0.94104
      274  1.050 -24.83 0.92328
      275  1.050 -24.58 0.92639
      276  1.050 -24.33 0.90894
      277  1.050 -24.08 0.90885
      278  1.050 -23.83 0.85642
      279  1.050 -23.58 0.80303
      280  1.050 -23.33 0.77078
      281  1.050 -23.08 0.76786
      282  1.050 -22.83 0.67973
      283  1.050 -22.57 0.74382
      284  1.050 -22.32 0.72700
      285  1.050 -22.07 0.67162
      286  1.050 -21.82 0.56789
      287  1.050 -21.57 0.52304
      288  1.050 -21.32 0.45122
      289  1.100 -25.18 0.94484
      290  1.100 -24.93 0.92701
      291  1.100 -24.68 0.92733
      292  1.100 -24.43 0.91354
      293  1.100 -24.18 0.90428
      294  1.100 -23.93 0.85728
      295  1.100 -23.68 0.80385
      296  1.100 -23.43 0.78100
      297  1.100 -23.18 0.76477
      298  1.100 -22.93 0.67627
      299  1.100 -22.68 0.74080
      300  1.100 -22.43 0.73153
      301  1.100 -22.18 0.66262
      302  1.100 -21.93 0.56925
      303  1.100 -21.68 0.51848
      304  1.100 -21.43 0.45898
      305  1.150 -25.29 0.93914
      306  1.150 -25.04 0.92142
      307  1.150 -24.79 0.93013
      308  1.150 -24.54 0.91170
      309  1.150 -24.29 0.90885
      310  1.150 -24.04 0.85556
      311  1.150 -23.79 0.80303
      312  1.150 -23.54 0.77707
      313  1.150 -23.29 0.76477
      314  1.150 -23.04 0.68249
      315  1.150 -22.79 0.74307
      316  1.150 -22.54 0.74133
      317  1.150 -22.29 0.67300
      318  1.150 -22.04 0.57468
      319  1.150 -21.79 0.53217
      320  1.150 -21.54 0.46018
      321  1.200 -25.39 0.94294
      322  1.200 -25.14 0.92515
      323  1.200 -24.89 0.92733
      324  1.200 -24.64 0.91354
      325  1.200 -24.39 0.90611
      326  1.200 -24.14 0.85297
      327  1.200 -23.89 0.80466
      328  1.200 -23.64 0.77942
      329  1.200 -23.39 0.76786
      330  1.200 -23.14 0.68318
      331  1.200 -22.89 0.74231
      332  1.200 -22.64 0.73756
      333  1.200 -22.39 0.67369
      334  1.200 -22.14 0.56382
      335  1.200 -21.89 0.52565
      336  1.200 -21.64 0.46078
      337  1.250 -25.49 0.94769
      338  1.250 -25.24 0.92981
      339  1.250 -24.99 0.92079
      340  1.250 -24.74 0.91630
      341  1.250 -24.49 0.90885
      342  1.250 -24.24 0.85987
      343  1.250 -23.99 0.80547
      344  1.250 -23.74 0.78021
      345  1.250 -23.49 0.76245
      346  1.250 -23.24 0.68111
      347  1.250 -22.99 0.74836
      348  1.250 -22.74 0.73982
      349  1.250 -22.49 0.67439
      350  1.250 -22.24 0.56382
      351  1.250 -21.99 0.52109
      352  1.250 -21.74 0.47452
      353  1.300 -25.59 0.94294
      354  1.300 -25.34 0.92515
      355  1.300 -25.09 0.92639
      356  1.300 -24.84 0.91078
      357  1.300 -24.59 0.90702
      358  1.300 -24.34 0.85556
      359  1.300 -24.09 0.80141
      360  1.300 -23.84 0.77707
      361  1.300 -23.59 0.76399
      362  1.300 -23.34 0.68318
      363  1.300 -23.09 0.74080
      364  1.300 -22.84 0.74435
      365  1.300 -22.59 0.66815
      366  1.300 -22.34 0.57197
      367  1.300 -22.09 0.52956
      368  1.300 -21.84 0.47512
      369  1.350 -25.68 0.94199
      370  1.350 -25.43 0.92421
      371  1.350 -25.18 0.91892
      372  1.350 -24.93 0.91262
      373  1.350 -24.68 0.90702
      374  1.350 -24.43 0.85556
      375  1.350 -24.18 0.80547
      376  1.350 -23.93 0.77942
      377  1.350 -23.68 0.76863
      378  1.350 -23.43 0.68525
      379  1.350 -23.18 0.74760
      380  1.350 -22.93 0.74585
      381  1.350 -22.68 0.67646
      382  1.350 -22.43 0.56789
      383  1.350 -22.18 0.53739
      384  1.350 -21.93 0.45958
      385  1.400 -25.77 0.94579
      386  1.400 -25.52 0.92794
      387  1.400 -25.27 0.92733
      388  1.400 -25.02 0.91170
      389  1.400 -24.77 0.90885
      390  1.400 -24.52 0.85987
      391  1.400 -24.27 0.80547
      392  1.400 -24.02 0.78100
      393  1.400 -23.77 0.76786
      394  1.400 -23.52 0.68111
      395  1.400 -23.27 0.74685
      396  1.400 -23.02 0.73907
      397  1.400 -22.77 0.67023
      398  1.400 -22.52 0.57332
      399  1.400 -22.27 0.52826
      400  1.400 -22.02 0.47572
      401  1.450 -25.85 0.94389
      402  1.450 -25.60 0.92608
      403  1.450 -25.35 0.92919
      404  1.450 -25.10 0.91446
      405  1.450 -24.85 0.90976
      406  1.450 -24.60 0.85901
      407  1.450 -24.35 0.80547
      408  1.450 -24.10 0.77864
      409  1.450 -23.85 0.76167
      410  1.450 -23.60 0.68249
      411  1.450 -23.35 0.74685
      412  1.450 -23.10 0.73228
      413  1.450 -22.85 0.66331
      414  1.450 -22.60 0.54686
      415  1.450 -22.35 0.51587
      416  1.450 -22.09 0.46436
      417  1.500 -25.92 0.93914
      418  1.500 -25.67 0.92142
      419  1.500 -25.42 0.92733
      420  1.500 -25.17 0.90802
      421  1.500 -24.92 0.90063
      422  1.500 -24.67 0.85297
      423  1.500 -24.42 0.79816
      424  1.500 -24.17 0.77078
      425  1.500 -23.92 0.75781
      426  1.500 -23.67 0.67213
      427  1.500 -23.42 0.73097
      428  1.500 -23.17 0.71870
      429  1.500 -22.92 0.64531
      430  1.500 -22.67 0.51022
      431  1.500 -22.42 0.48065
      432  1.500 -22.17 0.42074
      433  1.550 -25.99 0.92488
      434  1.550 -25.74 0.90743
      435  1.550 -25.49 0.90678
      436  1.550 -25.24 0.90250
      437  1.550 -24.99 0.89515
      438  1.550 -24.74 0.83484
      439  1.550 -24.49 0.77056
      440  1.550 -24.24 0.75271
      441  1.550 -23.99 0.74080
      442  1.550 -23.74 0.65141
      443  1.550 -23.49 0.70451
      444  1.550 -23.24 0.69231
      445  1.550 -22.99 0.62523
      446  1.550 -22.74 0.48037
      447  1.550 -22.49 0.45261
      448  1.550 -22.24 0.42910
      449  1.600 -26.06 0.92583
      450  1.600 -25.81 0.90836
      451  1.600 -25.56 0.90865
      452  1.600 -25.31 0.90434
      453  1.600 -25.06 0.89332
      454  1.600 -24.81 0.84261
      455  1.600 -24.56 0.78761
      456  1.600 -24.31 0.75507
      457  1.600 -24.06 0.75007
      458  1.600 -23.81 0.66108
      459  1.600 -23.56 0.71661
      460  1.600 -23.31 0.70966
      461  1.600 -23.06 0.63077
      462  1.600 -22.81 0.50412
      463  1.600 -22.56 0.47543
      464  1.600 -22.31 0.43090
      465  1.650 -26.12 0.94104
      466  1.650 -25.87 0.92328
      467  1.650 -25.62 0.92826
      468  1.650 -25.37 0.91078
      469  1.650 -25.12 0.90428
      470  1.650 -24.87 0.85469
      471  1.650 -24.62 0.80222
      472  1.650 -24.37 0.77157
      473  1.650 -24.12 0.75549
      474  1.650 -23.87 0.67489
      475  1.650 -23.62 0.73626
      476  1.650 -23.37 0.72398
      477  1.650 -23.12 0.65985
      478  1.650 -22.87 0.52583
      479  1.650 -22.62 0.50152
      480  1.650 -22.37 0.45181
      481  1.700 -26.19 0.94579
      482  1.700 -25.94 0.92794
      483  1.700 -25.69 0.92733
      484  1.700 -25.44 0.91170
      485  1.700 -25.19 0.91067
      486  1.700 -24.94 0.86074
      487  1.700 -24.69 0.80791
      488  1.700 -24.44 0.77707
      489  1.700 -24.19 0.76477
      490  1.700 -23.94 0.67973
      491  1.700 -23.69 0.73626
      492  1.700 -23.44 0.73605
      493  1.700 -23.19 0.66885
      494  1.700 -22.94 0.58011
      495  1.700 -22.69 0.54261
      496  1.700 -22.44 0.47811
      497  1.750 -26.26 0.94769
      498  1.750 -26.01 0.92981
      499  1.750 -25.76 0.93199
      500  1.750 -25.51 0.91262
      501  1.750 -25.26 0.91067
      502  1.750 -25.01 0.85815
      503  1.750 -24.76 0.80385
      504  1.750 -24.51 0.77707
      505  1.750 -24.26 0.76631
      506  1.750 -24.01 0.68525
      507  1.750 -23.76 0.74987
      508  1.750 -23.51 0.73228
      509  1.750 -23.26 0.67369
      510  1.750 -23.01 0.56586
      511  1.750 -22.76 0.54652
      512  1.750 -22.50 0.49484
      513  1.800 -26.33 0.94389
      514  1.800 -26.08 0.92608
      515  1.800 -25.83 0.93106
      516  1.800 -25.58 0.91538
      517  1.800 -25.33 0.91159
      518  1.800 -25.08 0.85556
      519  1.800 -24.83 0.80709
      520  1.800 -24.58 0.77864
      521  1.800 -24.33 0.76399
      522  1.800 -24.08 0.68180
      523  1.800 -23.83 0.74836
      524  1.800 -23.58 0.74133
      525  1.800 -23.33 0.67369
      526  1.800 -23.08 0.59300
      527  1.800 -22.83 0.55239
      528  1.800 -22.58 0.49783
      529  1.850 -26.40 0.94769
      530  1.850 -26.15 0.92981
      531  1.850 -25.90 0.93106
      532  1.850 -25.65 0.91630
      533  1.850 -25.40 0.90976
      534  1.850 -25.15 0.86074
      535  1.850 -24.90 0.80709
      536  1.850 -24.65 0.78021
      537  1.850 -24.40 0.76709
      538  1.850 -24.15 0.68387
      539  1.850 -23.90 0.74231
      540  1.850 -23.65 0.74058
      541  1.850 -23.40 0.67716
      542  1.850 -23.15 0.60928
      543  1.850 -22.90 0.56869
      544  1.850 -22.65 0.50381
      545  1.900 -26.47 0.94674
      546  1.900 -26.22 0.92888
      547  1.900 -25.97 0.93293
      548  1.900 -25.72 0.91906
      549  1.900 -25.47 0.90793
      550  1.900 -25.22 0.85987
      551  1.900 -24.97 0.80628
      552  1.900 -24.72 0.77942
      553  1.900 -24.47 0.76941
      554  1.900 -24.22 0.68180
      555  1.900 -23.97 0.74685
      556  1.900 -23.72 0.74208
      557  1.900 -23.47 0.67577
      558  1.900 -23.22 0.61267
      559  1.900 -22.97 0.58304
      560  1.900 -22.71 0.51516
      561  1.950 -26.52 0.94769
      562  1.950 -26.27 0.92981
      563  1.950 -26.02 0.93386
      564  1.950 -25.77 0.91722
      565  1.950 -25.52 0.91159
      566  1.950 -25.27 0.85901
      567  1.950 -25.02 0.80303
      568  1.950 -24.77 0.77550
      569  1.950 -24.52 0.76941
      570  1.950 -24.27 0.68525
      571  1.950 -24.02 0.74760
      572  1.950 -23.77 0.74133
      573  1.950 -23.52 0.68131
      574  1.950 -23.27 0.61267
      575  1.950 -23.02 0.58043
      576  1.950 -22.77 0.52592
      577  2.000 -26.58 0.94864
      578  2.000 -26.33 0.93074
      579  2.000 -26.08 0.93106
      580  2.000 -25.83 0.91354
      581  2.000 -25.58 0.91067
      582  2.000 -25.33 0.85815
      583  2.000 -25.08 0.80709
      584  2.000 -24.83 0.78178
      585  2.000 -24.58 0.76786
      586  2.000 -24.33 0.68664
      587  2.000 -24.08 0.74533
      588  2.000 -23.83 0.74284
      589  2.000 -23.58 0.67508
      590  2.000 -23.33 0.61607
      591  2.000 -23.08 0.58239
      592  2.000 -22.83 0.52293
      593  2.050 -26.63 0.94199
      594  2.050 -26.38 0.92421
      595  2.050 -26.13 0.92546
      596  2.050 -25.88 0.91078
      597  2.050 -25.63 0.90793
      598  2.050 -25.38 0.85383
      599  2.050 -25.13 0.80791
      600  2.050 -24.88 0.77942
      601  2.050 -24.63 0.76245
      602  2.050 -24.38 0.68042
      603  2.050 -24.13 0.74458
      604  2.050 -23.88 0.73982
      605  2.050 -23.63 0.66954
      606  2.050 -23.38 0.59707
      607  2.050 -23.13 0.56739
      608  2.050 -22.88 0.51397
      609  2.100 -26.67 0.93058
      610  2.100 -26.42 0.91302
      611  2.100 -26.17 0.91705
      612  2.100 -25.92 0.90342
      613  2.100 -25.67 0.88875
      614  2.100 -25.42 0.84520
      615  2.100 -25.17 0.79573
      616  2.100 -24.92 0.76057
      617  2.100 -24.67 0.74930
      618  2.100 -24.42 0.67144
      619  2.100 -24.17 0.71812
      620  2.100 -23.92 0.72323
      621  2.100 -23.67 0.65223
      622  2.100 -23.42 0.56314
      623  2.100 -23.17 0.54130
      624  2.100 -22.92 0.47333
      625  2.150 -26.71 0.87830
      626  2.150 -26.46 0.86173
      627  2.150 -26.21 0.87970
      628  2.150 -25.96 0.83718
      629  2.150 -25.71 0.83486
      630  2.150 -25.46 0.79340
      631  2.150 -25.21 0.74863
      632  2.150 -24.96 0.71264
      633  2.150 -24.71 0.71373
      634  2.150 -24.46 0.62516
      635  2.150 -24.21 0.67655
      636  2.150 -23.96 0.67119
      637  2.150 -23.71 0.60792
      638  2.150 -23.46 0.52379
      639  2.150 -23.21 0.48587
      640  2.150 -22.96 0.43209
      641  2.200 -26.74 0.79846
      642  2.200 -26.49 0.78339
      643  2.200 -26.24 0.80499
      644  2.200 -25.99 0.77646
      645  2.200 -25.74 0.77732
      646  2.200 -25.49 0.72001
      647  2.200 -25.24 0.67231
      648  2.200 -24.99 0.66943
      649  2.200 -24.74 0.64568
      650  2.200 -24.49 0.57058
      651  2.200 -24.24 0.62136
      652  2.200 -23.99 0.60784
      653  2.200 -23.74 0.55599
      654  2.200 -23.49 0.45730
      655  2.200 -23.24 0.42652
      656  2.200 -22.99 0.35739
      657  2.250 -26.76 0.75378
      658  2.250 -26.51 0.73956
      659  2.250 -26.26 0.74429
      660  2.250 -26.01 0.72678
      661  2.250 -25.76 0.72160
      662  2.250 -25.51 0.68030
      663  2.250 -25.26 0.62684
      664  2.250 -25.01 0.60028
      665  2.250 -24.76 0.60934
      666  2.250 -24.51 0.52706
      667  2.250 -24.26 0.57828
      668  2.250 -24.01 0.55505
      669  2.250 -23.76 0.50267
      670  2.250 -23.51 0.39149
      671  2.250 -23.26 0.39196
      672  2.250 -23.01 0.33348
      673  2.300 -26.77 0.71101
      674  2.300 -26.52 0.69759
      675  2.300 -26.27 0.71627
      676  2.300 -26.02 0.69550
      677  2.300 -25.77 0.67593
      678  2.300 -25.52 0.64577
      679  2.300 -25.27 0.59598
      680  2.300 -25.02 0.59400
      681  2.300 -24.77 0.56836
      682  2.300 -24.52 0.50980
      683  2.300 -24.27 0.54804
      684  2.300 -24.02 0.53394
      685  2.300 -23.77 0.48467
      686  2.300 -23.52 0.38335
      687  2.300 -23.27 0.36587
      688  2.300 -23.02 0.32750
      689  2.350 -26.80 0.70340
      690  2.350 -26.55 0.69013
      691  2.350 -26.30 0.69573
      692  2.350 -26.05 0.65226
      693  2.350 -25.80 0.67045
      694  2.350 -25.55 0.60433
      695  2.350 -25.30 0.58868
      696  2.350 -25.05 0.57514
      697  2.350 -24.80 0.53510
      698  2.350 -24.55 0.48907
      699  2.350 -24.30 0.50117
      700  2.350 -24.05 0.50679
      701  2.350 -23.80 0.44590
      702  2.350 -23.55 0.37995
      703  2.350 -23.30 0.34891
      704  2.350 -23.05 0.31017
      705  2.400 -26.83 0.67394
      706  2.400 -26.58 0.66122
      707  2.400 -26.33 0.67798
      708  2.400 -26.08 0.65502
      709  2.400 -25.83 0.64122
      710  2.400 -25.58 0.62246
      711  2.400 -25.33 0.57000
      712  2.400 -25.08 0.55235
      713  2.400 -24.83 0.56294
      714  2.400 -24.58 0.47318
      715  2.400 -24.33 0.51554
      716  2.400 -24.08 0.54299
      717  2.400 -23.83 0.45975
      718  2.400 -23.58 0.36367
      719  2.400 -23.33 0.35674
      720  2.400 -23.08 0.30719
      721  2.450 -26.88 0.66538
      722  2.450 -26.63 0.65283
      723  2.450 -26.38 0.64717
      724  2.450 -26.13 0.63938
      725  2.450 -25.88 0.64852
      726  2.450 -25.63 0.60260
      727  2.450 -25.38 0.56269
      728  2.450 -25.13 0.52171
      729  2.450 -24.88 0.53742
      730  2.450 -24.63 0.46282
      731  2.450 -24.38 0.50495
      732  2.450 -24.13 0.49472
      733  2.450 -23.88 0.46252
      734  2.450 -23.63 0.36231
      735  2.450 -23.38 0.33130
      736  2.450 -23.13 0.30479
      737  2.500 -26.92 0.63782
      738  2.500 -26.67 0.62578
      739  2.500 -26.42 0.61822
      740  2.500 -26.17 0.61086
      741  2.500 -25.92 0.59829
      742  2.500 -25.67 0.58102
      743  2.500 -25.42 0.53265
      744  2.500 -25.17 0.52721
      745  2.500 -24.92 0.50727
      746  2.500 -24.67 0.44693
      747  2.500 -24.42 0.48681
      748  2.500 -24.17 0.48794
      749  2.500 -23.92 0.43205
      750  2.500 -23.67 0.35010
      751  2.500 -23.42 0.32022
      752  2.500 -23.17 0.29762
      753  2.550 -26.96 0.57508
      754  2.550 -26.71 0.56423
      755  2.550 -26.46 0.59394
      756  2.550 -26.21 0.55015
      757  2.550 -25.96 0.55627
      758  2.550 -25.71 0.50764
      759  2.550 -25.46 0.48962
      760  2.550 -25.21 0.49814
      761  2.550 -24.96 0.46551
      762  2.550 -24.71 0.41170
      763  2.550 -24.46 0.45582
      764  2.550 -24.21 0.45475
      765  2.550 -23.96 0.40366
      766  2.550 -23.71 0.32839
      767  2.550 -23.46 0.30587
      768  2.550 -23.21 0.27491
      769  2.600 -27.00 0.49143
      770  2.600 -26.75 0.48216
      771  2.600 -26.50 0.48561
      772  2.600 -26.25 0.45999
      773  2.600 -26.00 0.49050
      774  2.600 -25.75 0.46361
      775  2.600 -25.50 0.41897
      776  2.600 -25.25 0.41878
      777  2.600 -25.00 0.40829
      778  2.600 -24.75 0.34884
      779  2.600 -24.50 0.40517
      780  2.600 -24.25 0.38235
      781  2.600 -24.00 0.34273
      782  2.600 -23.75 0.26529
      783  2.600 -23.50 0.26087
      784  2.600 -23.25 0.25340
      785  2.650 -27.03 0.36501
      786  2.650 -26.78 0.35812
      787  2.650 -26.53 0.36888
      788  2.650 -26.28 0.34775
      789  2.650 -26.03 0.36537
      790  2.650 -25.78 0.32720
      791  2.650 -25.53 0.34021
      792  2.650 -25.28 0.30957
      793  2.650 -25.03 0.30312
      794  2.650 -24.78 0.25904
      795  2.650 -24.53 0.31900
      796  2.650 -24.28 0.29110
      797  2.650 -24.03 0.25549
      798  2.650 -23.78 0.18658
      799  2.650 -23.53 0.22435
      800  2.650 -23.28 0.18706
      801  2.700 -27.06 0.25665
      802  2.700 -26.81 0.25180
      803  2.700 -26.56 0.24934
      804  2.700 -26.31 0.24103
      805  2.700 -26.06 0.24023
      806  2.700 -25.81 0.22446
      807  2.700 -25.56 0.20543
      808  2.700 -25.31 0.20978
      809  2.700 -25.06 0.19564
      810  2.700 -24.81 0.19618
      811  2.700 -24.56 0.20410
      812  2.700 -24.31 0.21569
      813  2.700 -24.06 0.20079
      814  2.700 -23.81 0.14452
      815  2.700 -23.56 0.15326
      816  2.700 -23.31 0.16076
      817  2.750 -27.10 0.14829
      818  2.750 -26.85 0.14549
      819  2.750 -26.60 0.16623
      820  2.750 -26.35 0.14996
      821  2.750 -26.10 0.14706
      822  2.750 -25.85 0.15281
      823  2.750 -25.60 0.13560
      824  2.750 -25.35 0.12493
      825  2.750 -25.10 0.12218
      826  2.750 -24.85 0.12296
      827  2.750 -24.60 0.13380
      828  2.750 -24.35 0.15008
      829  2.750 -24.10 0.15510
      830  2.750 -23.85 0.10381
      831  2.750 -23.60 0.12717
      832  2.750 -23.35 0.11833
      833  2.800 -27.13 0.08365
      834  2.800 -26.88 0.08207
      835  2.800 -26.63 0.08778
      836  2.800 -26.38 0.09568
      837  2.800 -26.13 0.09225
      838  2.800 -25.88 0.06820
      839  2.800 -25.63 0.07957
      840  2.800 -25.38 0.07543
      841  2.800 -25.13 0.08351
      842  2.800 -24.88 0.06908
      843  2.800 -24.63 0.08013
      844  2.800 -24.38 0.10106
      845  2.800 -24.13 0.10594
      846  2.800 -23.88 0.08345
      847  2.800 -23.63 0.08739
      848  2.800 -23.38 0.10160
      849  2.850 -27.17 0.04277
      850  2.850 -26.92 0.04197
      851  2.850 -26.67 0.03549
      852  2.850 -26.42 0.03864
      853  2.850 -26.17 0.03928
      854  2.850 -25.92 0.03885
      855  2.850 -25.67 0.02679
      856  2.850 -25.42 0.03693
      857  2.850 -25.17 0.03402
      858  2.850 -24.92 0.04559
      859  2.850 -24.67 0.04535
      860  2.850 -24.42 0.04827
      861  2.850 -24.17 0.06162
      862  2.850 -23.92 0.05021
      863  2.850 -23.67 0.06587
      864  2.850 -23.42 0.07411
      865  2.900 -27.22 0.01141
      866  2.900 -26.97 0.01119
      867  2.900 -26.72 0.01494
      868  2.900 -26.47 0.01472
      869  2.900 -26.22 0.01644
      870  2.900 -25.97 0.01036
      871  2.900 -25.72 0.02111
      872  2.900 -25.47 0.01336
      873  2.900 -25.22 0.01701
      874  2.900 -24.97 0.01658
      875  2.900 -24.72 0.02419
      876  2.900 -24.47 0.03771
      877  2.900 -24.22 0.04085
      878  2.900 -23.97 0.02782
      879  2.900 -23.72 0.04826
      880  2.900 -23.47 0.06395
      881  2.950 -27.27 0.00380
      882  2.950 -27.02 0.00373
      883  2.950 -26.77 0.00187
      884  2.950 -26.52 0.00460
      885  2.950 -26.27 0.00639
      886  2.950 -26.02 0.00691
      887  2.950 -25.77 0.00812
      888  2.950 -25.52 0.00629
      889  2.950 -25.27 0.00541
      890  2.950 -25.02 0.00414
      891  2.950 -24.77 0.01285
      892  2.950 -24.52 0.01735
      893  2.950 -24.27 0.02631
      894  2.950 -24.02 0.02103
      895  2.950 -23.77 0.03652
      896  2.950 -23.52 0.04303
      897  3.000 -27.33 0.00285
      898  3.000 -27.08 0.00280
      899  3.000 -26.83 0.00000
      900  3.000 -26.58 0.00092
      901  3.000 -26.33 0.00183
      902  3.000 -26.08 0.00259
      903  3.000 -25.83 0.00081
      904  3.000 -25.58 0.00471
      905  3.000 -25.33 0.00232
      906  3.000 -25.08 0.00345
      907  3.000 -24.83 0.00832
      908  3.000 -24.58 0.00528
      909  3.000 -24.33 0.02285
      910  3.000 -24.08 0.02171
      911  3.000 -23.83 0.03130
      912  3.000 -23.58 0.04243
      913  3.050 -27.39 0.00000
      914  3.050 -27.14 0.00000
      915  3.050 -26.89 0.00000
      916  3.050 -26.64 0.00000
      917  3.050 -26.39 0.00000
      918  3.050 -26.14 0.00000
      919  3.050 -25.89 0.00000
      920  3.050 -25.64 0.00000
      921  3.050 -25.39 0.00000
      922  3.050 -25.14 0.00000
      923  3.050 -24.89 0.00000
      924  3.050 -24.64 0.00000
      925  3.050 -24.39 0.00000
      926  3.050 -24.14 0.00000
      927  3.050 -23.89 0.00000
      928  3.050 -23.64 0.00000
      929  3.100 -27.47 0.00000
      930  3.100 -27.22 0.00000
      931  3.100 -26.97 0.00000
      932  3.100 -26.72 0.00000
      933  3.100 -26.47 0.00000
      934  3.100 -26.22 0.00000
      935  3.100 -25.97 0.00000
      936  3.100 -25.72 0.00000
      937  3.100 -25.47 0.00000
      938  3.100 -25.22 0.00000
      939  3.100 -24.97 0.00000
      940  3.100 -24.72 0.00000
      941  3.100 -24.47 0.00000
      942  3.100 -24.22 0.00000
      943  3.100 -23.97 0.00000
      944  3.100 -23.72 0.00000
      945  3.150 -27.56 0.00000
      946  3.150 -27.31 0.00000
      947  3.150 -27.06 0.00000
      948  3.150 -26.81 0.00000
      949  3.150 -26.56 0.00000
      950  3.150 -26.31 0.00000
      951  3.150 -26.06 0.00000
      952  3.150 -25.81 0.00000
      953  3.150 -25.56 0.00000
      954  3.150 -25.31 0.00000
      955  3.150 -25.06 0.00000
      956  3.150 -24.81 0.00000
      957  3.150 -24.56 0.00000
      958  3.150 -24.31 0.00000
      959  3.150 -24.06 0.00000
      960  3.150 -23.81 0.00000
      961  3.200 -27.66 0.00000
      962  3.200 -27.41 0.00000
      963  3.200 -27.16 0.00000
      964  3.200 -26.91 0.00000
      965  3.200 -26.66 0.00000
      966  3.200 -26.41 0.00000
      967  3.200 -26.16 0.00000
      968  3.200 -25.91 0.00000
      969  3.200 -25.66 0.00000
      970  3.200 -25.41 0.00000
      971  3.200 -25.16 0.00000
      972  3.200 -24.91 0.00000
      973  3.200 -24.66 0.00000
      974  3.200 -24.41 0.00000
      975  3.200 -24.16 0.00000
      976  3.200 -23.91 0.00000
