# 2SLAQ selection function in SGP region (Croom et al. 2009, MNRAS, 392, 19)
# M1450 computed with imag corrected for host galaxy light (Croom et al. 2009, MNRAS, 392, 19) and Beta's SED
# selection function corrected for coverage completeness (not all targets observed, different for NGP and SGP regions, Fig 4 in Croom et al.)
# selection function corrected for spectroscopic completeness (redshift success, Fig 6b in Croom et al., only quality=1 redshifts considered)
# counter  z     M1450  p
        1  0.200 -21.09 0.76229
        2  0.200 -20.84 0.78550
        3  0.200 -20.54 0.73992
        4  0.200 -20.25 0.66333
        5  0.200 -19.96 0.51083
        6  0.200 -19.66 0.36638
        7  0.200 -19.37 0.21486
        8  0.200 -19.06 0.14285
        9  0.200 -18.74 0.11151
       10  0.200 -18.42 0.05903
       11  0.200 -18.09 0.05908
       12  0.200 -17.75 0.05731
       13  0.200 -17.40 0.03838
       14  0.200 -17.06 0.00555
       15  0.200 -16.71 0.00209
       16  0.200 -16.37 0.00053
       17  0.250 -21.70 0.80796
       18  0.250 -21.45 0.83256
       19  0.250 -21.19 0.83974
       20  0.250 -20.92 0.78455
       21  0.250 -20.65 0.65742
       22  0.250 -20.37 0.49305
       23  0.250 -20.09 0.31105
       24  0.250 -19.81 0.23407
       25  0.250 -19.51 0.18788
       26  0.250 -19.22 0.10945
       27  0.250 -18.93 0.14349
       28  0.250 -18.62 0.14899
       29  0.250 -18.31 0.10427
       30  0.250 -18.00 0.01888
       31  0.250 -17.68 0.00991
       32  0.250 -17.35 0.00737
       33  0.300 -22.14 0.81959
       34  0.300 -21.89 0.84454
       35  0.300 -21.63 0.86163
       36  0.300 -21.37 0.81738
       37  0.300 -21.10 0.69295
       38  0.300 -20.84 0.54395
       39  0.300 -20.56 0.35269
       40  0.300 -20.29 0.27614
       41  0.300 -20.02 0.25673
       42  0.300 -19.74 0.16143
       43  0.300 -19.46 0.22705
       44  0.300 -19.17 0.25154
       45  0.300 -18.89 0.19020
       46  0.300 -18.57 0.05552
       47  0.300 -18.28 0.03494
       48  0.300 -17.97 0.01578
       49  0.350 -22.50 0.81709
       50  0.350 -22.25 0.84197
       51  0.350 -21.99 0.86339
       52  0.350 -21.73 0.83590
       53  0.350 -21.47 0.72553
       54  0.350 -21.21 0.57059
       55  0.350 -20.95 0.39142
       56  0.350 -20.69 0.32282
       57  0.350 -20.42 0.30621
       58  0.350 -20.15 0.20635
       59  0.350 -19.88 0.29921
       60  0.350 -19.60 0.36615
       61  0.350 -19.32 0.28760
       62  0.350 -19.04 0.09938
       63  0.350 -18.74 0.06153
       64  0.350 -18.45 0.04051
       65  0.400 -22.79 0.81793
       66  0.400 -22.54 0.84283
       67  0.400 -22.29 0.86601
       68  0.400 -22.03 0.83253
       69  0.400 -21.78 0.73219
       70  0.400 -21.52 0.58242
       71  0.400 -21.26 0.40682
       72  0.400 -21.00 0.33873
       73  0.400 -20.74 0.33130
       74  0.400 -20.47 0.23482
       75  0.400 -20.21 0.35914
       76  0.400 -19.94 0.45422
       77  0.400 -19.67 0.38556
       78  0.400 -19.39 0.16100
       79  0.400 -19.11 0.11263
       80  0.400 -18.82 0.07787
       81  0.450 -23.05 0.81211
       82  0.450 -22.80 0.83684
       83  0.450 -22.55 0.86426
       84  0.450 -22.29 0.82917
       85  0.450 -22.04 0.72405
       86  0.450 -21.78 0.57769
       87  0.450 -21.53 0.39891
       88  0.450 -21.27 0.33413
       89  0.450 -21.01 0.33130
       90  0.450 -20.75 0.23535
       91  0.450 -20.49 0.36209
       92  0.450 -20.22 0.48740
       93  0.450 -19.96 0.41707
       94  0.450 -19.68 0.17933
       95  0.450 -19.41 0.13975
       96  0.450 -19.14 0.12417
       97  0.500 -23.29 0.81211
       98  0.500 -23.04 0.83684
       99  0.500 -22.78 0.85463
      100  0.500 -22.53 0.82412
      101  0.500 -22.28 0.71739
      102  0.500 -22.02 0.56526
      103  0.500 -21.77 0.39558
      104  0.500 -21.51 0.32741
      105  0.500 -21.26 0.32915
      106  0.500 -21.00 0.22986
      107  0.500 -20.74 0.36716
      108  0.500 -20.48 0.47955
      109  0.500 -20.22 0.42338
      110  0.500 -19.96 0.20431
      111  0.500 -19.68 0.16061
      112  0.500 -19.42 0.14206
      113  0.550 -23.51 0.79883
      114  0.550 -23.26 0.82315
      115  0.550 -23.00 0.83449
      116  0.550 -22.75 0.80391
      117  0.550 -22.50 0.69814
      118  0.550 -22.25 0.55756
      119  0.550 -21.99 0.38392
      120  0.550 -21.74 0.32352
      121  0.550 -21.49 0.32449
      122  0.550 -21.23 0.22594
      123  0.550 -20.97 0.35407
      124  0.550 -20.71 0.45422
      125  0.550 -20.46 0.41249
      126  0.550 -20.20 0.22263
      127  0.550 -19.93 0.17051
      128  0.550 -19.66 0.13522
      129  0.600 -23.71 0.78305
      130  0.600 -23.46 0.80689
      131  0.600 -23.21 0.83799
      132  0.600 -22.95 0.78539
      133  0.600 -22.70 0.68851
      134  0.600 -22.45 0.54809
      135  0.600 -22.20 0.37976
      136  0.600 -21.95 0.31681
      137  0.600 -21.69 0.30943
      138  0.600 -21.44 0.22203
      139  0.600 -21.18 0.34141
      140  0.600 -20.93 0.47232
      141  0.600 -20.67 0.40963
      142  0.600 -20.41 0.21763
      143  0.600 -20.15 0.17521
      144  0.600 -19.89 0.15574
      145  0.650 -23.89 0.79634
      146  0.650 -23.64 0.82058
      147  0.650 -23.39 0.83712
      148  0.650 -23.14 0.78287
      149  0.650 -22.89 0.69295
      150  0.650 -22.64 0.53685
      151  0.650 -22.39 0.37976
      152  0.650 -22.14 0.31928
      153  0.650 -21.88 0.32270
      154  0.650 -21.63 0.22647
      155  0.650 -21.38 0.35323
      156  0.650 -21.12 0.47473
      157  0.650 -20.87 0.41650
      158  0.650 -20.61 0.26316
      159  0.650 -20.36 0.22527
      160  0.650 -20.10 0.18994
      161  0.700 -24.07 0.79551
      162  0.700 -23.82 0.81972
      163  0.700 -23.57 0.83799
      164  0.700 -23.32 0.79886
      165  0.700 -23.07 0.71516
      166  0.700 -22.82 0.56348
      167  0.700 -22.57 0.39391
      168  0.700 -22.31 0.33166
      169  0.700 -22.06 0.33130
      170  0.700 -21.81 0.23430
      171  0.700 -21.56 0.37560
      172  0.700 -21.30 0.51032
      173  0.700 -21.05 0.47379
      174  0.700 -20.80 0.32645
      175  0.700 -20.54 0.27950
      176  0.700 -20.29 0.24518
      177  0.750 -24.23 0.79135
      178  0.750 -23.98 0.81545
      179  0.750 -23.73 0.84325
      180  0.750 -23.48 0.80055
      181  0.750 -23.23 0.70776
      182  0.750 -22.98 0.56052
      183  0.750 -22.72 0.39766
      184  0.750 -22.47 0.33661
      185  0.750 -22.22 0.34170
      186  0.750 -21.97 0.24371
      187  0.750 -21.72 0.39079
      188  0.750 -21.47 0.53686
      189  0.750 -21.21 0.50186
      190  0.750 -20.96 0.36865
      191  0.750 -20.71 0.33581
      192  0.750 -20.45 0.29727
      193  0.800 -24.38 0.79800
      194  0.800 -24.13 0.82229
      195  0.800 -23.88 0.84325
      196  0.800 -23.63 0.80896
      197  0.800 -23.38 0.71220
      198  0.800 -23.13 0.56703
      199  0.800 -22.88 0.40183
      200  0.800 -22.63 0.33873
      201  0.800 -22.38 0.34134
      202  0.800 -22.12 0.24971
      203  0.800 -21.87 0.39670
      204  0.800 -21.62 0.56159
      205  0.800 -21.37 0.51504
      206  0.800 -21.12 0.41417
      207  0.800 -20.87 0.36658
      208  0.800 -20.61 0.34778
      209  0.850 -24.53 0.80713
      210  0.850 -24.28 0.83170
      211  0.850 -24.03 0.84500
      212  0.850 -23.78 0.81822
      213  0.850 -23.53 0.71961
      214  0.850 -23.28 0.57236
      215  0.850 -23.03 0.40641
      216  0.850 -22.78 0.34757
      217  0.850 -22.53 0.34923
      218  0.850 -22.28 0.25050
      219  0.850 -22.03 0.40514
      220  0.850 -21.77 0.57004
      221  0.850 -21.52 0.52764
      222  0.850 -21.27 0.43638
      223  0.850 -21.02 0.39109
      224  0.850 -20.77 0.38987
      225  0.900 -24.68 0.80630
      226  0.900 -24.43 0.83085
      227  0.900 -24.18 0.85813
      228  0.900 -23.93 0.82496
      229  0.900 -23.68 0.72775
      230  0.900 -23.43 0.58124
      231  0.900 -23.18 0.40682
      232  0.900 -22.93 0.34509
      233  0.900 -22.68 0.34816
      234  0.900 -22.43 0.25233
      235  0.900 -22.18 0.40725
      236  0.900 -21.93 0.57969
      237  0.900 -21.68 0.54426
      238  0.900 -21.43 0.46358
      239  0.900 -21.18 0.42185
      240  0.900 -20.93 0.39724
      241  0.950 -24.84 0.81959
      242  0.950 -24.59 0.84454
      243  0.950 -24.34 0.86864
      244  0.950 -24.09 0.82917
      245  0.950 -23.84 0.73071
      246  0.950 -23.59 0.57828
      247  0.950 -23.33 0.41307
      248  0.950 -23.08 0.34969
      249  0.950 -22.83 0.35318
      250  0.950 -22.58 0.25494
      251  0.950 -22.33 0.41231
      252  0.950 -22.08 0.58451
      253  0.950 -21.83 0.55285
      254  0.950 -21.58 0.48079
      255  0.950 -21.33 0.42602
      256  0.950 -21.08 0.40460
      257  1.000 -24.96 0.82457
      258  1.000 -24.71 0.84967
      259  1.000 -24.46 0.86776
      260  1.000 -24.21 0.83759
      261  1.000 -23.96 0.73367
      262  1.000 -23.71 0.58834
      263  1.000 -23.46 0.41348
      264  1.000 -23.21 0.35039
      265  1.000 -22.96 0.35533
      266  1.000 -22.71 0.25938
      267  1.000 -22.46 0.41484
      268  1.000 -22.21 0.58632
      269  1.000 -21.96 0.54941
      270  1.000 -21.71 0.47135
      271  1.000 -21.46 0.42081
      272  1.000 -21.21 0.41407
      273  1.050 -25.08 0.82208
      274  1.050 -24.83 0.84711
      275  1.050 -24.58 0.86864
      276  1.050 -24.33 0.83169
      277  1.050 -24.08 0.73663
      278  1.050 -23.83 0.58716
      279  1.050 -23.58 0.41182
      280  1.050 -23.33 0.34686
      281  1.050 -23.08 0.35605
      282  1.050 -22.83 0.25703
      283  1.050 -22.57 0.41527
      284  1.050 -22.32 0.58150
      285  1.050 -22.07 0.55572
      286  1.050 -21.82 0.46469
      287  1.050 -21.57 0.41820
      288  1.050 -21.32 0.39724
      289  1.100 -25.18 0.82540
      290  1.100 -24.93 0.85053
      291  1.100 -24.68 0.86951
      292  1.100 -24.43 0.83590
      293  1.100 -24.18 0.73293
      294  1.100 -23.93 0.58775
      295  1.100 -23.68 0.41224
      296  1.100 -23.43 0.35146
      297  1.100 -23.18 0.35461
      298  1.100 -22.93 0.25572
      299  1.100 -22.68 0.41358
      300  1.100 -22.43 0.58512
      301  1.100 -22.18 0.54827
      302  1.100 -21.93 0.46580
      303  1.100 -21.68 0.41455
      304  1.100 -21.43 0.40408
      305  1.150 -25.29 0.82042
      306  1.150 -25.04 0.84539
      307  1.150 -24.79 0.87214
      308  1.150 -24.54 0.83422
      309  1.150 -24.29 0.73663
      310  1.150 -24.04 0.58657
      311  1.150 -23.79 0.41182
      312  1.150 -23.54 0.34969
      313  1.150 -23.29 0.35461
      314  1.150 -23.04 0.25807
      315  1.150 -22.79 0.41484
      316  1.150 -22.54 0.59296
      317  1.150 -22.29 0.55686
      318  1.150 -22.04 0.47024
      319  1.150 -21.79 0.42550
      320  1.150 -21.54 0.40513
      321  1.200 -25.39 0.82374
      322  1.200 -25.14 0.84882
      323  1.200 -24.89 0.86951
      324  1.200 -24.64 0.83590
      325  1.200 -24.39 0.73441
      326  1.200 -24.14 0.58479
      327  1.200 -23.89 0.41265
      328  1.200 -23.64 0.35075
      329  1.200 -23.39 0.35605
      330  1.200 -23.14 0.25833
      331  1.200 -22.89 0.41442
      332  1.200 -22.64 0.58994
      333  1.200 -22.39 0.55743
      334  1.200 -22.14 0.46136
      335  1.200 -21.89 0.42029
      336  1.200 -21.64 0.40566
      337  1.250 -25.49 0.82789
      338  1.250 -25.24 0.85309
      339  1.250 -24.99 0.86339
      340  1.250 -24.74 0.83843
      341  1.250 -24.49 0.73663
      342  1.250 -24.24 0.58953
      343  1.250 -23.99 0.41307
      344  1.250 -23.74 0.35110
      345  1.250 -23.49 0.35354
      346  1.250 -23.24 0.25755
      347  1.250 -22.99 0.41780
      348  1.250 -22.74 0.59175
      349  1.250 -22.49 0.55801
      350  1.250 -22.24 0.46136
      351  1.250 -21.99 0.41664
      352  1.250 -21.74 0.41776
      353  1.300 -25.59 0.82374
      354  1.300 -25.34 0.84882
      355  1.300 -25.09 0.86864
      356  1.300 -24.84 0.83338
      357  1.300 -24.59 0.73515
      358  1.300 -24.34 0.58657
      359  1.300 -24.09 0.41099
      360  1.300 -23.84 0.34969
      361  1.300 -23.59 0.35425
      362  1.300 -23.34 0.25833
      363  1.300 -23.09 0.41358
      364  1.300 -22.84 0.59537
      365  1.300 -22.59 0.55285
      366  1.300 -22.34 0.46802
      367  1.300 -22.09 0.42342
      368  1.300 -21.84 0.41828
      369  1.350 -25.68 0.82291
      370  1.350 -25.43 0.84796
      371  1.350 -25.18 0.86163
      372  1.350 -24.93 0.83506
      373  1.350 -24.68 0.73515
      374  1.350 -24.43 0.58657
      375  1.350 -24.18 0.41307
      376  1.350 -23.93 0.35075
      377  1.350 -23.68 0.35640
      378  1.350 -23.43 0.25912
      379  1.350 -23.18 0.41738
      380  1.350 -22.93 0.59658
      381  1.350 -22.68 0.55973
      382  1.350 -22.43 0.46469
      383  1.350 -22.18 0.42968
      384  1.350 -21.93 0.40460
      385  1.400 -25.77 0.82623
      386  1.400 -25.52 0.85138
      387  1.400 -25.27 0.86951
      388  1.400 -25.02 0.83422
      389  1.400 -24.77 0.73663
      390  1.400 -24.52 0.58953
      391  1.400 -24.27 0.41307
      392  1.400 -24.02 0.35146
      393  1.400 -23.77 0.35605
      394  1.400 -23.52 0.25755
      395  1.400 -23.27 0.41695
      396  1.400 -23.02 0.59115
      397  1.400 -22.77 0.55457
      398  1.400 -22.52 0.46913
      399  1.400 -22.27 0.42237
      400  1.400 -22.02 0.41881
      401  1.450 -25.85 0.82457
      402  1.450 -25.60 0.84967
      403  1.450 -25.35 0.87127
      404  1.450 -25.10 0.83674
      405  1.450 -24.85 0.73738
      406  1.450 -24.60 0.58893
      407  1.450 -24.35 0.41307
      408  1.450 -24.10 0.35039
      409  1.450 -23.85 0.35318
      410  1.450 -23.60 0.25807
      411  1.450 -23.35 0.41695
      412  1.450 -23.10 0.58572
      413  1.450 -22.85 0.54884
      414  1.450 -22.60 0.44748
      415  1.450 -22.35 0.41247
      416  1.450 -22.09 0.40881
      417  1.500 -25.92 0.82042
      418  1.500 -25.67 0.84539
      419  1.500 -25.42 0.86951
      420  1.500 -25.17 0.83085
      421  1.500 -24.92 0.72997
      422  1.500 -24.67 0.58479
      423  1.500 -24.42 0.40932
      424  1.500 -24.17 0.34686
      425  1.500 -23.92 0.35138
      426  1.500 -23.67 0.25415
      427  1.500 -23.42 0.40809
      428  1.500 -23.17 0.57486
      429  1.500 -22.92 0.53395
      430  1.500 -22.67 0.41750
      431  1.500 -22.42 0.38431
      432  1.500 -22.17 0.37040
      433  1.550 -25.99 0.80796
      434  1.550 -25.74 0.83256
      435  1.550 -25.49 0.85025
      436  1.550 -25.24 0.82580
      437  1.550 -24.99 0.72553
      438  1.550 -24.74 0.57236
      439  1.550 -24.49 0.39516
      440  1.550 -24.24 0.33873
      441  1.550 -23.99 0.34350
      442  1.550 -23.74 0.24632
      443  1.550 -23.49 0.39332
      444  1.550 -23.24 0.55375
      445  1.550 -22.99 0.51733
      446  1.550 -22.74 0.39307
      447  1.550 -22.49 0.36189
      448  1.550 -22.24 0.37777
      449  1.600 -26.06 0.80879
      450  1.600 -25.81 0.83341
      451  1.600 -25.56 0.85200
      452  1.600 -25.31 0.82748
      453  1.600 -25.06 0.72405
      454  1.600 -24.81 0.57769
      455  1.600 -24.56 0.40391
      456  1.600 -24.31 0.33979
      457  1.600 -24.06 0.34780
      458  1.600 -23.81 0.24997
      459  1.600 -23.56 0.40007
      460  1.600 -23.31 0.56762
      461  1.600 -23.06 0.52191
      462  1.600 -22.81 0.41251
      463  1.600 -22.56 0.38014
      464  1.600 -22.31 0.37935
      465  1.650 -26.12 0.82208
      466  1.650 -25.87 0.84711
      467  1.650 -25.62 0.87039
      468  1.650 -25.37 0.83338
      469  1.650 -25.12 0.73293
      470  1.650 -24.87 0.58597
      471  1.650 -24.62 0.41140
      472  1.650 -24.37 0.34721
      473  1.650 -24.12 0.35031
      474  1.650 -23.87 0.25520
      475  1.650 -23.62 0.41105
      476  1.650 -23.37 0.57908
      477  1.650 -23.12 0.54598
      478  1.650 -22.87 0.43027
      479  1.650 -22.62 0.40100
      480  1.650 -22.37 0.39776
      481  1.700 -26.19 0.82623
      482  1.700 -25.94 0.85138
      483  1.700 -25.69 0.86951
      484  1.700 -25.44 0.83422
      485  1.700 -25.19 0.73812
      486  1.700 -24.94 0.59012
      487  1.700 -24.69 0.41432
      488  1.700 -24.44 0.34969
      489  1.700 -24.19 0.35461
      490  1.700 -23.94 0.25703
      491  1.700 -23.69 0.41105
      492  1.700 -23.44 0.58874
      493  1.700 -23.19 0.55342
      494  1.700 -22.94 0.47469
      495  1.700 -22.69 0.43385
      496  1.700 -22.44 0.42091
      497  1.750 -26.26 0.82789
      498  1.750 -26.01 0.85309
      499  1.750 -25.76 0.87389
      500  1.750 -25.51 0.83506
      501  1.750 -25.26 0.73812
      502  1.750 -25.01 0.58834
      503  1.750 -24.76 0.41224
      504  1.750 -24.51 0.34969
      505  1.750 -24.26 0.35533
      506  1.750 -24.01 0.25912
      507  1.750 -23.76 0.41864
      508  1.750 -23.51 0.58572
      509  1.750 -23.26 0.55743
      510  1.750 -23.01 0.46303
      511  1.750 -22.76 0.43698
      512  1.750 -22.50 0.43565
      513  1.800 -26.33 0.82457
      514  1.800 -26.08 0.84967
      515  1.800 -25.83 0.87302
      516  1.800 -25.58 0.83759
      517  1.800 -25.33 0.73886
      518  1.800 -25.08 0.58657
      519  1.800 -24.83 0.41390
      520  1.800 -24.58 0.35039
      521  1.800 -24.33 0.35425
      522  1.800 -24.08 0.25781
      523  1.800 -23.83 0.41780
      524  1.800 -23.58 0.59296
      525  1.800 -23.33 0.55743
      526  1.800 -23.08 0.48523
      527  1.800 -22.83 0.44167
      528  1.800 -22.58 0.43828
      529  1.850 -26.40 0.82789
      530  1.850 -26.15 0.85309
      531  1.850 -25.90 0.87302
      532  1.850 -25.65 0.83843
      533  1.850 -25.40 0.73738
      534  1.850 -25.15 0.59012
      535  1.850 -24.90 0.41390
      536  1.850 -24.65 0.35110
      537  1.850 -24.40 0.35569
      538  1.850 -24.15 0.25859
      539  1.850 -23.90 0.41442
      540  1.850 -23.65 0.59236
      541  1.850 -23.40 0.56030
      542  1.850 -23.15 0.49856
      543  1.850 -22.90 0.45470
      544  1.850 -22.65 0.44354
      545  1.900 -26.47 0.82706
      546  1.900 -26.22 0.85224
      547  1.900 -25.97 0.87477
      548  1.900 -25.72 0.84095
      549  1.900 -25.47 0.73589
      550  1.900 -25.22 0.58953
      551  1.900 -24.97 0.41348
      552  1.900 -24.72 0.35075
      553  1.900 -24.47 0.35676
      554  1.900 -24.22 0.25781
      555  1.900 -23.97 0.41695
      556  1.900 -23.72 0.59356
      557  1.900 -23.47 0.55915
      558  1.900 -23.22 0.50134
      559  1.900 -22.97 0.46618
      560  1.900 -22.71 0.45353
      561  1.950 -26.52 0.82789
      562  1.950 -26.27 0.85309
      563  1.950 -26.02 0.87564
      564  1.950 -25.77 0.83927
      565  1.950 -25.52 0.73886
      566  1.950 -25.27 0.58893
      567  1.950 -25.02 0.41182
      568  1.950 -24.77 0.34898
      569  1.950 -24.52 0.35676
      570  1.950 -24.27 0.25912
      571  1.950 -24.02 0.41738
      572  1.950 -23.77 0.59296
      573  1.950 -23.52 0.56374
      574  1.950 -23.27 0.50134
      575  1.950 -23.02 0.46409
      576  1.950 -22.77 0.46300
      577  2.000 -26.58 0.82872
      578  2.000 -26.33 0.85395
      579  2.000 -26.08 0.87302
      580  2.000 -25.83 0.83590
      581  2.000 -25.58 0.73812
      582  2.000 -25.33 0.58834
      583  2.000 -25.08 0.41390
      584  2.000 -24.83 0.35181
      585  2.000 -24.58 0.35605
      586  2.000 -24.33 0.25964
      587  2.000 -24.08 0.41611
      588  2.000 -23.83 0.59417
      589  2.000 -23.58 0.55858
      590  2.000 -23.33 0.50411
      591  2.000 -23.08 0.46566
      592  2.000 -22.83 0.46037
      593  2.050 -26.63 0.82291
      594  2.050 -26.38 0.84796
      595  2.050 -26.13 0.86776
      596  2.050 -25.88 0.83338
      597  2.050 -25.63 0.73589
      598  2.050 -25.38 0.58538
      599  2.050 -25.13 0.41432
      600  2.050 -24.88 0.35075
      601  2.050 -24.63 0.35354
      602  2.050 -24.38 0.25729
      603  2.050 -24.13 0.41569
      604  2.050 -23.88 0.59175
      605  2.050 -23.63 0.55400
      606  2.050 -23.38 0.48857
      607  2.050 -23.13 0.45366
      608  2.050 -22.88 0.45248
      609  2.100 -26.67 0.81294
      610  2.100 -26.42 0.83769
      611  2.100 -26.17 0.85988
      612  2.100 -25.92 0.82664
      613  2.100 -25.67 0.72035
      614  2.100 -25.42 0.57946
      615  2.100 -25.17 0.40807
      616  2.100 -24.92 0.34226
      617  2.100 -24.67 0.34744
      618  2.100 -24.42 0.25389
      619  2.100 -24.17 0.40092
      620  2.100 -23.92 0.57848
      621  2.100 -23.67 0.53967
      622  2.100 -23.42 0.46081
      623  2.100 -23.17 0.43280
      624  2.100 -22.92 0.41670
      625  2.150 -26.71 0.76727
      626  2.150 -26.46 0.79063
      627  2.150 -26.21 0.82486
      628  2.150 -25.96 0.76603
      629  2.150 -25.71 0.67667
      630  2.150 -25.46 0.54395
      631  2.150 -25.21 0.38392
      632  2.150 -24.96 0.32069
      633  2.150 -24.71 0.33095
      634  2.150 -24.46 0.23639
      635  2.150 -24.21 0.37771
      636  2.150 -23.96 0.53686
      637  2.150 -23.71 0.50301
      638  2.150 -23.46 0.42861
      639  2.150 -23.21 0.38848
      640  2.150 -22.96 0.38040
      641  2.200 -26.74 0.69752
      642  2.200 -26.49 0.71876
      643  2.200 -26.24 0.75481
      644  2.200 -25.99 0.71047
      645  2.200 -25.74 0.63003
      646  2.200 -25.49 0.49364
      647  2.200 -25.24 0.34478
      648  2.200 -24.99 0.30125
      649  2.200 -24.74 0.29939
      650  2.200 -24.49 0.21576
      651  2.200 -24.24 0.34690
      652  2.200 -23.99 0.48619
      653  2.200 -23.74 0.46004
      654  2.200 -23.49 0.37420
      655  2.200 -23.24 0.34103
      656  2.200 -22.99 0.31463
      657  2.250 -26.76 0.65849
      658  2.250 -26.51 0.67854
      659  2.250 -26.26 0.69789
      660  2.250 -26.01 0.66502
      661  2.250 -25.76 0.58487
      662  2.250 -25.51 0.46641
      663  2.250 -25.26 0.32146
      664  2.250 -25.01 0.27013
      665  2.250 -24.76 0.28254
      666  2.250 -24.51 0.19930
      667  2.250 -24.26 0.32284
      668  2.250 -24.01 0.44396
      669  2.250 -23.76 0.41593
      670  2.250 -23.51 0.32034
      671  2.250 -23.26 0.31339
      672  2.250 -23.01 0.29359
      673  2.300 -26.77 0.62113
      674  2.300 -26.52 0.64003
      675  2.300 -26.27 0.67162
      676  2.300 -26.02 0.63640
      677  2.300 -25.77 0.54785
      678  2.300 -25.52 0.44274
      679  2.300 -25.27 0.30564
      680  2.300 -25.02 0.26730
      681  2.300 -24.77 0.26354
      682  2.300 -24.52 0.19277
      683  2.300 -24.27 0.30596
      684  2.300 -24.02 0.42707
      685  2.300 -23.77 0.40103
      686  2.300 -23.52 0.31368
      687  2.300 -23.27 0.29253
      688  2.300 -23.02 0.28833
      689  2.350 -26.80 0.61448
      690  2.350 -26.55 0.63319
      691  2.350 -26.30 0.65235
      692  2.350 -26.05 0.59683
      693  2.350 -25.80 0.54341
      694  2.350 -25.55 0.41433
      695  2.350 -25.30 0.30189
      696  2.350 -25.05 0.25882
      697  2.350 -24.80 0.24812
      698  2.350 -24.55 0.18493
      699  2.350 -24.30 0.27980
      700  2.350 -24.05 0.40536
      701  2.350 -23.80 0.36895
      702  2.350 -23.55 0.31091
      703  2.350 -23.30 0.27898
      704  2.350 -23.05 0.27307
      705  2.400 -26.83 0.58874
      706  2.400 -26.58 0.60666
      707  2.400 -26.33 0.63572
      708  2.400 -26.08 0.59936
      709  2.400 -25.83 0.51972
      710  2.400 -25.58 0.42676
      711  2.400 -25.33 0.29231
      712  2.400 -25.08 0.24856
      713  2.400 -24.83 0.26103
      714  2.400 -24.58 0.17893
      715  2.400 -24.33 0.28782
      716  2.400 -24.08 0.43431
      717  2.400 -23.83 0.38041
      718  2.400 -23.58 0.29758
      719  2.400 -23.33 0.28523
      720  2.400 -23.08 0.27044
      721  2.450 -26.88 0.58127
      722  2.450 -26.63 0.59896
      723  2.450 -26.38 0.60682
      724  2.450 -26.13 0.58505
      725  2.450 -25.88 0.52564
      726  2.450 -25.63 0.41314
      727  2.450 -25.38 0.28856
      728  2.450 -25.13 0.23478
      729  2.450 -24.88 0.24920
      730  2.450 -24.63 0.17501
      731  2.450 -24.38 0.28191
      732  2.450 -24.13 0.39571
      733  2.450 -23.88 0.38270
      734  2.450 -23.63 0.29647
      735  2.450 -23.38 0.26490
      736  2.450 -23.13 0.26833
      737  2.500 -26.92 0.55719
      738  2.500 -26.67 0.57415
      739  2.500 -26.42 0.57968
      740  2.500 -26.17 0.55895
      741  2.500 -25.92 0.48492
      742  2.500 -25.67 0.39834
      743  2.500 -25.42 0.27316
      744  2.500 -25.17 0.23725
      745  2.500 -24.92 0.23521
      746  2.500 -24.67 0.16900
      747  2.500 -24.42 0.27178
      748  2.500 -24.17 0.39028
      749  2.500 -23.92 0.35749
      750  2.500 -23.67 0.28648
      751  2.500 -23.42 0.25603
      752  2.500 -23.17 0.26202
      753  2.550 -26.96 0.50238
      754  2.550 -26.71 0.51768
      755  2.550 -26.46 0.55691
      756  2.550 -26.21 0.50339
      757  2.550 -25.96 0.45086
      758  2.550 -25.71 0.34803
      759  2.550 -25.46 0.25109
      760  2.550 -25.21 0.22417
      761  2.550 -24.96 0.21585
      762  2.550 -24.71 0.15568
      763  2.550 -24.46 0.25448
      764  2.550 -24.21 0.36374
      765  2.550 -23.96 0.33400
      766  2.550 -23.71 0.26871
      767  2.550 -23.46 0.24456
      768  2.550 -23.21 0.24203
      769  2.600 -27.00 0.42931
      770  2.600 -26.75 0.44238
      771  2.600 -26.50 0.45533
      772  2.600 -26.25 0.42090
      773  2.600 -26.00 0.39756
      774  2.600 -25.75 0.31785
      775  2.600 -25.50 0.21486
      776  2.600 -25.25 0.18846
      777  2.600 -25.00 0.18932
      778  2.600 -24.75 0.13191
      779  2.600 -24.50 0.22620
      780  2.600 -24.25 0.30583
      781  2.600 -24.00 0.28359
      782  2.600 -23.75 0.21708
      783  2.600 -23.50 0.20858
      784  2.600 -23.25 0.22308
      785  2.650 -27.03 0.31887
      786  2.650 -26.78 0.32857
      787  2.650 -26.53 0.34588
      788  2.650 -26.28 0.31820
      789  2.650 -26.03 0.29613
      790  2.650 -25.78 0.22433
      791  2.650 -25.53 0.17447
      792  2.650 -25.28 0.13931
      793  2.650 -25.03 0.14055
      794  2.650 -24.78 0.09795
      795  2.650 -24.53 0.17809
      796  2.650 -24.28 0.23284
      797  2.650 -24.03 0.21140
      798  2.650 -23.78 0.15268
      799  2.650 -23.53 0.17938
      800  2.650 -23.28 0.16468
      801  2.700 -27.06 0.22420
      802  2.700 -26.81 0.23103
      803  2.700 -26.56 0.23380
      804  2.700 -26.31 0.22055
      805  2.700 -26.06 0.19471
      806  2.700 -25.81 0.15389
      807  2.700 -25.56 0.10535
      808  2.700 -25.31 0.09441
      809  2.700 -25.06 0.09071
      810  2.700 -24.81 0.07418
      811  2.700 -24.56 0.11395
      812  2.700 -24.31 0.17252
      813  2.700 -24.06 0.16614
      814  2.700 -23.81 0.11826
      815  2.700 -23.56 0.12254
      816  2.700 -23.31 0.14153
      817  2.750 -27.10 0.12954
      818  2.750 -26.85 0.13348
      819  2.750 -26.60 0.15586
      820  2.750 -26.35 0.13721
      821  2.750 -26.10 0.11919
      822  2.750 -25.85 0.10477
      823  2.750 -25.60 0.06954
      824  2.750 -25.35 0.05622
      825  2.750 -25.10 0.05665
      826  2.750 -24.85 0.04649
      827  2.750 -24.60 0.07470
      828  2.750 -24.35 0.12004
      829  2.750 -24.10 0.12833
      830  2.750 -23.85 0.08494
      831  2.750 -23.60 0.10168
      832  2.750 -23.35 0.10418
      833  2.800 -27.13 0.07307
      834  2.800 -26.88 0.07530
      835  2.800 -26.63 0.08231
      836  2.800 -26.38 0.08755
      837  2.800 -26.13 0.07477
      838  2.800 -25.88 0.04676
      839  2.800 -25.63 0.04081
      840  2.800 -25.38 0.03394
      841  2.800 -25.13 0.03872
      842  2.800 -24.88 0.02612
      843  2.800 -24.63 0.04473
      844  2.800 -24.38 0.08083
      845  2.800 -24.13 0.08765
      846  2.800 -23.88 0.06829
      847  2.800 -23.63 0.06987
      848  2.800 -23.38 0.08944
      849  2.850 -27.17 0.03737
      850  2.850 -26.92 0.03850
      851  2.850 -26.67 0.03327
      852  2.850 -26.42 0.03536
      853  2.850 -26.17 0.03183
      854  2.850 -25.92 0.02664
      855  2.850 -25.67 0.01374
      856  2.850 -25.42 0.01662
      857  2.850 -25.17 0.01578
      858  2.850 -24.92 0.01724
      859  2.850 -24.67 0.02532
      860  2.850 -24.42 0.03861
      861  2.850 -24.17 0.05099
      862  2.850 -23.92 0.04108
      863  2.850 -23.67 0.05267
      864  2.850 -23.42 0.06524
      865  2.900 -27.22 0.00996
      866  2.900 -26.97 0.01027
      867  2.900 -26.72 0.01401
      868  2.900 -26.47 0.01347
      869  2.900 -26.22 0.01333
      870  2.900 -25.97 0.00710
      871  2.900 -25.72 0.01083
      872  2.900 -25.47 0.00601
      873  2.900 -25.22 0.00789
      874  2.900 -24.97 0.00627
      875  2.900 -24.72 0.01350
      876  2.900 -24.47 0.03016
      877  2.900 -24.22 0.03380
      878  2.900 -23.97 0.02276
      879  2.900 -23.72 0.03859
      880  2.900 -23.47 0.05630
      881  2.950 -27.27 0.00332
      882  2.950 -27.02 0.00342
      883  2.950 -26.77 0.00175
      884  2.950 -26.52 0.00421
      885  2.950 -26.27 0.00518
      886  2.950 -26.02 0.00474
      887  2.950 -25.77 0.00416
      888  2.950 -25.52 0.00283
      889  2.950 -25.27 0.00251
      890  2.950 -25.02 0.00157
      891  2.950 -24.77 0.00717
      892  2.950 -24.52 0.01387
      893  2.950 -24.27 0.02177
      894  2.950 -24.02 0.01721
      895  2.950 -23.77 0.02920
      896  2.950 -23.52 0.03788
      897  3.000 -27.33 0.00249
      898  3.000 -27.08 0.00257
      899  3.000 -26.83 0.00000
      900  3.000 -26.58 0.00084
      901  3.000 -26.33 0.00148
      902  3.000 -26.08 0.00178
      903  3.000 -25.83 0.00042
      904  3.000 -25.58 0.00212
      905  3.000 -25.33 0.00108
      906  3.000 -25.08 0.00131
      907  3.000 -24.83 0.00464
      908  3.000 -24.58 0.00422
      909  3.000 -24.33 0.01891
      910  3.000 -24.08 0.01777
      911  3.000 -23.83 0.02503
      912  3.000 -23.58 0.03736
      913  3.050 -27.39 0.00000
      914  3.050 -27.14 0.00000
      915  3.050 -26.89 0.00000
      916  3.050 -26.64 0.00000
      917  3.050 -26.39 0.00000
      918  3.050 -26.14 0.00000
      919  3.050 -25.89 0.00000
      920  3.050 -25.64 0.00000
      921  3.050 -25.39 0.00000
      922  3.050 -25.14 0.00000
      923  3.050 -24.89 0.00000
      924  3.050 -24.64 0.00000
      925  3.050 -24.39 0.00000
      926  3.050 -24.14 0.00000
      927  3.050 -23.89 0.00000
      928  3.050 -23.64 0.00000
      929  3.100 -27.47 0.00000
      930  3.100 -27.22 0.00000
      931  3.100 -26.97 0.00000
      932  3.100 -26.72 0.00000
      933  3.100 -26.47 0.00000
      934  3.100 -26.22 0.00000
      935  3.100 -25.97 0.00000
      936  3.100 -25.72 0.00000
      937  3.100 -25.47 0.00000
      938  3.100 -25.22 0.00000
      939  3.100 -24.97 0.00000
      940  3.100 -24.72 0.00000
      941  3.100 -24.47 0.00000
      942  3.100 -24.22 0.00000
      943  3.100 -23.97 0.00000
      944  3.100 -23.72 0.00000
      945  3.150 -27.56 0.00000
      946  3.150 -27.31 0.00000
      947  3.150 -27.06 0.00000
      948  3.150 -26.81 0.00000
      949  3.150 -26.56 0.00000
      950  3.150 -26.31 0.00000
      951  3.150 -26.06 0.00000
      952  3.150 -25.81 0.00000
      953  3.150 -25.56 0.00000
      954  3.150 -25.31 0.00000
      955  3.150 -25.06 0.00000
      956  3.150 -24.81 0.00000
      957  3.150 -24.56 0.00000
      958  3.150 -24.31 0.00000
      959  3.150 -24.06 0.00000
      960  3.150 -23.81 0.00000
      961  3.200 -27.66 0.00000
      962  3.200 -27.41 0.00000
      963  3.200 -27.16 0.00000
      964  3.200 -26.91 0.00000
      965  3.200 -26.66 0.00000
      966  3.200 -26.41 0.00000
      967  3.200 -26.16 0.00000
      968  3.200 -25.91 0.00000
      969  3.200 -25.66 0.00000
      970  3.200 -25.41 0.00000
      971  3.200 -25.16 0.00000
      972  3.200 -24.91 0.00000
      973  3.200 -24.66 0.00000
      974  3.200 -24.41 0.00000
      975  3.200 -24.16 0.00000
      976  3.200 -23.91 0.00000
