# counter  z    M1450  p
        1  0.05 -20.39 0.95000
        2  0.05 -20.29 0.95000
        3  0.05 -20.19 0.95000
        4  0.05 -20.09 0.95000
        5  0.05 -19.99 0.95000
        6  0.05 -19.89 0.95000
        7  0.05 -19.79 0.95000
        8  0.05 -19.69 0.95000
        9  0.05 -19.59 0.95000
       10  0.05 -19.49 0.95000
       11  0.05 -19.39 0.95000
       12  0.05 -19.29 0.95000
       13  0.05 -19.19 0.95000
       14  0.05 -19.09 0.95000
       15  0.05 -18.99 0.95000
       16  0.05 -18.89 0.95000
       17  0.05 -18.79 0.95000
       18  0.05 -18.69 0.95000
       19  0.05 -18.59 0.95000
       20  0.05 -18.48 0.95000
       21  0.05 -18.38 0.95000
       22  0.05 -18.28 0.95000
       23  0.05 -18.02 0.95000
       24  0.05 -17.92 0.95000
       25  0.05 -17.67 0.95000
       26  0.05 -17.57 0.95000
       27  0.05 -17.47 0.95000
       28  0.05 -17.21 0.95000
       29  0.05 -17.11 0.95000
       30  0.05 -16.85 0.95000
       31  0.05 -16.75 0.95000
       32  0.05 -16.65 0.95000
       33  0.05 -16.38 0.95000
       34  0.05 -16.28 0.95000
       35  0.05 -16.00 0.95000
       36  0.05 -15.90 0.95000
       37  0.05 -15.80 0.95000
       38  0.05 -15.58 0.95000
       39  0.05 -15.48 0.95000
       40  0.05 -15.23 0.95000
       41  0.05 -15.13 0.95000
       42  0.05 -15.03 0.95000
       43  0.05 -14.78 0.00000
       44  0.05 -14.68 0.00000
       45  0.05 -14.44 0.00000
       46  0.05 -14.34 0.00000
       47  0.05 -14.24 0.00000
       48  0.05 -13.96 0.00000
       49  0.05 -13.86 0.00000
       50  0.05 -13.58 0.00000
       51  0.05 -13.48 0.00000
       52  0.05 -13.38 0.00000
       53  0.05 -13.09 0.00000
       54  0.10 -21.89 0.95000
       55  0.10 -21.79 0.95000
       56  0.10 -21.69 0.95000
       57  0.10 -21.59 0.95000
       58  0.10 -21.49 0.95000
       59  0.10 -21.39 0.95000
       60  0.10 -21.29 0.95000
       61  0.10 -21.19 0.95000
       62  0.10 -21.09 0.95000
       63  0.10 -20.99 0.95000
       64  0.10 -20.89 0.95000
       65  0.10 -20.79 0.95000
       66  0.10 -20.69 0.95000
       67  0.10 -20.59 0.95000
       68  0.10 -20.49 0.95000
       69  0.10 -20.39 0.95000
       70  0.10 -20.29 0.95000
       71  0.10 -20.19 0.95000
       72  0.10 -20.09 0.95000
       73  0.10 -19.98 0.95000
       74  0.10 -19.88 0.95000
       75  0.10 -19.78 0.95000
       76  0.10 -19.52 0.95000
       77  0.10 -19.42 0.95000
       78  0.10 -19.17 0.95000
       79  0.10 -19.07 0.95000
       80  0.10 -18.97 0.95000
       81  0.10 -18.71 0.95000
       82  0.10 -18.61 0.95000
       83  0.10 -18.35 0.95000
       84  0.10 -18.25 0.95000
       85  0.10 -18.15 0.95000
       86  0.10 -17.88 0.95000
       87  0.10 -17.78 0.95000
       88  0.10 -17.50 0.95000
       89  0.10 -17.40 0.95000
       90  0.10 -17.30 0.95000
       91  0.10 -17.08 0.95000
       92  0.10 -16.98 0.95000
       93  0.10 -16.73 0.95000
       94  0.10 -16.63 0.95000
       95  0.10 -16.53 0.95000
       96  0.10 -16.28 0.00000
       97  0.10 -16.18 0.00000
       98  0.10 -15.94 0.00000
       99  0.10 -15.84 0.00000
      100  0.10 -15.74 0.00000
      101  0.10 -15.46 0.00000
      102  0.10 -15.36 0.00000
      103  0.10 -15.08 0.00000
      104  0.10 -14.98 0.00000
      105  0.10 -14.88 0.00950
      106  0.10 -14.59 0.00000
      107  0.15 -22.88 0.95000
      108  0.15 -22.78 0.95000
      109  0.15 -22.68 0.95000
      110  0.15 -22.58 0.95000
      111  0.15 -22.48 0.95000
      112  0.15 -22.38 0.95000
      113  0.15 -22.28 0.95000
      114  0.15 -22.18 0.95000
      115  0.15 -22.08 0.95000
      116  0.15 -21.98 0.95000
      117  0.15 -21.88 0.95000
      118  0.15 -21.78 0.95000
      119  0.15 -21.68 0.95000
      120  0.15 -21.58 0.95000
      121  0.15 -21.48 0.95000
      122  0.15 -21.38 0.95000
      123  0.15 -21.28 0.95000
      124  0.15 -21.18 0.95000
      125  0.15 -21.08 0.95000
      126  0.15 -20.97 0.95000
      127  0.15 -20.87 0.95000
      128  0.15 -20.77 0.95000
      129  0.15 -20.51 0.95000
      130  0.15 -20.41 0.95000
      131  0.15 -20.16 0.95000
      132  0.15 -20.06 0.95000
      133  0.15 -19.96 0.95000
      134  0.15 -19.70 0.95000
      135  0.15 -19.60 0.95000
      136  0.15 -19.34 0.95000
      137  0.15 -19.24 0.95000
      138  0.15 -19.14 0.95000
      139  0.15 -18.87 0.95000
      140  0.15 -18.77 0.95000
      141  0.15 -18.49 0.95000
      142  0.15 -18.39 0.95000
      143  0.15 -18.29 0.95000
      144  0.15 -18.07 0.95000
      145  0.15 -17.97 0.95000
      146  0.15 -17.72 0.95000
      147  0.15 -17.62 0.95000
      148  0.15 -17.52 0.95000
      149  0.15 -17.27 0.00000
      150  0.15 -17.17 0.00000
      151  0.15 -16.93 0.00000
      152  0.15 -16.83 0.00000
      153  0.15 -16.73 0.00000
      154  0.15 -16.45 0.00000
      155  0.15 -16.35 0.00000
      156  0.15 -16.07 0.00000
      157  0.15 -15.97 0.00000
      158  0.15 -15.87 0.00000
      159  0.15 -15.58 0.00000
      160  0.20 -23.61 0.95000
      161  0.20 -23.51 0.95000
      162  0.20 -23.41 0.95000
      163  0.20 -23.31 0.95000
      164  0.20 -23.21 0.95000
      165  0.20 -23.11 0.95000
      166  0.20 -23.01 0.95000
      167  0.20 -22.91 0.95000
      168  0.20 -22.81 0.95000
      169  0.20 -22.71 0.95000
      170  0.20 -22.61 0.95000
      171  0.20 -22.51 0.95000
      172  0.20 -22.41 0.95000
      173  0.20 -22.31 0.95000
      174  0.20 -22.21 0.95000
      175  0.20 -22.11 0.95000
      176  0.20 -22.01 0.95000
      177  0.20 -21.91 0.95000
      178  0.20 -21.81 0.95000
      179  0.20 -21.71 0.95000
      180  0.20 -21.61 0.95000
      181  0.20 -21.51 0.95000
      182  0.20 -21.25 0.95000
      183  0.20 -21.15 0.95000
      184  0.20 -20.89 0.95000
      185  0.20 -20.79 0.95000
      186  0.20 -20.69 0.95000
      187  0.20 -20.43 0.95000
      188  0.20 -20.33 0.95000
      189  0.20 -20.07 0.95000
      190  0.20 -19.97 0.95000
      191  0.20 -19.87 0.95000
      192  0.20 -19.61 0.95000
      193  0.20 -19.51 0.95000
      194  0.20 -19.23 0.95000
      195  0.20 -19.13 0.95000
      196  0.20 -19.03 0.95000
      197  0.20 -18.81 0.95000
      198  0.20 -18.71 0.95000
      199  0.20 -18.46 0.95000
      200  0.20 -18.36 0.95000
      201  0.20 -18.26 0.95000
      202  0.20 -18.00 0.00000
      203  0.20 -17.90 0.00000
      204  0.20 -17.67 0.00000
      205  0.20 -17.57 0.00000
      206  0.20 -17.47 0.00000
      207  0.20 -17.18 0.00000
      208  0.20 -17.08 0.00000
      209  0.20 -16.80 0.00000
      210  0.20 -16.70 0.00000
      211  0.20 -16.60 0.00000
      212  0.20 -16.31 0.00000
      213  0.25 -24.28 0.95000
      214  0.25 -24.18 0.95000
      215  0.25 -24.08 0.95000
      216  0.25 -23.98 0.95000
      217  0.25 -23.88 0.95000
      218  0.25 -23.78 0.95000
      219  0.25 -23.68 0.95000
      220  0.25 -23.58 0.95000
      221  0.25 -23.48 0.95000
      222  0.25 -23.38 0.95000
      223  0.25 -23.28 0.95000
      224  0.25 -23.18 0.95000
      225  0.25 -23.08 0.95000
      226  0.25 -22.98 0.95000
      227  0.25 -22.88 0.95000
      228  0.25 -22.78 0.95000
      229  0.25 -22.68 0.95000
      230  0.25 -22.58 0.95000
      231  0.25 -22.48 0.95000
      232  0.25 -22.38 0.95000
      233  0.25 -22.28 0.95000
      234  0.25 -22.18 0.95000
      235  0.25 -22.08 0.95000
      236  0.25 -21.98 0.95000
      237  0.25 -21.81 0.95000
      238  0.25 -21.71 0.95000
      239  0.25 -21.61 0.95000
      240  0.25 -21.36 0.95000
      241  0.25 -21.26 0.95000
      242  0.25 -21.02 0.95000
      243  0.25 -20.92 0.95000
      244  0.25 -20.82 0.95000
      245  0.25 -20.55 0.95000
      246  0.25 -20.45 0.95000
      247  0.25 -20.21 0.95000
      248  0.25 -20.11 0.95000
      249  0.25 -20.01 0.95000
      250  0.25 -19.81 0.95000
      251  0.25 -19.71 0.95000
      252  0.25 -19.47 0.95000
      253  0.25 -19.37 0.95000
      254  0.25 -19.27 0.95000
      255  0.25 -19.03 0.00000
      256  0.25 -18.93 0.00000
      257  0.25 -18.71 0.00000
      258  0.25 -18.61 0.00000
      259  0.25 -18.51 0.00000
      260  0.25 -18.22 0.00000
      261  0.25 -18.12 0.00000
      262  0.25 -17.87 0.00000
      263  0.25 -17.77 0.00000
      264  0.25 -17.67 0.00000
      265  0.25 -17.40 0.00000
      266  0.30 -24.84 0.95000
      267  0.30 -24.74 0.95000
      268  0.30 -24.64 0.95000
      269  0.30 -24.54 0.95000
      270  0.30 -24.44 0.95000
      271  0.30 -24.34 0.95000
      272  0.30 -24.24 0.95000
      273  0.30 -24.14 0.95000
      274  0.30 -24.04 0.95000
      275  0.30 -23.94 0.95000
      276  0.30 -23.84 0.95000
      277  0.30 -23.74 0.95000
      278  0.30 -23.64 0.95000
      279  0.30 -23.54 0.95000
      280  0.30 -23.44 0.95000
      281  0.30 -23.34 0.95000
      282  0.30 -23.24 0.95000
      283  0.30 -23.14 0.95000
      284  0.30 -23.04 0.95000
      285  0.30 -22.94 0.95000
      286  0.30 -22.84 0.95000
      287  0.30 -22.74 0.95000
      288  0.30 -22.64 0.95000
      289  0.30 -22.54 0.95000
      290  0.30 -22.44 0.95000
      291  0.30 -22.34 0.95000
      292  0.30 -22.24 0.95000
      293  0.30 -22.02 0.95000
      294  0.30 -21.92 0.95000
      295  0.30 -21.70 0.95000
      296  0.30 -21.60 0.95000
      297  0.30 -21.50 0.95000
      298  0.30 -21.23 0.95000
      299  0.30 -21.13 0.95000
      300  0.30 -20.92 0.95000
      301  0.30 -20.82 0.95000
      302  0.30 -20.72 0.95000
      303  0.30 -20.53 0.95000
      304  0.30 -20.43 0.95000
      305  0.30 -20.22 0.95000
      306  0.30 -20.12 0.95000
      307  0.30 -20.02 0.95000
      308  0.30 -19.83 0.00000
      309  0.30 -19.73 0.00000
      310  0.30 -19.48 0.00000
      311  0.30 -19.38 0.00000
      312  0.30 -19.28 0.00000
      313  0.30 -19.04 0.00000
      314  0.30 -18.94 0.00000
      315  0.30 -18.68 0.00000
      316  0.30 -18.58 0.00000
      317  0.30 -18.48 0.00000
      318  0.30 -18.22 0.00000
      319  0.35 -25.24 0.95000
      320  0.35 -25.14 0.95000
      321  0.35 -25.04 0.95000
      322  0.35 -24.94 0.95000
      323  0.35 -24.84 0.95000
      324  0.35 -24.74 0.95000
      325  0.35 -24.64 0.95000
      326  0.35 -24.54 0.95000
      327  0.35 -24.44 0.95000
      328  0.35 -24.34 0.95000
      329  0.35 -24.24 0.95000
      330  0.35 -24.14 0.95000
      331  0.35 -24.04 0.95000
      332  0.35 -23.94 0.95000
      333  0.35 -23.84 0.95000
      334  0.35 -23.74 0.95000
      335  0.35 -23.64 0.95000
      336  0.35 -23.54 0.95000
      337  0.35 -23.44 0.95000
      338  0.35 -23.34 0.95000
      339  0.35 -23.24 0.95000
      340  0.35 -23.14 0.95000
      341  0.35 -23.04 0.95000
      342  0.35 -22.94 0.95000
      343  0.35 -22.84 0.95000
      344  0.35 -22.74 0.95000
      345  0.35 -22.64 0.95000
      346  0.35 -22.49 0.95000
      347  0.35 -22.39 0.95000
      348  0.35 -22.19 0.95000
      349  0.35 -22.09 0.95000
      350  0.35 -21.99 0.95000
      351  0.35 -21.73 0.95000
      352  0.35 -21.63 0.95000
      353  0.35 -21.47 0.95000
      354  0.35 -21.37 0.95000
      355  0.35 -21.27 0.95000
      356  0.35 -21.08 0.95000
      357  0.35 -20.98 0.95000
      358  0.35 -20.81 0.95000
      359  0.35 -20.71 0.95000
      360  0.35 -20.61 0.95000
      361  0.35 -20.42 0.00000
      362  0.35 -20.32 0.00000
      363  0.35 -20.09 0.00000
      364  0.35 -19.99 0.00000
      365  0.35 -19.89 0.00000
      366  0.35 -19.67 0.00000
      367  0.35 -19.57 0.00000
      368  0.35 -19.35 0.00000
      369  0.35 -19.25 0.00000
      370  0.35 -19.15 0.00000
      371  0.35 -18.89 0.00000
      372  0.40 -25.56 0.95000
      373  0.40 -25.46 0.95000
      374  0.40 -25.36 0.95000
      375  0.40 -25.26 0.95000
      376  0.40 -25.16 0.95000
      377  0.40 -25.06 0.95000
      378  0.40 -24.96 0.95000
      379  0.40 -24.86 0.95000
      380  0.40 -24.76 0.95000
      381  0.40 -24.66 0.95000
      382  0.40 -24.56 0.95000
      383  0.40 -24.46 0.95000
      384  0.40 -24.36 0.95000
      385  0.40 -24.26 0.95000
      386  0.40 -24.16 0.95000
      387  0.40 -24.06 0.95000
      388  0.40 -23.96 0.95000
      389  0.40 -23.86 0.95000
      390  0.40 -23.76 0.95000
      391  0.40 -23.66 0.95000
      392  0.40 -23.56 0.95000
      393  0.40 -23.46 0.95000
      394  0.40 -23.36 0.95000
      395  0.40 -23.26 0.95000
      396  0.40 -23.16 0.95000
      397  0.40 -23.06 0.95000
      398  0.40 -22.96 0.95000
      399  0.40 -22.86 0.95000
      400  0.40 -22.76 0.95000
      401  0.40 -22.58 0.95000
      402  0.40 -22.48 0.95000
      403  0.40 -22.38 0.95000
      404  0.40 -22.14 0.95000
      405  0.40 -22.04 0.95000
      406  0.40 -21.89 0.95000
      407  0.40 -21.79 0.95000
      408  0.40 -21.69 0.95000
      409  0.40 -21.54 0.95000
      410  0.40 -21.44 0.95000
      411  0.40 -21.27 0.95000
      412  0.40 -21.17 0.95000
      413  0.40 -21.07 0.95000
      414  0.40 -20.90 0.00000
      415  0.40 -20.80 0.00000
      416  0.40 -20.60 0.00000
      417  0.40 -20.50 0.00000
      418  0.40 -20.40 0.00000
      419  0.40 -20.19 0.00000
      420  0.40 -20.09 0.00000
      421  0.40 -19.87 0.00000
      422  0.40 -19.77 0.00000
      423  0.40 -19.67 0.00000
      424  0.40 -19.45 0.00000
      425  0.45 -25.82 0.95000
      426  0.45 -25.72 0.95000
      427  0.45 -25.62 0.95000
      428  0.45 -25.52 0.95000
      429  0.45 -25.42 0.95000
      430  0.45 -25.32 0.95000
      431  0.45 -25.22 0.95000
      432  0.45 -25.12 0.95000
      433  0.45 -25.02 0.95000
      434  0.45 -24.92 0.95000
      435  0.45 -24.82 0.95000
      436  0.45 -24.72 0.95000
      437  0.45 -24.62 0.95000
      438  0.45 -24.52 0.95000
      439  0.45 -24.42 0.95000
      440  0.45 -24.32 0.95000
      441  0.45 -24.22 0.95000
      442  0.45 -24.12 0.95000
      443  0.45 -24.02 0.95000
      444  0.45 -23.92 0.95000
      445  0.45 -23.82 0.95000
      446  0.45 -23.72 0.95000
      447  0.45 -23.62 0.95000
      448  0.45 -23.52 0.95000
      449  0.45 -23.42 0.95000
      450  0.45 -23.32 0.95000
      451  0.45 -23.22 0.95000
      452  0.45 -23.12 0.95000
      453  0.45 -23.02 0.95000
      454  0.45 -22.87 0.95000
      455  0.45 -22.77 0.95000
      456  0.45 -22.67 0.95000
      457  0.45 -22.46 0.95000
      458  0.45 -22.36 0.95000
      459  0.45 -22.22 0.95000
      460  0.45 -22.12 0.95000
      461  0.45 -22.02 0.95000
      462  0.45 -21.87 0.95000
      463  0.45 -21.77 0.95000
      464  0.45 -21.64 0.95000
      465  0.45 -21.54 0.95000
      466  0.45 -21.44 0.95000
      467  0.45 -21.26 0.00000
      468  0.45 -21.16 0.00000
      469  0.45 -21.00 0.00000
      470  0.45 -20.90 0.00000
      471  0.45 -20.80 0.00000
      472  0.45 -20.60 0.00000
      473  0.45 -20.50 0.00000
      474  0.45 -20.32 0.00000
      475  0.45 -20.22 0.00000
      476  0.45 -20.12 0.00000
      477  0.45 -19.92 0.00000
      478  0.50 -26.09 0.95000
      479  0.50 -25.99 0.95000
      480  0.50 -25.89 0.95000
      481  0.50 -25.79 0.95000
      482  0.50 -25.69 0.95000
      483  0.50 -25.59 0.95000
      484  0.50 -25.49 0.95000
      485  0.50 -25.39 0.95000
      486  0.50 -25.29 0.95000
      487  0.50 -25.19 0.95000
      488  0.50 -25.09 0.95000
      489  0.50 -24.99 0.95000
      490  0.50 -24.89 0.95000
      491  0.50 -24.79 0.95000
      492  0.50 -24.69 0.95000
      493  0.50 -24.59 0.95000
      494  0.50 -24.49 0.95000
      495  0.50 -24.39 0.95000
      496  0.50 -24.29 0.95000
      497  0.50 -24.19 0.95000
      498  0.50 -24.09 0.95000
      499  0.50 -23.99 0.95000
      500  0.50 -23.89 0.95000
      501  0.50 -23.79 0.95000
      502  0.50 -23.69 0.95000
      503  0.50 -23.59 0.95000
      504  0.50 -23.49 0.95000
      505  0.50 -23.39 0.95000
      506  0.50 -23.29 0.95000
      507  0.50 -23.15 0.95000
      508  0.50 -23.05 0.95000
      509  0.50 -22.95 0.95000
      510  0.50 -22.76 0.95000
      511  0.50 -22.66 0.95000
      512  0.50 -22.52 0.95000
      513  0.50 -22.42 0.95000
      514  0.50 -22.32 0.95000
      515  0.50 -22.19 0.95000
      516  0.50 -22.09 0.95000
      517  0.50 -21.95 0.95000
      518  0.50 -21.85 0.95000
      519  0.50 -21.75 0.95000
      520  0.50 -21.60 0.00000
      521  0.50 -21.50 0.00000
      522  0.50 -21.34 0.00000
      523  0.50 -21.24 0.00000
      524  0.50 -21.14 0.00000
      525  0.50 -20.96 0.00000
      526  0.50 -20.86 0.00000
      527  0.50 -20.68 0.00000
      528  0.50 -20.58 0.00000
      529  0.50 -20.48 0.00000
      530  0.50 -20.30 0.00000
      531  0.55 -26.33 0.95000
      532  0.55 -26.23 0.95000
      533  0.55 -26.13 0.95000
      534  0.55 -26.03 0.95000
      535  0.55 -25.93 0.95000
      536  0.55 -25.83 0.95000
      537  0.55 -25.73 0.95000
      538  0.55 -25.63 0.95000
      539  0.55 -25.53 0.95000
      540  0.55 -25.43 0.95000
      541  0.55 -25.33 0.95000
      542  0.55 -25.23 0.95000
      543  0.55 -25.13 0.95000
      544  0.55 -25.03 0.95000
      545  0.55 -24.93 0.95000
      546  0.55 -24.83 0.95000
      547  0.55 -24.73 0.95000
      548  0.55 -24.63 0.95000
      549  0.55 -24.53 0.95000
      550  0.55 -24.43 0.95000
      551  0.55 -24.33 0.95000
      552  0.55 -24.23 0.95000
      553  0.55 -24.13 0.95000
      554  0.55 -24.03 0.95000
      555  0.55 -23.93 0.95000
      556  0.55 -23.83 0.95000
      557  0.55 -23.73 0.95000
      558  0.55 -23.63 0.95000
      559  0.55 -23.53 0.95000
      560  0.55 -23.41 0.95000
      561  0.55 -23.31 0.95000
      562  0.55 -23.21 0.95000
      563  0.55 -23.03 0.95000
      564  0.55 -22.93 0.95000
      565  0.55 -22.80 0.95000
      566  0.55 -22.70 0.95000
      567  0.55 -22.60 0.95000
      568  0.55 -22.48 0.95000
      569  0.55 -22.38 0.95000
      570  0.55 -22.24 0.95000
      571  0.55 -22.14 0.95000
      572  0.55 -22.04 0.95000
      573  0.55 -21.91 0.00000
      574  0.55 -21.81 0.00000
      575  0.55 -21.65 0.00000
      576  0.55 -21.55 0.00000
      577  0.55 -21.45 0.00000
      578  0.55 -21.29 0.00000
      579  0.55 -21.19 0.00000
      580  0.55 -21.02 0.00000
      581  0.55 -20.92 0.00000
      582  0.55 -20.82 0.00000
      583  0.55 -20.65 0.00000
      584  0.60 -26.56 0.95000
      585  0.60 -26.46 0.95000
      586  0.60 -26.36 0.95000
      587  0.60 -26.26 0.95000
      588  0.60 -26.16 0.95000
      589  0.60 -26.06 0.95000
      590  0.60 -25.96 0.95000
      591  0.60 -25.86 0.95000
      592  0.60 -25.76 0.95000
      593  0.60 -25.66 0.95000
      594  0.60 -25.56 0.95000
      595  0.60 -25.46 0.95000
      596  0.60 -25.36 0.95000
      597  0.60 -25.26 0.95000
      598  0.60 -25.16 0.94525
      599  0.60 -25.06 0.95000
      600  0.60 -24.96 0.95000
      601  0.60 -24.86 0.95000
      602  0.60 -24.76 0.95000
      603  0.60 -24.66 0.95000
      604  0.60 -24.56 0.95000
      605  0.60 -24.46 0.95000
      606  0.60 -24.36 0.95000
      607  0.60 -24.26 0.95000
      608  0.60 -24.16 0.95000
      609  0.60 -24.06 0.95000
      610  0.60 -23.96 0.94525
      611  0.60 -23.86 0.95000
      612  0.60 -23.76 0.95000
      613  0.60 -23.64 0.95000
      614  0.60 -23.54 0.95000
      615  0.60 -23.44 0.93575
      616  0.60 -23.28 0.94525
      617  0.60 -23.18 0.94525
      618  0.60 -23.05 0.95000
      619  0.60 -22.95 0.95000
      620  0.60 -22.85 0.95000
      621  0.60 -22.74 0.94525
      622  0.60 -22.64 0.94050
      623  0.60 -22.51 0.94050
      624  0.60 -22.41 0.94050
      625  0.60 -22.31 0.94050
      626  0.60 -22.18 0.00000
      627  0.60 -22.08 0.00000
      628  0.60 -21.93 0.00000
      629  0.60 -21.83 0.00000
      630  0.60 -21.73 0.00000
      631  0.60 -21.59 0.00000
      632  0.60 -21.49 0.00000
      633  0.60 -21.33 0.00000
      634  0.60 -21.23 0.00000
      635  0.60 -21.13 0.00000
      636  0.60 -20.96 0.00000
      637  0.65 -26.79 0.93100
      638  0.65 -26.69 0.92625
      639  0.65 -26.59 0.93100
      640  0.65 -26.49 0.92625
      641  0.65 -26.39 0.93100
      642  0.65 -26.29 0.93100
      643  0.65 -26.19 0.92625
      644  0.65 -26.09 0.92625
      645  0.65 -25.99 0.93100
      646  0.65 -25.89 0.93100
      647  0.65 -25.79 0.93100
      648  0.65 -25.69 0.93100
      649  0.65 -25.59 0.93100
      650  0.65 -25.49 0.92625
      651  0.65 -25.39 0.93100
      652  0.65 -25.29 0.92150
      653  0.65 -25.19 0.92625
      654  0.65 -25.09 0.93100
      655  0.65 -24.99 0.93100
      656  0.65 -24.89 0.92625
      657  0.65 -24.79 0.92150
      658  0.65 -24.69 0.93100
      659  0.65 -24.59 0.92625
      660  0.65 -24.49 0.93100
      661  0.65 -24.39 0.91675
      662  0.65 -24.29 0.92625
      663  0.65 -24.19 0.94050
      664  0.65 -24.09 0.92150
      665  0.65 -23.99 0.94050
      666  0.65 -23.88 0.92150
      667  0.65 -23.78 0.93100
      668  0.65 -23.68 0.94050
      669  0.65 -23.52 0.92625
      670  0.65 -23.42 0.93100
      671  0.65 -23.30 0.94050
      672  0.65 -23.20 0.91200
      673  0.65 -23.10 0.93100
      674  0.65 -22.99 0.93100
      675  0.65 -22.89 0.92720
      676  0.65 -22.77 0.94050
      677  0.65 -22.67 0.90345
      678  0.65 -22.57 0.90345
      679  0.65 -22.44 0.00000
      680  0.65 -22.34 0.00000
      681  0.65 -22.21 0.00000
      682  0.65 -22.11 0.00000
      683  0.65 -22.01 0.00000
      684  0.65 -21.87 0.00000
      685  0.65 -21.77 0.00000
      686  0.65 -21.62 0.00000
      687  0.65 -21.52 0.00000
      688  0.65 -21.42 0.00000
      689  0.65 -21.26 0.00000
      690  0.70 -27.03 0.94525
      691  0.70 -26.93 0.94525
      692  0.70 -26.83 0.94525
      693  0.70 -26.73 0.94525
      694  0.70 -26.63 0.94525
      695  0.70 -26.53 0.94525
      696  0.70 -26.43 0.94525
      697  0.70 -26.33 0.94525
      698  0.70 -26.23 0.94525
      699  0.70 -26.13 0.94525
      700  0.70 -26.03 0.94525
      701  0.70 -25.93 0.94525
      702  0.70 -25.83 0.94525
      703  0.70 -25.73 0.94525
      704  0.70 -25.63 0.94525
      705  0.70 -25.53 0.94525
      706  0.70 -25.43 0.94525
      707  0.70 -25.33 0.94525
      708  0.70 -25.23 0.94525
      709  0.70 -25.13 0.94525
      710  0.70 -25.03 0.95000
      711  0.70 -24.93 0.94525
      712  0.70 -24.83 0.94525
      713  0.70 -24.73 0.95000
      714  0.70 -24.63 0.94525
      715  0.70 -24.53 0.94525
      716  0.70 -24.43 0.95000
      717  0.70 -24.33 0.95000
      718  0.70 -24.23 0.94525
      719  0.70 -24.12 0.94525
      720  0.70 -24.02 0.94525
      721  0.70 -23.92 0.94525
      722  0.70 -23.78 0.95000
      723  0.70 -23.68 0.95000
      724  0.70 -23.56 0.95000
      725  0.70 -23.46 0.95000
      726  0.70 -23.36 0.94525
      727  0.70 -23.25 0.94525
      728  0.70 -23.15 0.94525
      729  0.70 -23.03 0.95000
      730  0.70 -22.93 0.93575
      731  0.70 -22.83 0.93575
      732  0.70 -22.71 0.00000
      733  0.70 -22.61 0.00000
      734  0.70 -22.49 0.00000
      735  0.70 -22.39 0.00000
      736  0.70 -22.29 0.00000
      737  0.70 -22.15 0.00000
      738  0.70 -22.05 0.00000
      739  0.70 -21.91 0.00000
      740  0.70 -21.81 0.00000
      741  0.70 -21.71 0.00000
      742  0.70 -21.57 0.00000
      743  0.75 -27.23 0.95000
      744  0.75 -27.13 0.95000
      745  0.75 -27.03 0.95000
      746  0.75 -26.93 0.95000
      747  0.75 -26.83 0.95000
      748  0.75 -26.73 0.95000
      749  0.75 -26.63 0.95000
      750  0.75 -26.53 0.95000
      751  0.75 -26.43 0.95000
      752  0.75 -26.33 0.95000
      753  0.75 -26.23 0.95000
      754  0.75 -26.13 0.95000
      755  0.75 -26.03 0.95000
      756  0.75 -25.93 0.95000
      757  0.75 -25.83 0.95000
      758  0.75 -25.73 0.95000
      759  0.75 -25.63 0.95000
      760  0.75 -25.53 0.95000
      761  0.75 -25.43 0.95000
      762  0.75 -25.33 0.95000
      763  0.75 -25.23 0.95000
      764  0.75 -25.13 0.95000
      765  0.75 -25.03 0.95000
      766  0.75 -24.93 0.95000
      767  0.75 -24.83 0.95000
      768  0.75 -24.73 0.95000
      769  0.75 -24.63 0.95000
      770  0.75 -24.53 0.95000
      771  0.75 -24.43 0.95000
      772  0.75 -24.32 0.95000
      773  0.75 -24.22 0.95000
      774  0.75 -24.12 0.95000
      775  0.75 -23.98 0.95000
      776  0.75 -23.88 0.95000
      777  0.75 -23.77 0.95000
      778  0.75 -23.67 0.95000
      779  0.75 -23.57 0.95000
      780  0.75 -23.46 0.95000
      781  0.75 -23.36 0.95000
      782  0.75 -23.25 0.95000
      783  0.75 -23.15 0.95000
      784  0.75 -23.05 0.95000
      785  0.75 -22.93 0.00000
      786  0.75 -22.83 0.00000
      787  0.75 -22.71 0.00000
      788  0.75 -22.61 0.00000
      789  0.75 -22.51 0.00000
      790  0.75 -22.39 0.00000
      791  0.75 -22.29 0.00000
      792  0.75 -22.16 0.00000
      793  0.75 -22.06 0.00000
      794  0.75 -21.96 0.00000
      795  0.75 -21.82 0.00000
      796  0.80 -27.40 0.95000
      797  0.80 -27.30 0.95000
      798  0.80 -27.20 0.95000
      799  0.80 -27.10 0.95000
      800  0.80 -27.00 0.95000
      801  0.80 -26.90 0.95000
      802  0.80 -26.80 0.95000
      803  0.80 -26.70 0.95000
      804  0.80 -26.60 0.95000
      805  0.80 -26.50 0.95000
      806  0.80 -26.40 0.95000
      807  0.80 -26.30 0.95000
      808  0.80 -26.20 0.95000
      809  0.80 -26.10 0.95000
      810  0.80 -26.00 0.95000
      811  0.80 -25.90 0.95000
      812  0.80 -25.80 0.95000
      813  0.80 -25.70 0.95000
      814  0.80 -25.60 0.95000
      815  0.80 -25.50 0.95000
      816  0.80 -25.40 0.95000
      817  0.80 -25.30 0.95000
      818  0.80 -25.20 0.95000
      819  0.80 -25.10 0.95000
      820  0.80 -25.00 0.95000
      821  0.80 -24.90 0.95000
      822  0.80 -24.80 0.95000
      823  0.80 -24.70 0.95000
      824  0.80 -24.60 0.95000
      825  0.80 -24.49 0.95000
      826  0.80 -24.39 0.95000
      827  0.80 -24.29 0.95000
      828  0.80 -24.16 0.95000
      829  0.80 -24.06 0.95000
      830  0.80 -23.95 0.95000
      831  0.80 -23.85 0.95000
      832  0.80 -23.75 0.95000
      833  0.80 -23.65 0.95000
      834  0.80 -23.55 0.95000
      835  0.80 -23.44 0.95000
      836  0.80 -23.34 0.95000
      837  0.80 -23.24 0.95000
      838  0.80 -23.13 0.00000
      839  0.80 -23.03 0.00000
      840  0.80 -22.91 0.00000
      841  0.80 -22.81 0.00000
      842  0.80 -22.71 0.00000
      843  0.80 -22.59 0.00000
      844  0.80 -22.49 0.00000
      845  0.80 -22.36 0.00000
      846  0.80 -22.26 0.00000
      847  0.80 -22.16 0.00000
      848  0.80 -22.04 0.00000
      849  0.85 -27.55 0.95000
      850  0.85 -27.45 0.95000
      851  0.85 -27.35 0.95000
      852  0.85 -27.25 0.95000
      853  0.85 -27.15 0.95000
      854  0.85 -27.05 0.95000
      855  0.85 -26.95 0.95000
      856  0.85 -26.85 0.95000
      857  0.85 -26.75 0.95000
      858  0.85 -26.65 0.95000
      859  0.85 -26.55 0.95000
      860  0.85 -26.45 0.95000
      861  0.85 -26.35 0.95000
      862  0.85 -26.25 0.95000
      863  0.85 -26.15 0.95000
      864  0.85 -26.05 0.95000
      865  0.85 -25.95 0.95000
      866  0.85 -25.85 0.95000
      867  0.85 -25.75 0.95000
      868  0.85 -25.65 0.95000
      869  0.85 -25.55 0.95000
      870  0.85 -25.45 0.95000
      871  0.85 -25.35 0.95000
      872  0.85 -25.25 0.95000
      873  0.85 -25.15 0.95000
      874  0.85 -25.05 0.95000
      875  0.85 -24.95 0.95000
      876  0.85 -24.85 0.95000
      877  0.85 -24.75 0.95000
      878  0.85 -24.64 0.95000
      879  0.85 -24.54 0.95000
      880  0.85 -24.44 0.95000
      881  0.85 -24.32 0.95000
      882  0.85 -24.22 0.95000
      883  0.85 -24.11 0.95000
      884  0.85 -24.01 0.95000
      885  0.85 -23.91 0.95000
      886  0.85 -23.81 0.95000
      887  0.85 -23.71 0.95000
      888  0.85 -23.60 0.95000
      889  0.85 -23.50 0.95000
      890  0.85 -23.40 0.95000
      891  0.85 -23.29 0.00000
      892  0.85 -23.19 0.00000
      893  0.85 -23.08 0.00000
      894  0.85 -22.98 0.00000
      895  0.85 -22.88 0.00000
      896  0.85 -22.77 0.00000
      897  0.85 -22.67 0.00000
      898  0.85 -22.55 0.00000
      899  0.85 -22.45 0.00000
      900  0.85 -22.35 0.00000
      901  0.85 -22.22 0.00000
      902  0.90 -27.68 0.95000
      903  0.90 -27.58 0.95000
      904  0.90 -27.48 0.95000
      905  0.90 -27.38 0.95000
      906  0.90 -27.28 0.95000
      907  0.90 -27.18 0.95000
      908  0.90 -27.08 0.95000
      909  0.90 -26.98 0.95000
      910  0.90 -26.88 0.95000
      911  0.90 -26.78 0.95000
      912  0.90 -26.68 0.95000
      913  0.90 -26.58 0.95000
      914  0.90 -26.48 0.95000
      915  0.90 -26.38 0.95000
      916  0.90 -26.28 0.95000
      917  0.90 -26.18 0.95000
      918  0.90 -26.08 0.95000
      919  0.90 -25.98 0.95000
      920  0.90 -25.88 0.95000
      921  0.90 -25.78 0.95000
      922  0.90 -25.68 0.95000
      923  0.90 -25.58 0.95000
      924  0.90 -25.48 0.95000
      925  0.90 -25.38 0.95000
      926  0.90 -25.28 0.95000
      927  0.90 -25.18 0.95000
      928  0.90 -25.08 0.95000
      929  0.90 -24.98 0.95000
      930  0.90 -24.88 0.95000
      931  0.90 -24.78 0.95000
      932  0.90 -24.68 0.95000
      933  0.90 -24.58 0.95000
      934  0.90 -24.46 0.95000
      935  0.90 -24.36 0.95000
      936  0.90 -24.26 0.95000
      937  0.90 -24.16 0.95000
      938  0.90 -24.06 0.95000
      939  0.90 -23.95 0.95000
      940  0.90 -23.85 0.95000
      941  0.90 -23.74 0.95000
      942  0.90 -23.64 0.95000
      943  0.90 -23.54 0.95000
      944  0.90 -23.44 0.00000
      945  0.90 -23.34 0.00000
      946  0.90 -23.23 0.00000
      947  0.90 -23.13 0.00000
      948  0.90 -23.03 0.00000
      949  0.90 -22.91 0.00000
      950  0.90 -22.81 0.00000
      951  0.90 -22.70 0.00000
      952  0.90 -22.60 0.00000
      953  0.90 -22.50 0.00000
      954  0.90 -22.39 0.00000
      955  0.95 -27.80 0.95000
      956  0.95 -27.70 0.95000
      957  0.95 -27.60 0.95000
      958  0.95 -27.50 0.95000
      959  0.95 -27.40 0.95000
      960  0.95 -27.30 0.95000
      961  0.95 -27.20 0.95000
      962  0.95 -27.10 0.95000
      963  0.95 -27.00 0.95000
      964  0.95 -26.90 0.95000
      965  0.95 -26.80 0.95000
      966  0.95 -26.70 0.95000
      967  0.95 -26.60 0.95000
      968  0.95 -26.50 0.95000
      969  0.95 -26.40 0.95000
      970  0.95 -26.30 0.95000
      971  0.95 -26.20 0.95000
      972  0.95 -26.10 0.95000
      973  0.95 -26.00 0.95000
      974  0.95 -25.90 0.95000
      975  0.95 -25.80 0.95000
      976  0.95 -25.70 0.95000
      977  0.95 -25.60 0.95000
      978  0.95 -25.50 0.95000
      979  0.95 -25.40 0.95000
      980  0.95 -25.30 0.95000
      981  0.95 -25.20 0.95000
      982  0.95 -25.10 0.95000
      983  0.95 -25.00 0.95000
      984  0.95 -24.90 0.95000
      985  0.95 -24.80 0.95000
      986  0.95 -24.70 0.95000
      987  0.95 -24.58 0.95000
      988  0.95 -24.48 0.95000
      989  0.95 -24.38 0.95000
      990  0.95 -24.28 0.95000
      991  0.95 -24.18 0.95000
      992  0.95 -24.07 0.95000
      993  0.95 -23.97 0.95000
      994  0.95 -23.87 0.95000
      995  0.95 -23.77 0.95000
      996  0.95 -23.67 0.95000
      997  0.95 -23.56 0.00000
      998  0.95 -23.46 0.00000
      999  0.95 -23.35 0.00000
     1000  0.95 -23.25 0.00000
     1001  0.95 -23.15 0.00000
     1002  0.95 -23.04 0.00000
     1003  0.95 -22.94 0.00000
     1004  0.95 -22.83 0.00000
     1005  0.95 -22.73 0.00000
     1006  0.95 -22.63 0.00000
     1007  0.95 -22.51 0.00000
     1008  1.00 -27.90 0.95000
     1009  1.00 -27.80 0.95000
     1010  1.00 -27.70 0.95000
     1011  1.00 -27.60 0.95000
     1012  1.00 -27.50 0.95000
     1013  1.00 -27.40 0.95000
     1014  1.00 -27.30 0.95000
     1015  1.00 -27.20 0.95000
     1016  1.00 -27.10 0.95000
     1017  1.00 -27.00 0.95000
     1018  1.00 -26.90 0.95000
     1019  1.00 -26.80 0.95000
     1020  1.00 -26.70 0.95000
     1021  1.00 -26.60 0.95000
     1022  1.00 -26.50 0.95000
     1023  1.00 -26.40 0.95000
     1024  1.00 -26.30 0.95000
     1025  1.00 -26.20 0.95000
     1026  1.00 -26.10 0.95000
     1027  1.00 -26.00 0.95000
     1028  1.00 -25.90 0.95000
     1029  1.00 -25.80 0.95000
     1030  1.00 -25.70 0.95000
     1031  1.00 -25.60 0.95000
     1032  1.00 -25.50 0.95000
     1033  1.00 -25.40 0.95000
     1034  1.00 -25.30 0.95000
     1035  1.00 -25.20 0.95000
     1036  1.00 -25.10 0.95000
     1037  1.00 -25.00 0.95000
     1038  1.00 -24.90 0.95000
     1039  1.00 -24.80 0.95000
     1040  1.00 -24.69 0.95000
     1041  1.00 -24.59 0.95000
     1042  1.00 -24.48 0.95000
     1043  1.00 -24.38 0.95000
     1044  1.00 -24.28 0.95000
     1045  1.00 -24.18 0.95000
     1046  1.00 -24.08 0.95000
     1047  1.00 -23.98 0.95000
     1048  1.00 -23.88 0.95000
     1049  1.00 -23.78 0.95000
     1050  1.00 -23.67 0.00000
     1051  1.00 -23.57 0.00000
     1052  1.00 -23.46 0.00000
     1053  1.00 -23.36 0.00000
     1054  1.00 -23.26 0.00000
     1055  1.00 -23.15 0.00000
     1056  1.00 -23.05 0.00000
     1057  1.00 -22.94 0.00000
     1058  1.00 -22.84 0.00000
     1059  1.00 -22.74 0.00000
     1060  1.00 -22.63 0.00000
     1061  1.05 -27.99 0.95000
     1062  1.05 -27.89 0.95000
     1063  1.05 -27.79 0.95000
     1064  1.05 -27.69 0.95000
     1065  1.05 -27.59 0.95000
     1066  1.05 -27.49 0.95000
     1067  1.05 -27.39 0.95000
     1068  1.05 -27.29 0.95000
     1069  1.05 -27.19 0.95000
     1070  1.05 -27.09 0.95000
     1071  1.05 -26.99 0.95000
     1072  1.05 -26.89 0.95000
     1073  1.05 -26.79 0.95000
     1074  1.05 -26.69 0.95000
     1075  1.05 -26.59 0.95000
     1076  1.05 -26.49 0.95000
     1077  1.05 -26.39 0.95000
     1078  1.05 -26.29 0.95000
     1079  1.05 -26.19 0.95000
     1080  1.05 -26.09 0.95000
     1081  1.05 -25.99 0.95000
     1082  1.05 -25.89 0.95000
     1083  1.05 -25.79 0.95000
     1084  1.05 -25.69 0.95000
     1085  1.05 -25.59 0.95000
     1086  1.05 -25.49 0.95000
     1087  1.05 -25.39 0.95000
     1088  1.05 -25.29 0.95000
     1089  1.05 -25.19 0.95000
     1090  1.05 -25.09 0.95000
     1091  1.05 -24.99 0.95000
     1092  1.05 -24.89 0.95000
     1093  1.05 -24.78 0.95000
     1094  1.05 -24.68 0.95000
     1095  1.05 -24.58 0.95000
     1096  1.05 -24.48 0.95000
     1097  1.05 -24.38 0.95000
     1098  1.05 -24.28 0.95000
     1099  1.05 -24.18 0.95000
     1100  1.05 -24.07 0.95000
     1101  1.05 -23.97 0.95000
     1102  1.05 -23.87 0.95000
     1103  1.05 -23.77 0.00000
     1104  1.05 -23.67 0.00000
     1105  1.05 -23.56 0.00000
     1106  1.05 -23.46 0.00000
     1107  1.05 -23.36 0.00000
     1108  1.05 -23.26 0.00000
     1109  1.05 -23.16 0.00000
     1110  1.05 -23.05 0.00000
     1111  1.05 -22.95 0.00000
     1112  1.05 -22.85 0.00000
     1113  1.05 -22.74 0.00000
     1114  1.10 -28.08 0.95000
     1115  1.10 -27.98 0.95000
     1116  1.10 -27.88 0.95000
     1117  1.10 -27.78 0.95000
     1118  1.10 -27.68 0.95000
     1119  1.10 -27.58 0.95000
     1120  1.10 -27.48 0.95000
     1121  1.10 -27.38 0.95000
     1122  1.10 -27.28 0.95000
     1123  1.10 -27.18 0.95000
     1124  1.10 -27.08 0.95000
     1125  1.10 -26.98 0.95000
     1126  1.10 -26.88 0.95000
     1127  1.10 -26.78 0.95000
     1128  1.10 -26.68 0.95000
     1129  1.10 -26.58 0.95000
     1130  1.10 -26.48 0.95000
     1131  1.10 -26.38 0.95000
     1132  1.10 -26.28 0.95000
     1133  1.10 -26.18 0.95000
     1134  1.10 -26.08 0.95000
     1135  1.10 -25.98 0.95000
     1136  1.10 -25.88 0.95000
     1137  1.10 -25.78 0.95000
     1138  1.10 -25.68 0.95000
     1139  1.10 -25.58 0.95000
     1140  1.10 -25.48 0.95000
     1141  1.10 -25.38 0.95000
     1142  1.10 -25.28 0.95000
     1143  1.10 -25.18 0.95000
     1144  1.10 -25.08 0.95000
     1145  1.10 -24.98 0.95000
     1146  1.10 -24.87 0.95000
     1147  1.10 -24.77 0.95000
     1148  1.10 -24.67 0.95000
     1149  1.10 -24.57 0.95000
     1150  1.10 -24.47 0.95000
     1151  1.10 -24.37 0.95000
     1152  1.10 -24.27 0.95000
     1153  1.10 -24.16 0.95000
     1154  1.10 -24.06 0.95000
     1155  1.10 -23.96 0.95000
     1156  1.10 -23.86 0.00000
     1157  1.10 -23.76 0.00000
     1158  1.10 -23.65 0.00000
     1159  1.10 -23.55 0.00000
     1160  1.10 -23.45 0.00000
     1161  1.10 -23.35 0.00000
     1162  1.10 -23.25 0.00000
     1163  1.10 -23.14 0.00475
     1164  1.10 -23.04 0.00475
     1165  1.10 -22.94 0.00000
     1166  1.10 -22.84 0.00000
     1167  1.15 -28.17 0.95000
     1168  1.15 -28.07 0.95000
     1169  1.15 -27.97 0.95000
     1170  1.15 -27.87 0.95000
     1171  1.15 -27.77 0.95000
     1172  1.15 -27.67 0.95000
     1173  1.15 -27.57 0.95000
     1174  1.15 -27.47 0.95000
     1175  1.15 -27.37 0.95000
     1176  1.15 -27.27 0.95000
     1177  1.15 -27.17 0.95000
     1178  1.15 -27.07 0.95000
     1179  1.15 -26.97 0.95000
     1180  1.15 -26.87 0.95000
     1181  1.15 -26.77 0.95000
     1182  1.15 -26.67 0.95000
     1183  1.15 -26.57 0.95000
     1184  1.15 -26.47 0.95000
     1185  1.15 -26.37 0.95000
     1186  1.15 -26.27 0.95000
     1187  1.15 -26.17 0.95000
     1188  1.15 -26.07 0.95000
     1189  1.15 -25.97 0.95000
     1190  1.15 -25.87 0.95000
     1191  1.15 -25.77 0.95000
     1192  1.15 -25.67 0.95000
     1193  1.15 -25.57 0.95000
     1194  1.15 -25.47 0.95000
     1195  1.15 -25.37 0.95000
     1196  1.15 -25.26 0.95000
     1197  1.15 -25.16 0.95000
     1198  1.15 -25.06 0.95000
     1199  1.15 -24.96 0.95000
     1200  1.15 -24.86 0.95000
     1201  1.15 -24.75 0.95000
     1202  1.15 -24.65 0.95000
     1203  1.15 -24.55 0.95000
     1204  1.15 -24.45 0.95000
     1205  1.15 -24.35 0.95000
     1206  1.15 -24.25 0.95000
     1207  1.15 -24.15 0.95000
     1208  1.15 -24.05 0.95000
     1209  1.15 -23.95 0.00000
     1210  1.15 -23.85 0.00000
     1211  1.15 -23.74 0.00000
     1212  1.15 -23.64 0.00000
     1213  1.15 -23.54 0.00000
     1214  1.15 -23.44 0.00000
     1215  1.15 -23.34 0.00000
     1216  1.15 -23.23 0.00000
     1217  1.15 -23.13 0.00000
     1218  1.15 -23.03 0.00000
     1219  1.15 -22.92 0.00000
     1220  1.20 -28.25 0.95000
     1221  1.20 -28.15 0.95000
     1222  1.20 -28.05 0.95000
     1223  1.20 -27.95 0.95000
     1224  1.20 -27.85 0.95000
     1225  1.20 -27.75 0.95000
     1226  1.20 -27.65 0.95000
     1227  1.20 -27.55 0.95000
     1228  1.20 -27.45 0.95000
     1229  1.20 -27.35 0.95000
     1230  1.20 -27.25 0.95000
     1231  1.20 -27.15 0.95000
     1232  1.20 -27.05 0.95000
     1233  1.20 -26.95 0.95000
     1234  1.20 -26.85 0.95000
     1235  1.20 -26.75 0.95000
     1236  1.20 -26.65 0.95000
     1237  1.20 -26.55 0.95000
     1238  1.20 -26.45 0.95000
     1239  1.20 -26.35 0.95000
     1240  1.20 -26.25 0.95000
     1241  1.20 -26.15 0.95000
     1242  1.20 -26.05 0.95000
     1243  1.20 -25.95 0.95000
     1244  1.20 -25.85 0.95000
     1245  1.20 -25.75 0.95000
     1246  1.20 -25.65 0.95000
     1247  1.20 -25.55 0.95000
     1248  1.20 -25.45 0.95000
     1249  1.20 -25.35 0.95000
     1250  1.20 -25.25 0.95000
     1251  1.20 -25.15 0.95000
     1252  1.20 -25.04 0.95000
     1253  1.20 -24.94 0.95000
     1254  1.20 -24.84 0.95000
     1255  1.20 -24.74 0.95000
     1256  1.20 -24.64 0.95000
     1257  1.20 -24.54 0.95000
     1258  1.20 -24.44 0.95000
     1259  1.20 -24.33 0.95000
     1260  1.20 -24.23 0.95000
     1261  1.20 -24.13 0.95000
     1262  1.20 -24.03 0.00000
     1263  1.20 -23.93 0.00000
     1264  1.20 -23.83 0.00000
     1265  1.20 -23.73 0.00000
     1266  1.20 -23.63 0.00000
     1267  1.20 -23.52 0.00000
     1268  1.20 -23.42 0.00000
     1269  1.20 -23.32 0.00000
     1270  1.20 -23.22 0.00000
     1271  1.20 -23.12 0.00000
     1272  1.20 -23.01 0.00000
     1273  1.25 -28.34 0.95000
     1274  1.25 -28.24 0.95000
     1275  1.25 -28.14 0.95000
     1276  1.25 -28.04 0.95000
     1277  1.25 -27.94 0.95000
     1278  1.25 -27.84 0.95000
     1279  1.25 -27.74 0.95000
     1280  1.25 -27.64 0.95000
     1281  1.25 -27.54 0.95000
     1282  1.25 -27.44 0.95000
     1283  1.25 -27.34 0.95000
     1284  1.25 -27.24 0.95000
     1285  1.25 -27.14 0.95000
     1286  1.25 -27.04 0.95000
     1287  1.25 -26.94 0.95000
     1288  1.25 -26.84 0.95000
     1289  1.25 -26.74 0.95000
     1290  1.25 -26.64 0.95000
     1291  1.25 -26.54 0.95000
     1292  1.25 -26.44 0.95000
     1293  1.25 -26.34 0.95000
     1294  1.25 -26.24 0.95000
     1295  1.25 -26.14 0.95000
     1296  1.25 -26.04 0.95000
     1297  1.25 -25.94 0.95000
     1298  1.25 -25.84 0.95000
     1299  1.25 -25.74 0.95000
     1300  1.25 -25.64 0.95000
     1301  1.25 -25.54 0.95000
     1302  1.25 -25.44 0.95000
     1303  1.25 -25.34 0.95000
     1304  1.25 -25.24 0.95000
     1305  1.25 -25.13 0.95000
     1306  1.25 -25.03 0.95000
     1307  1.25 -24.93 0.95000
     1308  1.25 -24.83 0.95000
     1309  1.25 -24.73 0.95000
     1310  1.25 -24.63 0.95000
     1311  1.25 -24.53 0.95000
     1312  1.25 -24.43 0.95000
     1313  1.25 -24.33 0.95000
     1314  1.25 -24.23 0.95000
     1315  1.25 -24.12 0.00000
     1316  1.25 -24.02 0.00000
     1317  1.25 -23.92 0.00000
     1318  1.25 -23.82 0.00000
     1319  1.25 -23.72 0.00000
     1320  1.25 -23.62 0.00000
     1321  1.25 -23.52 0.00000
     1322  1.25 -23.41 0.00000
     1323  1.25 -23.31 0.00000
     1324  1.25 -23.21 0.00000
     1325  1.25 -23.11 0.00000
     1326  1.30 -28.42 0.95000
     1327  1.30 -28.32 0.95000
     1328  1.30 -28.22 0.95000
     1329  1.30 -28.12 0.95000
     1330  1.30 -28.02 0.95000
     1331  1.30 -27.92 0.95000
     1332  1.30 -27.82 0.95000
     1333  1.30 -27.72 0.95000
     1334  1.30 -27.62 0.95000
     1335  1.30 -27.52 0.95000
     1336  1.30 -27.42 0.95000
     1337  1.30 -27.32 0.95000
     1338  1.30 -27.22 0.95000
     1339  1.30 -27.12 0.95000
     1340  1.30 -27.02 0.95000
     1341  1.30 -26.92 0.95000
     1342  1.30 -26.82 0.95000
     1343  1.30 -26.72 0.95000
     1344  1.30 -26.62 0.95000
     1345  1.30 -26.52 0.95000
     1346  1.30 -26.42 0.95000
     1347  1.30 -26.32 0.95000
     1348  1.30 -26.22 0.95000
     1349  1.30 -26.12 0.95000
     1350  1.30 -26.02 0.95000
     1351  1.30 -25.92 0.95000
     1352  1.30 -25.82 0.95000
     1353  1.30 -25.72 0.95000
     1354  1.30 -25.62 0.95000
     1355  1.30 -25.52 0.95000
     1356  1.30 -25.42 0.95000
     1357  1.30 -25.32 0.95000
     1358  1.30 -25.22 0.95000
     1359  1.30 -25.12 0.95000
     1360  1.30 -25.02 0.95000
     1361  1.30 -24.92 0.95000
     1362  1.30 -24.82 0.95000
     1363  1.30 -24.71 0.95000
     1364  1.30 -24.61 0.95000
     1365  1.30 -24.51 0.95000
     1366  1.30 -24.41 0.95000
     1367  1.30 -24.31 0.95000
     1368  1.30 -24.21 0.00000
     1369  1.30 -24.11 0.00000
     1370  1.30 -24.01 0.00000
     1371  1.30 -23.91 0.00000
     1372  1.30 -23.81 0.00000
     1373  1.30 -23.70 0.00000
     1374  1.30 -23.60 0.00000
     1375  1.30 -23.50 0.00000
     1376  1.30 -23.40 0.00000
     1377  1.30 -23.30 0.00000
     1378  1.30 -23.19 0.00000
     1379  1.35 -28.50 0.95000
     1380  1.35 -28.40 0.95000
     1381  1.35 -28.30 0.95000
     1382  1.35 -28.20 0.95000
     1383  1.35 -28.10 0.95000
     1384  1.35 -28.00 0.95000
     1385  1.35 -27.90 0.95000
     1386  1.35 -27.80 0.95000
     1387  1.35 -27.70 0.95000
     1388  1.35 -27.60 0.95000
     1389  1.35 -27.50 0.95000
     1390  1.35 -27.40 0.95000
     1391  1.35 -27.30 0.95000
     1392  1.35 -27.20 0.95000
     1393  1.35 -27.10 0.95000
     1394  1.35 -27.00 0.95000
     1395  1.35 -26.90 0.95000
     1396  1.35 -26.80 0.95000
     1397  1.35 -26.70 0.95000
     1398  1.35 -26.60 0.95000
     1399  1.35 -26.50 0.95000
     1400  1.35 -26.40 0.95000
     1401  1.35 -26.30 0.95000
     1402  1.35 -26.20 0.95000
     1403  1.35 -26.10 0.95000
     1404  1.35 -26.00 0.95000
     1405  1.35 -25.90 0.95000
     1406  1.35 -25.80 0.95000
     1407  1.35 -25.70 0.95000
     1408  1.35 -25.60 0.95000
     1409  1.35 -25.50 0.95000
     1410  1.35 -25.40 0.95000
     1411  1.35 -25.30 0.95000
     1412  1.35 -25.20 0.95000
     1413  1.35 -25.10 0.95000
     1414  1.35 -25.00 0.95000
     1415  1.35 -24.90 0.95000
     1416  1.35 -24.79 0.95000
     1417  1.35 -24.69 0.95000
     1418  1.35 -24.59 0.95000
     1419  1.35 -24.49 0.95000
     1420  1.35 -24.39 0.95000
     1421  1.35 -24.29 0.00000
     1422  1.35 -24.19 0.00000
     1423  1.35 -24.09 0.00000
     1424  1.35 -23.99 0.00000
     1425  1.35 -23.89 0.00000
     1426  1.35 -23.79 0.00000
     1427  1.35 -23.69 0.00000
     1428  1.35 -23.58 0.00000
     1429  1.35 -23.48 0.00000
     1430  1.35 -23.38 0.00000
     1431  1.35 -23.28 0.00000
     1432  1.40 -28.58 0.95000
     1433  1.40 -28.48 0.95000
     1434  1.40 -28.38 0.95000
     1435  1.40 -28.28 0.95000
     1436  1.40 -28.18 0.95000
     1437  1.40 -28.08 0.95000
     1438  1.40 -27.98 0.95000
     1439  1.40 -27.88 0.95000
     1440  1.40 -27.78 0.95000
     1441  1.40 -27.68 0.95000
     1442  1.40 -27.58 0.95000
     1443  1.40 -27.48 0.95000
     1444  1.40 -27.38 0.95000
     1445  1.40 -27.28 0.95000
     1446  1.40 -27.18 0.95000
     1447  1.40 -27.08 0.95000
     1448  1.40 -26.98 0.95000
     1449  1.40 -26.88 0.95000
     1450  1.40 -26.78 0.95000
     1451  1.40 -26.68 0.95000
     1452  1.40 -26.58 0.95000
     1453  1.40 -26.48 0.95000
     1454  1.40 -26.38 0.95000
     1455  1.40 -26.28 0.95000
     1456  1.40 -26.18 0.95000
     1457  1.40 -26.08 0.95000
     1458  1.40 -25.98 0.95000
     1459  1.40 -25.88 0.95000
     1460  1.40 -25.78 0.95000
     1461  1.40 -25.68 0.95000
     1462  1.40 -25.58 0.95000
     1463  1.40 -25.48 0.95000
     1464  1.40 -25.37 0.95000
     1465  1.40 -25.27 0.95000
     1466  1.40 -25.17 0.95000
     1467  1.40 -25.07 0.95000
     1468  1.40 -24.97 0.95000
     1469  1.40 -24.87 0.95000
     1470  1.40 -24.77 0.95000
     1471  1.40 -24.67 0.95000
     1472  1.40 -24.57 0.95000
     1473  1.40 -24.47 0.95000
     1474  1.40 -24.37 0.00000
     1475  1.40 -24.27 0.00000
     1476  1.40 -24.16 0.00000
     1477  1.40 -24.06 0.00000
     1478  1.40 -23.96 0.00000
     1479  1.40 -23.86 0.00000
     1480  1.40 -23.76 0.00000
     1481  1.40 -23.66 0.00000
     1482  1.40 -23.56 0.00000
     1483  1.40 -23.46 0.00000
     1484  1.40 -23.35 0.00000
     1485  1.45 -28.63 0.95000
     1486  1.45 -28.53 0.95000
     1487  1.45 -28.43 0.95000
     1488  1.45 -28.33 0.95000
     1489  1.45 -28.23 0.95000
     1490  1.45 -28.13 0.95000
     1491  1.45 -28.03 0.95000
     1492  1.45 -27.93 0.95000
     1493  1.45 -27.83 0.95000
     1494  1.45 -27.73 0.95000
     1495  1.45 -27.63 0.95000
     1496  1.45 -27.53 0.95000
     1497  1.45 -27.43 0.95000
     1498  1.45 -27.33 0.95000
     1499  1.45 -27.23 0.95000
     1500  1.45 -27.13 0.95000
     1501  1.45 -27.03 0.95000
     1502  1.45 -26.93 0.95000
     1503  1.45 -26.83 0.95000
     1504  1.45 -26.73 0.95000
     1505  1.45 -26.63 0.95000
     1506  1.45 -26.53 0.95000
     1507  1.45 -26.43 0.95000
     1508  1.45 -26.33 0.95000
     1509  1.45 -26.23 0.95000
     1510  1.45 -26.13 0.95000
     1511  1.45 -26.03 0.95000
     1512  1.45 -25.93 0.95000
     1513  1.45 -25.83 0.95000
     1514  1.45 -25.73 0.95000
     1515  1.45 -25.63 0.95000
     1516  1.45 -25.53 0.95000
     1517  1.45 -25.43 0.95000
     1518  1.45 -25.33 0.95000
     1519  1.45 -25.23 0.95000
     1520  1.45 -25.13 0.95000
     1521  1.45 -25.03 0.95000
     1522  1.45 -24.92 0.95000
     1523  1.45 -24.82 0.95000
     1524  1.45 -24.72 0.95000
     1525  1.45 -24.62 0.95000
     1526  1.45 -24.52 0.95000
     1527  1.45 -24.42 0.00000
     1528  1.45 -24.32 0.00000
     1529  1.45 -24.22 0.00000
     1530  1.45 -24.12 0.00000
     1531  1.45 -24.02 0.00000
     1532  1.45 -23.92 0.00000
     1533  1.45 -23.82 0.00000
     1534  1.45 -23.71 0.00000
     1535  1.45 -23.61 0.00000
     1536  1.45 -23.51 0.00000
     1537  1.45 -23.41 0.00000
     1538  1.50 -28.67 0.95000
     1539  1.50 -28.57 0.95000
     1540  1.50 -28.47 0.95000
     1541  1.50 -28.37 0.95000
     1542  1.50 -28.27 0.95000
     1543  1.50 -28.17 0.95000
     1544  1.50 -28.07 0.95000
     1545  1.50 -27.97 0.95000
     1546  1.50 -27.87 0.95000
     1547  1.50 -27.77 0.95000
     1548  1.50 -27.67 0.95000
     1549  1.50 -27.57 0.95000
     1550  1.50 -27.47 0.95000
     1551  1.50 -27.37 0.95000
     1552  1.50 -27.27 0.95000
     1553  1.50 -27.17 0.95000
     1554  1.50 -27.07 0.95000
     1555  1.50 -26.97 0.95000
     1556  1.50 -26.87 0.95000
     1557  1.50 -26.77 0.95000
     1558  1.50 -26.67 0.95000
     1559  1.50 -26.57 0.95000
     1560  1.50 -26.47 0.95000
     1561  1.50 -26.37 0.95000
     1562  1.50 -26.27 0.95000
     1563  1.50 -26.17 0.95000
     1564  1.50 -26.07 0.95000
     1565  1.50 -25.97 0.95000
     1566  1.50 -25.87 0.95000
     1567  1.50 -25.77 0.95000
     1568  1.50 -25.67 0.95000
     1569  1.50 -25.57 0.95000
     1570  1.50 -25.47 0.95000
     1571  1.50 -25.37 0.95000
     1572  1.50 -25.27 0.95000
     1573  1.50 -25.17 0.95000
     1574  1.50 -25.07 0.95000
     1575  1.50 -24.97 0.95000
     1576  1.50 -24.87 0.95000
     1577  1.50 -24.77 0.95000
     1578  1.50 -24.67 0.95000
     1579  1.50 -24.57 0.95000
     1580  1.50 -24.47 0.00000
     1581  1.50 -24.37 0.00000
     1582  1.50 -24.26 0.00000
     1583  1.50 -24.16 0.00000
     1584  1.50 -24.06 0.00000
     1585  1.50 -23.96 0.00000
     1586  1.50 -23.86 0.00000
     1587  1.50 -23.76 0.00000
     1588  1.50 -23.66 0.00000
     1589  1.50 -23.56 0.00000
     1590  1.50 -23.46 0.00000
     1591  1.55 -28.73 0.95000
     1592  1.55 -28.63 0.95000
     1593  1.55 -28.53 0.95000
     1594  1.55 -28.43 0.95000
     1595  1.55 -28.33 0.95000
     1596  1.55 -28.23 0.95000
     1597  1.55 -28.13 0.95000
     1598  1.55 -28.03 0.95000
     1599  1.55 -27.93 0.95000
     1600  1.55 -27.83 0.95000
     1601  1.55 -27.73 0.95000
     1602  1.55 -27.63 0.95000
     1603  1.55 -27.53 0.95000
     1604  1.55 -27.43 0.95000
     1605  1.55 -27.33 0.95000
     1606  1.55 -27.23 0.95000
     1607  1.55 -27.13 0.95000
     1608  1.55 -27.03 0.95000
     1609  1.55 -26.93 0.95000
     1610  1.55 -26.83 0.95000
     1611  1.55 -26.73 0.95000
     1612  1.55 -26.63 0.95000
     1613  1.55 -26.53 0.95000
     1614  1.55 -26.43 0.95000
     1615  1.55 -26.33 0.95000
     1616  1.55 -26.23 0.95000
     1617  1.55 -26.13 0.95000
     1618  1.55 -26.03 0.95000
     1619  1.55 -25.93 0.95000
     1620  1.55 -25.83 0.95000
     1621  1.55 -25.73 0.95000
     1622  1.55 -25.63 0.95000
     1623  1.55 -25.53 0.95000
     1624  1.55 -25.43 0.95000
     1625  1.55 -25.33 0.95000
     1626  1.55 -25.23 0.95000
     1627  1.55 -25.13 0.95000
     1628  1.55 -25.03 0.95000
     1629  1.55 -24.93 0.95000
     1630  1.55 -24.83 0.95000
     1631  1.55 -24.73 0.95000
     1632  1.55 -24.63 0.95000
     1633  1.55 -24.53 0.00000
     1634  1.55 -24.43 0.00000
     1635  1.55 -24.33 0.00000
     1636  1.55 -24.23 0.00000
     1637  1.55 -24.13 0.00000
     1638  1.55 -24.02 0.00000
     1639  1.55 -23.92 0.00000
     1640  1.55 -23.82 0.00000
     1641  1.55 -23.72 0.00000
     1642  1.55 -23.62 0.00000
     1643  1.55 -23.52 0.00000
     1644  1.60 -28.81 0.95000
     1645  1.60 -28.71 0.95000
     1646  1.60 -28.61 0.95000
     1647  1.60 -28.51 0.95000
     1648  1.60 -28.41 0.95000
     1649  1.60 -28.31 0.95000
     1650  1.60 -28.21 0.95000
     1651  1.60 -28.11 0.95000
     1652  1.60 -28.01 0.95000
     1653  1.60 -27.91 0.95000
     1654  1.60 -27.81 0.95000
     1655  1.60 -27.71 0.95000
     1656  1.60 -27.61 0.95000
     1657  1.60 -27.51 0.95000
     1658  1.60 -27.41 0.95000
     1659  1.60 -27.31 0.95000
     1660  1.60 -27.21 0.95000
     1661  1.60 -27.11 0.95000
     1662  1.60 -27.01 0.95000
     1663  1.60 -26.91 0.95000
     1664  1.60 -26.81 0.95000
     1665  1.60 -26.71 0.95000
     1666  1.60 -26.61 0.95000
     1667  1.60 -26.51 0.95000
     1668  1.60 -26.41 0.95000
     1669  1.60 -26.31 0.95000
     1670  1.60 -26.21 0.95000
     1671  1.60 -26.11 0.95000
     1672  1.60 -26.01 0.95000
     1673  1.60 -25.91 0.95000
     1674  1.60 -25.81 0.95000
     1675  1.60 -25.71 0.95000
     1676  1.60 -25.61 0.95000
     1677  1.60 -25.51 0.95000
     1678  1.60 -25.41 0.95000
     1679  1.60 -25.31 0.95000
     1680  1.60 -25.21 0.95000
     1681  1.60 -25.10 0.95000
     1682  1.60 -25.00 0.95000
     1683  1.60 -24.90 0.95000
     1684  1.60 -24.80 0.95000
     1685  1.60 -24.70 0.95000
     1686  1.60 -24.60 0.00000
     1687  1.60 -24.50 0.00000
     1688  1.60 -24.40 0.00000
     1689  1.60 -24.30 0.00000
     1690  1.60 -24.20 0.00000
     1691  1.60 -24.10 0.00000
     1692  1.60 -24.00 0.00000
     1693  1.60 -23.90 0.00000
     1694  1.60 -23.80 0.00000
     1695  1.60 -23.70 0.00000
     1696  1.60 -23.60 0.00000
     1697  1.65 -28.88 0.95000
     1698  1.65 -28.78 0.95000
     1699  1.65 -28.68 0.95000
     1700  1.65 -28.58 0.95000
     1701  1.65 -28.48 0.95000
     1702  1.65 -28.38 0.95000
     1703  1.65 -28.28 0.95000
     1704  1.65 -28.18 0.95000
     1705  1.65 -28.08 0.95000
     1706  1.65 -27.98 0.95000
     1707  1.65 -27.88 0.95000
     1708  1.65 -27.78 0.95000
     1709  1.65 -27.68 0.95000
     1710  1.65 -27.58 0.95000
     1711  1.65 -27.48 0.95000
     1712  1.65 -27.38 0.95000
     1713  1.65 -27.28 0.95000
     1714  1.65 -27.18 0.95000
     1715  1.65 -27.08 0.95000
     1716  1.65 -26.98 0.95000
     1717  1.65 -26.88 0.95000
     1718  1.65 -26.78 0.95000
     1719  1.65 -26.68 0.95000
     1720  1.65 -26.58 0.95000
     1721  1.65 -26.48 0.95000
     1722  1.65 -26.38 0.95000
     1723  1.65 -26.28 0.95000
     1724  1.65 -26.18 0.95000
     1725  1.65 -26.08 0.95000
     1726  1.65 -25.98 0.95000
     1727  1.65 -25.88 0.95000
     1728  1.65 -25.78 0.95000
     1729  1.65 -25.68 0.95000
     1730  1.65 -25.58 0.95000
     1731  1.65 -25.48 0.95000
     1732  1.65 -25.38 0.95000
     1733  1.65 -25.28 0.95000
     1734  1.65 -25.18 0.95000
     1735  1.65 -25.08 0.95000
     1736  1.65 -24.98 0.95000
     1737  1.65 -24.88 0.95000
     1738  1.65 -24.78 0.95000
     1739  1.65 -24.68 0.00000
     1740  1.65 -24.58 0.00000
     1741  1.65 -24.47 0.00000
     1742  1.65 -24.37 0.00000
     1743  1.65 -24.27 0.00000
     1744  1.65 -24.17 0.00000
     1745  1.65 -24.07 0.00000
     1746  1.65 -23.97 0.00000
     1747  1.65 -23.87 0.00000
     1748  1.65 -23.77 0.00000
     1749  1.65 -23.67 0.00000
     1750  1.70 -28.95 0.95000
     1751  1.70 -28.85 0.95000
     1752  1.70 -28.75 0.95000
     1753  1.70 -28.65 0.95000
     1754  1.70 -28.55 0.95000
     1755  1.70 -28.45 0.95000
     1756  1.70 -28.35 0.95000
     1757  1.70 -28.25 0.95000
     1758  1.70 -28.15 0.95000
     1759  1.70 -28.05 0.95000
     1760  1.70 -27.95 0.95000
     1761  1.70 -27.85 0.95000
     1762  1.70 -27.75 0.95000
     1763  1.70 -27.65 0.95000
     1764  1.70 -27.55 0.95000
     1765  1.70 -27.45 0.95000
     1766  1.70 -27.35 0.95000
     1767  1.70 -27.25 0.95000
     1768  1.70 -27.15 0.95000
     1769  1.70 -27.05 0.95000
     1770  1.70 -26.95 0.95000
     1771  1.70 -26.85 0.95000
     1772  1.70 -26.75 0.95000
     1773  1.70 -26.65 0.95000
     1774  1.70 -26.55 0.95000
     1775  1.70 -26.45 0.95000
     1776  1.70 -26.35 0.95000
     1777  1.70 -26.25 0.95000
     1778  1.70 -26.15 0.95000
     1779  1.70 -26.05 0.95000
     1780  1.70 -25.95 0.95000
     1781  1.70 -25.85 0.95000
     1782  1.70 -25.74 0.95000
     1783  1.70 -25.64 0.95000
     1784  1.70 -25.54 0.95000
     1785  1.70 -25.44 0.95000
     1786  1.70 -25.34 0.95000
     1787  1.70 -25.24 0.95000
     1788  1.70 -25.14 0.95000
     1789  1.70 -25.04 0.95000
     1790  1.70 -24.94 0.95000
     1791  1.70 -24.84 0.95000
     1792  1.70 -24.74 0.00000
     1793  1.70 -24.64 0.00000
     1794  1.70 -24.54 0.00000
     1795  1.70 -24.44 0.00000
     1796  1.70 -24.34 0.00000
     1797  1.70 -24.24 0.00000
     1798  1.70 -24.14 0.00000
     1799  1.70 -24.04 0.00000
     1800  1.70 -23.94 0.00000
     1801  1.70 -23.84 0.00000
     1802  1.70 -23.74 0.00000
     1803  1.75 -29.01 0.95000
     1804  1.75 -28.91 0.95000
     1805  1.75 -28.81 0.95000
     1806  1.75 -28.71 0.95000
     1807  1.75 -28.61 0.95000
     1808  1.75 -28.51 0.95000
     1809  1.75 -28.41 0.95000
     1810  1.75 -28.31 0.95000
     1811  1.75 -28.21 0.95000
     1812  1.75 -28.11 0.95000
     1813  1.75 -28.01 0.95000
     1814  1.75 -27.91 0.95000
     1815  1.75 -27.81 0.95000
     1816  1.75 -27.71 0.95000
     1817  1.75 -27.61 0.95000
     1818  1.75 -27.51 0.95000
     1819  1.75 -27.41 0.95000
     1820  1.75 -27.31 0.95000
     1821  1.75 -27.21 0.95000
     1822  1.75 -27.11 0.95000
     1823  1.75 -27.01 0.95000
     1824  1.75 -26.91 0.95000
     1825  1.75 -26.81 0.95000
     1826  1.75 -26.71 0.95000
     1827  1.75 -26.61 0.95000
     1828  1.75 -26.51 0.95000
     1829  1.75 -26.41 0.95000
     1830  1.75 -26.31 0.95000
     1831  1.75 -26.21 0.95000
     1832  1.75 -26.11 0.95000
     1833  1.75 -26.01 0.95000
     1834  1.75 -25.91 0.95000
     1835  1.75 -25.81 0.95000
     1836  1.75 -25.71 0.95000
     1837  1.75 -25.61 0.95000
     1838  1.75 -25.51 0.95000
     1839  1.75 -25.41 0.95000
     1840  1.75 -25.31 0.95000
     1841  1.75 -25.21 0.95000
     1842  1.75 -25.11 0.95000
     1843  1.75 -25.01 0.95000
     1844  1.75 -24.91 0.95000
     1845  1.75 -24.81 0.00000
     1846  1.75 -24.71 0.00000
     1847  1.75 -24.61 0.00000
     1848  1.75 -24.51 0.00000
     1849  1.75 -24.41 0.00000
     1850  1.75 -24.30 0.00000
     1851  1.75 -24.20 0.00000
     1852  1.75 -24.10 0.00000
     1853  1.75 -24.00 0.00000
     1854  1.75 -23.90 0.00000
     1855  1.75 -23.80 0.00000
     1856  1.80 -29.07 0.95000
     1857  1.80 -28.97 0.95000
     1858  1.80 -28.87 0.95000
     1859  1.80 -28.77 0.95000
     1860  1.80 -28.67 0.95000
     1861  1.80 -28.57 0.95000
     1862  1.80 -28.47 0.95000
     1863  1.80 -28.37 0.95000
     1864  1.80 -28.27 0.95000
     1865  1.80 -28.17 0.95000
     1866  1.80 -28.07 0.95000
     1867  1.80 -27.97 0.95000
     1868  1.80 -27.87 0.95000
     1869  1.80 -27.77 0.95000
     1870  1.80 -27.67 0.95000
     1871  1.80 -27.57 0.95000
     1872  1.80 -27.47 0.95000
     1873  1.80 -27.37 0.95000
     1874  1.80 -27.27 0.95000
     1875  1.80 -27.17 0.95000
     1876  1.80 -27.07 0.95000
     1877  1.80 -26.97 0.95000
     1878  1.80 -26.87 0.95000
     1879  1.80 -26.77 0.95000
     1880  1.80 -26.67 0.95000
     1881  1.80 -26.57 0.95000
     1882  1.80 -26.47 0.95000
     1883  1.80 -26.37 0.95000
     1884  1.80 -26.27 0.95000
     1885  1.80 -26.17 0.95000
     1886  1.80 -26.07 0.95000
     1887  1.80 -25.97 0.95000
     1888  1.80 -25.87 0.95000
     1889  1.80 -25.77 0.95000
     1890  1.80 -25.67 0.95000
     1891  1.80 -25.57 0.95000
     1892  1.80 -25.47 0.95000
     1893  1.80 -25.37 0.95000
     1894  1.80 -25.27 0.95000
     1895  1.80 -25.17 0.95000
     1896  1.80 -25.07 0.95000
     1897  1.80 -24.97 0.95000
     1898  1.80 -24.87 0.00000
     1899  1.80 -24.77 0.00000
     1900  1.80 -24.67 0.00000
     1901  1.80 -24.57 0.00000
     1902  1.80 -24.47 0.00000
     1903  1.80 -24.37 0.00000
     1904  1.80 -24.27 0.00000
     1905  1.80 -24.17 0.00000
     1906  1.80 -24.07 0.00000
     1907  1.80 -23.97 0.00000
     1908  1.80 -23.87 0.00000
     1909  1.85 -29.14 0.95000
     1910  1.85 -29.04 0.95000
     1911  1.85 -28.94 0.95000
     1912  1.85 -28.84 0.95000
     1913  1.85 -28.74 0.95000
     1914  1.85 -28.64 0.95000
     1915  1.85 -28.54 0.95000
     1916  1.85 -28.44 0.95000
     1917  1.85 -28.34 0.95000
     1918  1.85 -28.24 0.95000
     1919  1.85 -28.14 0.95000
     1920  1.85 -28.04 0.95000
     1921  1.85 -27.94 0.95000
     1922  1.85 -27.84 0.95000
     1923  1.85 -27.74 0.95000
     1924  1.85 -27.64 0.95000
     1925  1.85 -27.54 0.95000
     1926  1.85 -27.44 0.95000
     1927  1.85 -27.34 0.95000
     1928  1.85 -27.24 0.95000
     1929  1.85 -27.14 0.95000
     1930  1.85 -27.04 0.95000
     1931  1.85 -26.94 0.95000
     1932  1.85 -26.84 0.95000
     1933  1.85 -26.74 0.95000
     1934  1.85 -26.64 0.95000
     1935  1.85 -26.54 0.95000
     1936  1.85 -26.44 0.95000
     1937  1.85 -26.34 0.95000
     1938  1.85 -26.24 0.95000
     1939  1.85 -26.14 0.95000
     1940  1.85 -26.04 0.95000
     1941  1.85 -25.93 0.95000
     1942  1.85 -25.83 0.95000
     1943  1.85 -25.73 0.95000
     1944  1.85 -25.63 0.95000
     1945  1.85 -25.53 0.95000
     1946  1.85 -25.43 0.95000
     1947  1.85 -25.33 0.95000
     1948  1.85 -25.23 0.95000
     1949  1.85 -25.13 0.95000
     1950  1.85 -25.03 0.95000
     1951  1.85 -24.93 0.00000
     1952  1.85 -24.83 0.00000
     1953  1.85 -24.73 0.00000
     1954  1.85 -24.63 0.00000
     1955  1.85 -24.53 0.00000
     1956  1.85 -24.43 0.00000
     1957  1.85 -24.33 0.00000
     1958  1.85 -24.23 0.00000
     1959  1.85 -24.13 0.00000
     1960  1.85 -24.03 0.00000
     1961  1.85 -23.93 0.00000
     1962  1.90 -29.20 0.95000
     1963  1.90 -29.10 0.95000
     1964  1.90 -29.00 0.95000
     1965  1.90 -28.90 0.95000
     1966  1.90 -28.80 0.95000
     1967  1.90 -28.70 0.95000
     1968  1.90 -28.60 0.95000
     1969  1.90 -28.50 0.95000
     1970  1.90 -28.40 0.95000
     1971  1.90 -28.30 0.95000
     1972  1.90 -28.20 0.95000
     1973  1.90 -28.10 0.95000
     1974  1.90 -28.00 0.95000
     1975  1.90 -27.90 0.95000
     1976  1.90 -27.80 0.95000
     1977  1.90 -27.70 0.95000
     1978  1.90 -27.60 0.95000
     1979  1.90 -27.50 0.95000
     1980  1.90 -27.40 0.95000
     1981  1.90 -27.30 0.95000
     1982  1.90 -27.20 0.95000
     1983  1.90 -27.10 0.95000
     1984  1.90 -27.00 0.95000
     1985  1.90 -26.90 0.95000
     1986  1.90 -26.80 0.95000
     1987  1.90 -26.70 0.95000
     1988  1.90 -26.60 0.95000
     1989  1.90 -26.50 0.95000
     1990  1.90 -26.40 0.95000
     1991  1.90 -26.30 0.95000
     1992  1.90 -26.20 0.95000
     1993  1.90 -26.10 0.95000
     1994  1.90 -26.00 0.95000
     1995  1.90 -25.90 0.95000
     1996  1.90 -25.80 0.95000
     1997  1.90 -25.70 0.95000
     1998  1.90 -25.60 0.95000
     1999  1.90 -25.50 0.95000
     2000  1.90 -25.40 0.95000
     2001  1.90 -25.30 0.95000
     2002  1.90 -25.20 0.95000
     2003  1.90 -25.10 0.95000
     2004  1.90 -25.00 0.00000
     2005  1.90 -24.90 0.00000
     2006  1.90 -24.80 0.00000
     2007  1.90 -24.70 0.00000
     2008  1.90 -24.60 0.00000
     2009  1.90 -24.50 0.00000
     2010  1.90 -24.40 0.00000
     2011  1.90 -24.30 0.00000
     2012  1.90 -24.20 0.00000
     2013  1.90 -24.10 0.00000
     2014  1.90 -24.00 0.00000
     2015  1.95 -29.28 0.95000
     2016  1.95 -29.18 0.95000
     2017  1.95 -29.08 0.95000
     2018  1.95 -28.98 0.95000
     2019  1.95 -28.88 0.95000
     2020  1.95 -28.78 0.95000
     2021  1.95 -28.68 0.95000
     2022  1.95 -28.58 0.95000
     2023  1.95 -28.48 0.95000
     2024  1.95 -28.38 0.95000
     2025  1.95 -28.28 0.95000
     2026  1.95 -28.18 0.95000
     2027  1.95 -28.08 0.95000
     2028  1.95 -27.98 0.95000
     2029  1.95 -27.88 0.95000
     2030  1.95 -27.78 0.95000
     2031  1.95 -27.68 0.95000
     2032  1.95 -27.58 0.95000
     2033  1.95 -27.48 0.95000
     2034  1.95 -27.38 0.95000
     2035  1.95 -27.28 0.95000
     2036  1.95 -27.18 0.95000
     2037  1.95 -27.08 0.95000
     2038  1.95 -26.98 0.95000
     2039  1.95 -26.88 0.95000
     2040  1.95 -26.78 0.95000
     2041  1.95 -26.68 0.95000
     2042  1.95 -26.58 0.95000
     2043  1.95 -26.48 0.95000
     2044  1.95 -26.38 0.95000
     2045  1.95 -26.28 0.95000
     2046  1.95 -26.18 0.95000
     2047  1.95 -26.08 0.95000
     2048  1.95 -25.98 0.95000
     2049  1.95 -25.88 0.95000
     2050  1.95 -25.78 0.95000
     2051  1.95 -25.68 0.95000
     2052  1.95 -25.58 0.95000
     2053  1.95 -25.48 0.95000
     2054  1.95 -25.38 0.95000
     2055  1.95 -25.28 0.95000
     2056  1.95 -25.18 0.95000
     2057  1.95 -25.08 0.00000
     2058  1.95 -24.98 0.00000
     2059  1.95 -24.88 0.00000
     2060  1.95 -24.78 0.00000
     2061  1.95 -24.68 0.00000
     2062  1.95 -24.58 0.00000
     2063  1.95 -24.48 0.00000
     2064  1.95 -24.38 0.00000
     2065  1.95 -24.28 0.00000
     2066  1.95 -24.18 0.00000
     2067  1.95 -24.08 0.00000
     2068  2.00 -29.35 0.95000
     2069  2.00 -29.25 0.95000
     2070  2.00 -29.15 0.95000
     2071  2.00 -29.05 0.95000
     2072  2.00 -28.95 0.95000
     2073  2.00 -28.85 0.95000
     2074  2.00 -28.75 0.95000
     2075  2.00 -28.65 0.95000
     2076  2.00 -28.55 0.95000
     2077  2.00 -28.45 0.95000
     2078  2.00 -28.35 0.95000
     2079  2.00 -28.25 0.95000
     2080  2.00 -28.15 0.95000
     2081  2.00 -28.05 0.95000
     2082  2.00 -27.95 0.95000
     2083  2.00 -27.85 0.95000
     2084  2.00 -27.75 0.95000
     2085  2.00 -27.65 0.95000
     2086  2.00 -27.55 0.95000
     2087  2.00 -27.45 0.95000
     2088  2.00 -27.35 0.95000
     2089  2.00 -27.25 0.95000
     2090  2.00 -27.15 0.95000
     2091  2.00 -27.05 0.95000
     2092  2.00 -26.95 0.95000
     2093  2.00 -26.85 0.95000
     2094  2.00 -26.75 0.95000
     2095  2.00 -26.65 0.95000
     2096  2.00 -26.55 0.95000
     2097  2.00 -26.45 0.95000
     2098  2.00 -26.35 0.95000
     2099  2.00 -26.25 0.95000
     2100  2.00 -26.15 0.95000
     2101  2.00 -26.05 0.95000
     2102  2.00 -25.95 0.95000
     2103  2.00 -25.85 0.95000
     2104  2.00 -25.75 0.95000
     2105  2.00 -25.65 0.95000
     2106  2.00 -25.55 0.95000
     2107  2.00 -25.45 0.95000
     2108  2.00 -25.35 0.95000
     2109  2.00 -25.25 0.95000
     2110  2.00 -25.15 0.00000
     2111  2.00 -25.05 0.00000
     2112  2.00 -24.95 0.00000
     2113  2.00 -24.85 0.00000
     2114  2.00 -24.75 0.00000
     2115  2.00 -24.65 0.00000
     2116  2.00 -24.55 0.00000
     2117  2.00 -24.45 0.00000
     2118  2.00 -24.35 0.00000
     2119  2.00 -24.25 0.00000
     2120  2.00 -24.15 0.00000
     2121  2.05 -29.41 0.95000
     2122  2.05 -29.31 0.95000
     2123  2.05 -29.21 0.95000
     2124  2.05 -29.11 0.95000
     2125  2.05 -29.01 0.95000
     2126  2.05 -28.91 0.95000
     2127  2.05 -28.81 0.95000
     2128  2.05 -28.71 0.95000
     2129  2.05 -28.61 0.95000
     2130  2.05 -28.51 0.95000
     2131  2.05 -28.41 0.95000
     2132  2.05 -28.31 0.95000
     2133  2.05 -28.21 0.95000
     2134  2.05 -28.11 0.95000
     2135  2.05 -28.01 0.95000
     2136  2.05 -27.91 0.95000
     2137  2.05 -27.81 0.95000
     2138  2.05 -27.71 0.95000
     2139  2.05 -27.61 0.95000
     2140  2.05 -27.51 0.95000
     2141  2.05 -27.41 0.95000
     2142  2.05 -27.31 0.95000
     2143  2.05 -27.21 0.95000
     2144  2.05 -27.11 0.95000
     2145  2.05 -27.01 0.95000
     2146  2.05 -26.91 0.95000
     2147  2.05 -26.81 0.95000
     2148  2.05 -26.71 0.95000
     2149  2.05 -26.61 0.95000
     2150  2.05 -26.51 0.95000
     2151  2.05 -26.41 0.95000
     2152  2.05 -26.31 0.95000
     2153  2.05 -26.21 0.95000
     2154  2.05 -26.11 0.95000
     2155  2.05 -26.01 0.95000
     2156  2.05 -25.91 0.95000
     2157  2.05 -25.81 0.95000
     2158  2.05 -25.71 0.95000
     2159  2.05 -25.61 0.95000
     2160  2.05 -25.51 0.95000
     2161  2.05 -25.41 0.95000
     2162  2.05 -25.31 0.95000
     2163  2.05 -25.21 0.00000
     2164  2.05 -25.11 0.00000
     2165  2.05 -25.01 0.00000
     2166  2.05 -24.91 0.00000
     2167  2.05 -24.81 0.00000
     2168  2.05 -24.71 0.00000
     2169  2.05 -24.61 0.00000
     2170  2.05 -24.51 0.00000
     2171  2.05 -24.41 0.00000
     2172  2.05 -24.31 0.00000
     2173  2.05 -24.21 0.00000
     2174  2.10 -29.47 0.94810
     2175  2.10 -29.37 0.94810
     2176  2.10 -29.27 0.94810
     2177  2.10 -29.17 0.94905
     2178  2.10 -29.07 0.94810
     2179  2.10 -28.97 0.94810
     2180  2.10 -28.87 0.94905
     2181  2.10 -28.77 0.94810
     2182  2.10 -28.67 0.94905
     2183  2.10 -28.57 0.94905
     2184  2.10 -28.47 0.94810
     2185  2.10 -28.37 0.94810
     2186  2.10 -28.27 0.94810
     2187  2.10 -28.17 0.94810
     2188  2.10 -28.07 0.94810
     2189  2.10 -27.97 0.94905
     2190  2.10 -27.87 0.94810
     2191  2.10 -27.77 0.94905
     2192  2.10 -27.67 0.94905
     2193  2.10 -27.57 0.94810
     2194  2.10 -27.47 0.94810
     2195  2.10 -27.37 0.94810
     2196  2.10 -27.27 0.94810
     2197  2.10 -27.17 0.95000
     2198  2.10 -27.07 0.94905
     2199  2.10 -26.97 0.94810
     2200  2.10 -26.87 0.95000
     2201  2.10 -26.77 0.95000
     2202  2.10 -26.67 0.94905
     2203  2.10 -26.57 0.94905
     2204  2.10 -26.47 0.94810
     2205  2.10 -26.37 0.94905
     2206  2.10 -26.27 0.94715
     2207  2.10 -26.17 0.94810
     2208  2.10 -26.07 0.94905
     2209  2.10 -25.97 0.94810
     2210  2.10 -25.87 0.94905
     2211  2.10 -25.77 0.94905
     2212  2.10 -25.67 0.94810
     2213  2.10 -25.57 0.94715
     2214  2.10 -25.47 0.94810
     2215  2.10 -25.37 0.94810
     2216  2.10 -25.27 0.00000
     2217  2.10 -25.17 0.00000
     2218  2.10 -25.07 0.00000
     2219  2.10 -24.97 0.00000
     2220  2.10 -24.87 0.00000
     2221  2.10 -24.77 0.00000
     2222  2.10 -24.67 0.00000
     2223  2.10 -24.57 0.00000
     2224  2.10 -24.47 0.00000
     2225  2.10 -24.37 0.00000
     2226  2.10 -24.27 0.00000
     2227  2.15 -29.53 0.94430
     2228  2.15 -29.43 0.94430
     2229  2.15 -29.33 0.94525
     2230  2.15 -29.23 0.94240
     2231  2.15 -29.13 0.94525
     2232  2.15 -29.03 0.94240
     2233  2.15 -28.93 0.94620
     2234  2.15 -28.83 0.94335
     2235  2.15 -28.73 0.94335
     2236  2.15 -28.63 0.94430
     2237  2.15 -28.53 0.94335
     2238  2.15 -28.43 0.94525
     2239  2.15 -28.33 0.94430
     2240  2.15 -28.23 0.94430
     2241  2.15 -28.13 0.94525
     2242  2.15 -28.03 0.94525
     2243  2.15 -27.93 0.94240
     2244  2.15 -27.83 0.94430
     2245  2.15 -27.73 0.94335
     2246  2.15 -27.63 0.94430
     2247  2.15 -27.53 0.94430
     2248  2.15 -27.43 0.94430
     2249  2.15 -27.33 0.94335
     2250  2.15 -27.23 0.94525
     2251  2.15 -27.13 0.94240
     2252  2.15 -27.03 0.94335
     2253  2.15 -26.93 0.94335
     2254  2.15 -26.83 0.94335
     2255  2.15 -26.73 0.94240
     2256  2.15 -26.63 0.94335
     2257  2.15 -26.53 0.94430
     2258  2.15 -26.43 0.94335
     2259  2.15 -26.33 0.94335
     2260  2.15 -26.23 0.94240
     2261  2.15 -26.13 0.94240
     2262  2.15 -26.03 0.94145
     2263  2.15 -25.93 0.94620
     2264  2.15 -25.83 0.94240
     2265  2.15 -25.73 0.94240
     2266  2.15 -25.63 0.94145
     2267  2.15 -25.53 0.94145
     2268  2.15 -25.43 0.94145
     2269  2.15 -25.33 0.00000
     2270  2.15 -25.23 0.00000
     2271  2.15 -25.12 0.00000
     2272  2.15 -25.02 0.00000
     2273  2.15 -24.92 0.00000
     2274  2.15 -24.82 0.00000
     2275  2.15 -24.72 0.00000
     2276  2.15 -24.62 0.00000
     2277  2.15 -24.52 0.00000
     2278  2.15 -24.42 0.00000
     2279  2.15 -24.32 0.00000
     2280  2.20 -29.58 0.92815
     2281  2.20 -29.48 0.92815
     2282  2.20 -29.38 0.92720
     2283  2.20 -29.28 0.92815
     2284  2.20 -29.18 0.92910
     2285  2.20 -29.08 0.93005
     2286  2.20 -28.98 0.92815
     2287  2.20 -28.88 0.92815
     2288  2.20 -28.78 0.92910
     2289  2.20 -28.68 0.93195
     2290  2.20 -28.58 0.92910
     2291  2.20 -28.48 0.92815
     2292  2.20 -28.38 0.92910
     2293  2.20 -28.28 0.92815
     2294  2.20 -28.18 0.92910
     2295  2.20 -28.08 0.92815
     2296  2.20 -27.98 0.92720
     2297  2.20 -27.88 0.92720
     2298  2.20 -27.78 0.92910
     2299  2.20 -27.68 0.92910
     2300  2.20 -27.58 0.92720
     2301  2.20 -27.48 0.93100
     2302  2.20 -27.38 0.92815
     2303  2.20 -27.28 0.92815
     2304  2.20 -27.18 0.93005
     2305  2.20 -27.08 0.92530
     2306  2.20 -26.98 0.92910
     2307  2.20 -26.88 0.92720
     2308  2.20 -26.78 0.92815
     2309  2.20 -26.68 0.92720
     2310  2.20 -26.58 0.92625
     2311  2.20 -26.48 0.92625
     2312  2.20 -26.38 0.92910
     2313  2.20 -26.28 0.92530
     2314  2.20 -26.18 0.92815
     2315  2.20 -26.08 0.92910
     2316  2.20 -25.98 0.92625
     2317  2.20 -25.88 0.92150
     2318  2.20 -25.78 0.92530
     2319  2.20 -25.68 0.92340
     2320  2.20 -25.58 0.92435
     2321  2.20 -25.48 0.92435
     2322  2.20 -25.38 0.00000
     2323  2.20 -25.28 0.00000
     2324  2.20 -25.18 0.00000
     2325  2.20 -25.08 0.00000
     2326  2.20 -24.98 0.00000
     2327  2.20 -24.88 0.00000
     2328  2.20 -24.78 0.00000
     2329  2.20 -24.68 0.00000
     2330  2.20 -24.58 0.00000
     2331  2.20 -24.48 0.00000
     2332  2.20 -24.38 0.00000
     2333  2.25 -29.64 0.89015
     2334  2.25 -29.54 0.88920
     2335  2.25 -29.44 0.89395
     2336  2.25 -29.34 0.89015
     2337  2.25 -29.24 0.89110
     2338  2.25 -29.14 0.89300
     2339  2.25 -29.04 0.89205
     2340  2.25 -28.94 0.89015
     2341  2.25 -28.84 0.89395
     2342  2.25 -28.74 0.88920
     2343  2.25 -28.64 0.89585
     2344  2.25 -28.54 0.89015
     2345  2.25 -28.44 0.89110
     2346  2.25 -28.34 0.88825
     2347  2.25 -28.24 0.88635
     2348  2.25 -28.14 0.88730
     2349  2.25 -28.04 0.88825
     2350  2.25 -27.94 0.89110
     2351  2.25 -27.84 0.89205
     2352  2.25 -27.74 0.89015
     2353  2.25 -27.64 0.89585
     2354  2.25 -27.54 0.88635
     2355  2.25 -27.44 0.88920
     2356  2.25 -27.34 0.89015
     2357  2.25 -27.24 0.89015
     2358  2.25 -27.14 0.88255
     2359  2.25 -27.04 0.88065
     2360  2.25 -26.94 0.88350
     2361  2.25 -26.84 0.88920
     2362  2.25 -26.74 0.87970
     2363  2.25 -26.64 0.87970
     2364  2.25 -26.54 0.87970
     2365  2.25 -26.44 0.87305
     2366  2.25 -26.34 0.87495
     2367  2.25 -26.24 0.87590
     2368  2.25 -26.14 0.87115
     2369  2.25 -26.04 0.86070
     2370  2.25 -25.94 0.86070
     2371  2.25 -25.84 0.85690
     2372  2.25 -25.74 0.85215
     2373  2.25 -25.64 0.84360
     2374  2.25 -25.54 0.84360
     2375  2.25 -25.44 0.00000
     2376  2.25 -25.34 0.00000
     2377  2.25 -25.24 0.00000
     2378  2.25 -25.14 0.00000
     2379  2.25 -25.04 0.00000
     2380  2.25 -24.94 0.00000
     2381  2.25 -24.84 0.00000
     2382  2.25 -24.74 0.00095
     2383  2.25 -24.64 0.00000
     2384  2.25 -24.54 0.00000
     2385  2.25 -24.44 0.00000
     2386  2.30 -29.69 0.85500
     2387  2.30 -29.59 0.85215
     2388  2.30 -29.49 0.85595
     2389  2.30 -29.39 0.85595
     2390  2.30 -29.29 0.84835
     2391  2.30 -29.19 0.85310
     2392  2.30 -29.09 0.85595
     2393  2.30 -28.99 0.84835
     2394  2.30 -28.89 0.85310
     2395  2.30 -28.79 0.85405
     2396  2.30 -28.69 0.85215
     2397  2.30 -28.59 0.85405
     2398  2.30 -28.49 0.85310
     2399  2.30 -28.39 0.84930
     2400  2.30 -28.29 0.84930
     2401  2.30 -28.19 0.85310
     2402  2.30 -28.09 0.85025
     2403  2.30 -27.99 0.85500
     2404  2.30 -27.89 0.84740
     2405  2.30 -27.79 0.84360
     2406  2.30 -27.69 0.84930
     2407  2.30 -27.59 0.85690
     2408  2.30 -27.49 0.85310
     2409  2.30 -27.39 0.83315
     2410  2.30 -27.29 0.84740
     2411  2.30 -27.19 0.84360
     2412  2.30 -27.09 0.84550
     2413  2.30 -26.99 0.84075
     2414  2.30 -26.89 0.84075
     2415  2.30 -26.79 0.82840
     2416  2.30 -26.69 0.82555
     2417  2.30 -26.59 0.82365
     2418  2.30 -26.49 0.81700
     2419  2.30 -26.39 0.82650
     2420  2.30 -26.29 0.81035
     2421  2.30 -26.19 0.78280
     2422  2.30 -26.09 0.80180
     2423  2.30 -25.99 0.78090
     2424  2.30 -25.89 0.76950
     2425  2.30 -25.79 0.77235
     2426  2.30 -25.69 0.77425
     2427  2.30 -25.59 0.77425
     2428  2.30 -25.49 0.00000
     2429  2.30 -25.39 0.00000
     2430  2.30 -25.29 0.00000
     2431  2.30 -25.19 0.00000
     2432  2.30 -25.09 0.00000
     2433  2.30 -24.99 0.00000
     2434  2.30 -24.89 0.00000
     2435  2.30 -24.79 0.00000
     2436  2.30 -24.69 0.00000
     2437  2.30 -24.59 0.00000
     2438  2.30 -24.49 0.00000
     2439  2.35 -29.74 0.81225
     2440  2.35 -29.64 0.80370
     2441  2.35 -29.54 0.81320
     2442  2.35 -29.44 0.80655
     2443  2.35 -29.34 0.81225
     2444  2.35 -29.24 0.81035
     2445  2.35 -29.14 0.81130
     2446  2.35 -29.04 0.80845
     2447  2.35 -28.94 0.81225
     2448  2.35 -28.84 0.80180
     2449  2.35 -28.74 0.80940
     2450  2.35 -28.64 0.80655
     2451  2.35 -28.54 0.81035
     2452  2.35 -28.44 0.80370
     2453  2.35 -28.34 0.81035
     2454  2.35 -28.24 0.80655
     2455  2.35 -28.14 0.81130
     2456  2.35 -28.04 0.81225
     2457  2.35 -27.94 0.80845
     2458  2.35 -27.84 0.80465
     2459  2.35 -27.74 0.81130
     2460  2.35 -27.64 0.79895
     2461  2.35 -27.54 0.80750
     2462  2.35 -27.44 0.79895
     2463  2.35 -27.34 0.80465
     2464  2.35 -27.24 0.78945
     2465  2.35 -27.14 0.78375
     2466  2.35 -27.04 0.79515
     2467  2.35 -26.94 0.77805
     2468  2.35 -26.84 0.78470
     2469  2.35 -26.74 0.78280
     2470  2.35 -26.64 0.76380
     2471  2.35 -26.54 0.77900
     2472  2.35 -26.44 0.76570
     2473  2.35 -26.34 0.75145
     2474  2.35 -26.24 0.74955
     2475  2.35 -26.14 0.73055
     2476  2.35 -26.04 0.72675
     2477  2.35 -25.94 0.70585
     2478  2.35 -25.84 0.69635
     2479  2.35 -25.74 0.67830
     2480  2.35 -25.64 0.67830
     2481  2.35 -25.54 0.00000
     2482  2.35 -25.44 0.00095
     2483  2.35 -25.34 0.00000
     2484  2.35 -25.24 0.00000
     2485  2.35 -25.14 0.00000
     2486  2.35 -25.04 0.00000
     2487  2.35 -24.94 0.00000
     2488  2.35 -24.84 0.00095
     2489  2.35 -24.74 0.00000
     2490  2.35 -24.64 0.00095
     2491  2.35 -24.54 0.00000
     2492  2.40 -29.79 0.78470
     2493  2.40 -29.69 0.77710
     2494  2.40 -29.59 0.77330
     2495  2.40 -29.49 0.78375
     2496  2.40 -29.39 0.77520
     2497  2.40 -29.29 0.78090
     2498  2.40 -29.19 0.78185
     2499  2.40 -29.09 0.77995
     2500  2.40 -28.99 0.78470
     2501  2.40 -28.89 0.77710
     2502  2.40 -28.79 0.77615
     2503  2.40 -28.69 0.78090
     2504  2.40 -28.59 0.76950
     2505  2.40 -28.49 0.77330
     2506  2.40 -28.39 0.77995
     2507  2.40 -28.29 0.77710
     2508  2.40 -28.19 0.77710
     2509  2.40 -28.09 0.77900
     2510  2.40 -27.99 0.77710
     2511  2.40 -27.89 0.77330
     2512  2.40 -27.79 0.77520
     2513  2.40 -27.69 0.77520
     2514  2.40 -27.59 0.75905
     2515  2.40 -27.49 0.76760
     2516  2.40 -27.39 0.76190
     2517  2.40 -27.29 0.76000
     2518  2.40 -27.19 0.75430
     2519  2.40 -27.09 0.76380
     2520  2.40 -26.99 0.76570
     2521  2.40 -26.89 0.74765
     2522  2.40 -26.79 0.73625
     2523  2.40 -26.69 0.73910
     2524  2.40 -26.59 0.74005
     2525  2.40 -26.49 0.73340
     2526  2.40 -26.39 0.73340
     2527  2.40 -26.29 0.71915
     2528  2.40 -26.19 0.71060
     2529  2.40 -26.09 0.70015
     2530  2.40 -25.99 0.68685
     2531  2.40 -25.89 0.66975
     2532  2.40 -25.79 0.67165
     2533  2.40 -25.69 0.67165
     2534  2.40 -25.59 0.00095
     2535  2.40 -25.49 0.00095
     2536  2.40 -25.39 0.00095
     2537  2.40 -25.29 0.00095
     2538  2.40 -25.19 0.00095
     2539  2.40 -25.09 0.00095
     2540  2.40 -24.99 0.00095
     2541  2.40 -24.89 0.00095
     2542  2.40 -24.79 0.00000
     2543  2.40 -24.69 0.00095
     2544  2.40 -24.59 0.00000
     2545  2.45 -29.85 0.80275
     2546  2.45 -29.75 0.80370
     2547  2.45 -29.65 0.79515
     2548  2.45 -29.55 0.79800
     2549  2.45 -29.45 0.79800
     2550  2.45 -29.35 0.79610
     2551  2.45 -29.25 0.79040
     2552  2.45 -29.15 0.79800
     2553  2.45 -29.05 0.79515
     2554  2.45 -28.95 0.79990
     2555  2.45 -28.85 0.79800
     2556  2.45 -28.75 0.78470
     2557  2.45 -28.65 0.79135
     2558  2.45 -28.55 0.78565
     2559  2.45 -28.45 0.79325
     2560  2.45 -28.35 0.79230
     2561  2.45 -28.25 0.79135
     2562  2.45 -28.15 0.78945
     2563  2.45 -28.05 0.79325
     2564  2.45 -27.95 0.79515
     2565  2.45 -27.85 0.79230
     2566  2.45 -27.75 0.78945
     2567  2.45 -27.65 0.79420
     2568  2.45 -27.55 0.78090
     2569  2.45 -27.45 0.77235
     2570  2.45 -27.35 0.77805
     2571  2.45 -27.25 0.76760
     2572  2.45 -27.15 0.76475
     2573  2.45 -27.05 0.76285
     2574  2.45 -26.95 0.76190
     2575  2.45 -26.85 0.75240
     2576  2.45 -26.75 0.75240
     2577  2.45 -26.64 0.74385
     2578  2.45 -26.54 0.74955
     2579  2.45 -26.44 0.74670
     2580  2.45 -26.34 0.72200
     2581  2.45 -26.24 0.74575
     2582  2.45 -26.14 0.71535
     2583  2.45 -26.04 0.67070
     2584  2.45 -25.94 0.66785
     2585  2.45 -25.84 0.65930
     2586  2.45 -25.74 0.65930
     2587  2.45 -25.64 0.00095
     2588  2.45 -25.54 0.00095
     2589  2.45 -25.44 0.00095
     2590  2.45 -25.34 0.00095
     2591  2.45 -25.24 0.00095
     2592  2.45 -25.14 0.00190
     2593  2.45 -25.04 0.00000
     2594  2.45 -24.94 0.00000
     2595  2.45 -24.84 0.00095
     2596  2.45 -24.74 0.00095
     2597  2.45 -24.64 0.00000
     2598  2.50 -29.89 0.73625
     2599  2.50 -29.79 0.73055
     2600  2.50 -29.69 0.72675
     2601  2.50 -29.59 0.73340
     2602  2.50 -29.49 0.73625
     2603  2.50 -29.39 0.72390
     2604  2.50 -29.29 0.73435
     2605  2.50 -29.19 0.72960
     2606  2.50 -29.09 0.73245
     2607  2.50 -28.99 0.72960
     2608  2.50 -28.89 0.73910
     2609  2.50 -28.79 0.73815
     2610  2.50 -28.69 0.72770
     2611  2.50 -28.59 0.72675
     2612  2.50 -28.49 0.72675
     2613  2.50 -28.39 0.73245
     2614  2.50 -28.29 0.73150
     2615  2.50 -28.19 0.72960
     2616  2.50 -28.09 0.73245
     2617  2.50 -27.99 0.72770
     2618  2.50 -27.89 0.72865
     2619  2.50 -27.79 0.72105
     2620  2.50 -27.69 0.72010
     2621  2.50 -27.59 0.72010
     2622  2.50 -27.49 0.72485
     2623  2.50 -27.39 0.72770
     2624  2.50 -27.29 0.70870
     2625  2.50 -27.19 0.70965
     2626  2.50 -27.09 0.70680
     2627  2.50 -26.99 0.71535
     2628  2.50 -26.89 0.70680
     2629  2.50 -26.79 0.70395
     2630  2.50 -26.69 0.71440
     2631  2.50 -26.59 0.70110
     2632  2.50 -26.49 0.68115
     2633  2.50 -26.39 0.68020
     2634  2.50 -26.29 0.69825
     2635  2.50 -26.19 0.67925
     2636  2.50 -26.09 0.68305
     2637  2.50 -25.99 0.66120
     2638  2.50 -25.89 0.63555
     2639  2.50 -25.79 0.63555
     2640  2.50 -25.69 0.00095
     2641  2.50 -25.59 0.00095
     2642  2.50 -25.49 0.00000
     2643  2.50 -25.39 0.00095
     2644  2.50 -25.29 0.00095
     2645  2.50 -25.19 0.00190
     2646  2.50 -25.09 0.00000
     2647  2.50 -24.99 0.00000
     2648  2.50 -24.89 0.00095
     2649  2.50 -24.79 0.00190
     2650  2.50 -24.69 0.00000
     2651  2.55 -29.94 0.62225
     2652  2.55 -29.84 0.63080
     2653  2.55 -29.74 0.62795
     2654  2.55 -29.64 0.62985
     2655  2.55 -29.54 0.63555
     2656  2.55 -29.44 0.62605
     2657  2.55 -29.34 0.63080
     2658  2.55 -29.24 0.62890
     2659  2.55 -29.14 0.62700
     2660  2.55 -29.04 0.62890
     2661  2.55 -28.94 0.63175
     2662  2.55 -28.84 0.62225
     2663  2.55 -28.74 0.63080
     2664  2.55 -28.64 0.62890
     2665  2.55 -28.54 0.62225
     2666  2.55 -28.44 0.62605
     2667  2.55 -28.34 0.62130
     2668  2.55 -28.24 0.62605
     2669  2.55 -28.14 0.62320
     2670  2.55 -28.04 0.61655
     2671  2.55 -27.94 0.60895
     2672  2.55 -27.84 0.62035
     2673  2.55 -27.74 0.62320
     2674  2.55 -27.64 0.61655
     2675  2.55 -27.54 0.61370
     2676  2.55 -27.44 0.62415
     2677  2.55 -27.34 0.60895
     2678  2.55 -27.24 0.60705
     2679  2.55 -27.14 0.60610
     2680  2.55 -27.04 0.58425
     2681  2.55 -26.94 0.59755
     2682  2.55 -26.84 0.60230
     2683  2.55 -26.74 0.58995
     2684  2.55 -26.64 0.59755
     2685  2.55 -26.54 0.58710
     2686  2.55 -26.44 0.57855
     2687  2.55 -26.34 0.58425
     2688  2.55 -26.24 0.56335
     2689  2.55 -26.14 0.55195
     2690  2.55 -26.04 0.53865
     2691  2.55 -25.94 0.55195
     2692  2.55 -25.84 0.55195
     2693  2.55 -25.74 0.00000
     2694  2.55 -25.64 0.00000
     2695  2.55 -25.54 0.00000
     2696  2.55 -25.44 0.00000
     2697  2.55 -25.34 0.00000
     2698  2.55 -25.24 0.00000
     2699  2.55 -25.14 0.00095
     2700  2.55 -25.04 0.00000
     2701  2.55 -24.94 0.00000
     2702  2.55 -24.84 0.00000
     2703  2.55 -24.73 0.00000
     2704  2.60 -29.97 0.30020
     2705  2.60 -29.87 0.30115
     2706  2.60 -29.77 0.30020
     2707  2.60 -29.67 0.30875
     2708  2.60 -29.57 0.31065
     2709  2.60 -29.47 0.30685
     2710  2.60 -29.37 0.31255
     2711  2.60 -29.27 0.29450
     2712  2.60 -29.17 0.30020
     2713  2.60 -29.07 0.30400
     2714  2.60 -28.97 0.30305
     2715  2.60 -28.87 0.30020
     2716  2.60 -28.77 0.30020
     2717  2.60 -28.67 0.29450
     2718  2.60 -28.57 0.30780
     2719  2.60 -28.47 0.30210
     2720  2.60 -28.37 0.30495
     2721  2.60 -28.27 0.29355
     2722  2.60 -28.17 0.30685
     2723  2.60 -28.07 0.30305
     2724  2.60 -27.97 0.30020
     2725  2.60 -27.87 0.30400
     2726  2.60 -27.77 0.29545
     2727  2.60 -27.67 0.28500
     2728  2.60 -27.57 0.29545
     2729  2.60 -27.47 0.28880
     2730  2.60 -27.37 0.28500
     2731  2.60 -27.27 0.29640
     2732  2.60 -27.17 0.28310
     2733  2.60 -27.07 0.28975
     2734  2.60 -26.97 0.27550
     2735  2.60 -26.87 0.28500
     2736  2.60 -26.77 0.28310
     2737  2.60 -26.67 0.27170
     2738  2.60 -26.57 0.25460
     2739  2.60 -26.47 0.26600
     2740  2.60 -26.37 0.27265
     2741  2.60 -26.27 0.26980
     2742  2.60 -26.17 0.25745
     2743  2.60 -26.07 0.24130
     2744  2.60 -25.97 0.24320
     2745  2.60 -25.87 0.24320
     2746  2.60 -25.77 0.00285
     2747  2.60 -25.67 0.00095
     2748  2.60 -25.57 0.00095
     2749  2.60 -25.47 0.00285
     2750  2.60 -25.37 0.00190
     2751  2.60 -25.27 0.00095
     2752  2.60 -25.17 0.00095
     2753  2.60 -25.07 0.00190
     2754  2.60 -24.97 0.00285
     2755  2.60 -24.87 0.00190
     2756  2.60 -24.77 0.00000
     2757  2.65 -29.99 0.11685
     2758  2.65 -29.89 0.12160
     2759  2.65 -29.79 0.11970
     2760  2.65 -29.69 0.11495
     2761  2.65 -29.59 0.11875
     2762  2.65 -29.49 0.12160
     2763  2.65 -29.39 0.11590
     2764  2.65 -29.29 0.11875
     2765  2.65 -29.19 0.11780
     2766  2.65 -29.09 0.12065
     2767  2.65 -28.99 0.11210
     2768  2.65 -28.89 0.11020
     2769  2.65 -28.79 0.10925
     2770  2.65 -28.69 0.10830
     2771  2.65 -28.59 0.11210
     2772  2.65 -28.49 0.10925
     2773  2.65 -28.39 0.11495
     2774  2.65 -28.29 0.11305
     2775  2.65 -28.19 0.10735
     2776  2.65 -28.09 0.11210
     2777  2.65 -27.99 0.11210
     2778  2.65 -27.89 0.11115
     2779  2.65 -27.79 0.11590
     2780  2.65 -27.69 0.11685
     2781  2.65 -27.59 0.10830
     2782  2.65 -27.49 0.11495
     2783  2.65 -27.39 0.10735
     2784  2.65 -27.29 0.10545
     2785  2.65 -27.19 0.10165
     2786  2.65 -27.09 0.10450
     2787  2.65 -26.99 0.09500
     2788  2.65 -26.89 0.10545
     2789  2.65 -26.79 0.10925
     2790  2.65 -26.69 0.10545
     2791  2.65 -26.59 0.10450
     2792  2.65 -26.49 0.09025
     2793  2.65 -26.39 0.10165
     2794  2.65 -26.29 0.09215
     2795  2.65 -26.19 0.09025
     2796  2.65 -26.09 0.09025
     2797  2.65 -25.99 0.09500
     2798  2.65 -25.89 0.09500
     2799  2.65 -25.79 0.00000
     2800  2.65 -25.69 0.00190
     2801  2.65 -25.59 0.00000
     2802  2.65 -25.49 0.00190
     2803  2.65 -25.39 0.00095
     2804  2.65 -25.29 0.00190
     2805  2.65 -25.19 0.00000
     2806  2.65 -25.09 0.00190
     2807  2.65 -24.99 0.00095
     2808  2.65 -24.89 0.00190
     2809  2.65 -24.79 0.00000
