# SDSS selection function (Richards et al. 2006), z>3.6
# M1450 computed with Beta's template, K correction uncertain at z>4.7 (Lya emission and forest in i band)
# selection function corrected for photometric incompleteness
# z>4.7 selection function differs significantly (factor ~2) from McGreer et al. 2013
# counter  z    M1450  p
        1  3.65 -30.65 0.95000
        2  3.65 -30.55 0.95000
        3  3.65 -30.45 0.94525
        4  3.65 -30.35 0.94525
        5  3.65 -30.25 0.94525
        6  3.65 -30.15 0.94525
        7  3.65 -30.05 0.94525
        8  3.65 -29.95 0.94525
        9  3.65 -29.85 0.94525
       10  3.65 -29.75 0.94525
       11  3.65 -29.65 0.94525
       12  3.65 -29.55 0.94525
       13  3.65 -29.45 0.94525
       14  3.65 -29.35 0.94525
       15  3.65 -29.25 0.94525
       16  3.65 -29.15 0.94525
       17  3.65 -29.05 0.94525
       18  3.65 -28.95 0.94525
       19  3.65 -28.85 0.94525
       20  3.65 -28.75 0.94525
       21  3.65 -28.65 0.94525
       22  3.65 -28.55 0.94050
       23  3.65 -28.45 0.94050
       24  3.65 -28.35 0.93575
       25  3.65 -28.25 0.94525
       26  3.65 -28.15 0.94050
       27  3.65 -28.05 0.94050
       28  3.65 -27.95 0.93575
       29  3.65 -27.85 0.93575
       30  3.65 -27.75 0.93575
       31  3.65 -27.65 0.94050
       32  3.65 -27.55 0.93100
       33  3.65 -27.45 0.92625
       34  3.65 -27.35 0.94525
       35  3.65 -27.25 0.94050
       36  3.65 -27.15 0.92625
       37  3.65 -27.05 0.92150
       38  3.65 -26.95 0.91675
       39  3.65 -26.85 0.91770
       40  3.65 -26.75 0.88350
       41  3.65 -26.65 0.89585
       42  3.65 -26.55 0.86925
       43  3.65 -26.45 0.88445
       44  3.65 -26.35 0.84930
       45  3.65 -26.25 0.84170
       46  3.65 -26.15 0.82175
       47  3.65 -26.05 0.80940
       48  3.65 -25.95 0.81130
       49  3.65 -25.85 0.79800
       50  3.65 -25.75 0.78375
       51  3.65 -25.65 0.76380
       52  3.65 -25.55 0.75905
       53  3.65 -25.45 0.75905
       54  3.70 -30.68 0.94525
       55  3.70 -30.58 0.95000
       56  3.70 -30.48 0.95000
       57  3.70 -30.38 0.95000
       58  3.70 -30.28 0.95000
       59  3.70 -30.18 0.95000
       60  3.70 -30.08 0.95000
       61  3.70 -29.98 0.94525
       62  3.70 -29.88 0.95000
       63  3.70 -29.78 0.94525
       64  3.70 -29.68 0.95000
       65  3.70 -29.58 0.95000
       66  3.70 -29.48 0.95000
       67  3.70 -29.38 0.95000
       68  3.70 -29.28 0.94525
       69  3.70 -29.18 0.94525
       70  3.70 -29.08 0.95000
       71  3.70 -28.98 0.94525
       72  3.70 -28.88 0.95000
       73  3.70 -28.78 0.95000
       74  3.70 -28.68 0.94525
       75  3.70 -28.58 0.94525
       76  3.70 -28.48 0.94525
       77  3.70 -28.38 0.94525
       78  3.70 -28.28 0.94525
       79  3.70 -28.18 0.94525
       80  3.70 -28.08 0.95000
       81  3.70 -27.98 0.94525
       82  3.70 -27.88 0.95000
       83  3.70 -27.78 0.94525
       84  3.70 -27.68 0.94525
       85  3.70 -27.58 0.95000
       86  3.70 -27.48 0.94525
       87  3.70 -27.38 0.94525
       88  3.70 -27.28 0.94525
       89  3.70 -27.18 0.94525
       90  3.70 -27.08 0.94050
       91  3.70 -26.98 0.94525
       92  3.70 -26.88 0.94525
       93  3.70 -26.78 0.93575
       94  3.70 -26.68 0.94525
       95  3.70 -26.58 0.93100
       96  3.70 -26.48 0.93100
       97  3.70 -26.38 0.92625
       98  3.70 -26.28 0.93575
       99  3.70 -26.18 0.92245
      100  3.70 -26.08 0.91295
      101  3.70 -25.98 0.93005
      102  3.70 -25.88 0.91770
      103  3.70 -25.78 0.89395
      104  3.70 -25.68 0.89585
      105  3.70 -25.58 0.87210
      106  3.70 -25.48 0.87210
      107  3.75 -30.72 0.94525
      108  3.75 -30.62 0.94525
      109  3.75 -30.52 0.94525
      110  3.75 -30.42 0.94525
      111  3.75 -30.32 0.94525
      112  3.75 -30.22 0.94525
      113  3.75 -30.12 0.94525
      114  3.75 -30.02 0.94525
      115  3.75 -29.92 0.94525
      116  3.75 -29.82 0.94525
      117  3.75 -29.72 0.94525
      118  3.75 -29.62 0.94525
      119  3.75 -29.52 0.94525
      120  3.75 -29.42 0.94525
      121  3.75 -29.32 0.94525
      122  3.75 -29.22 0.94525
      123  3.75 -29.12 0.94525
      124  3.75 -29.02 0.94525
      125  3.75 -28.92 0.94525
      126  3.75 -28.82 0.94525
      127  3.75 -28.72 0.94525
      128  3.75 -28.62 0.94525
      129  3.75 -28.52 0.94525
      130  3.75 -28.42 0.94525
      131  3.75 -28.32 0.94525
      132  3.75 -28.22 0.94525
      133  3.75 -28.12 0.94525
      134  3.75 -28.02 0.94525
      135  3.75 -27.92 0.94525
      136  3.75 -27.82 0.94525
      137  3.75 -27.72 0.94525
      138  3.75 -27.62 0.94525
      139  3.75 -27.52 0.94525
      140  3.75 -27.42 0.94525
      141  3.75 -27.32 0.94525
      142  3.75 -27.22 0.94050
      143  3.75 -27.12 0.94525
      144  3.75 -27.02 0.94050
      145  3.75 -26.92 0.93575
      146  3.75 -26.82 0.94525
      147  3.75 -26.72 0.94050
      148  3.75 -26.62 0.94050
      149  3.75 -26.52 0.93195
      150  3.75 -26.42 0.93575
      151  3.75 -26.32 0.94050
      152  3.75 -26.22 0.91200
      153  3.75 -26.12 0.93100
      154  3.75 -26.02 0.91675
      155  3.75 -25.92 0.88635
      156  3.75 -25.82 0.92150
      157  3.75 -25.72 0.91580
      158  3.75 -25.62 0.88065
      159  3.75 -25.52 0.88065
      160  3.80 -30.75 0.94525
      161  3.80 -30.65 0.94525
      162  3.80 -30.55 0.94525
      163  3.80 -30.45 0.94525
      164  3.80 -30.35 0.94525
      165  3.80 -30.25 0.94525
      166  3.80 -30.15 0.94525
      167  3.80 -30.05 0.94525
      168  3.80 -29.95 0.94525
      169  3.80 -29.85 0.94525
      170  3.80 -29.75 0.94525
      171  3.80 -29.65 0.94525
      172  3.80 -29.55 0.94525
      173  3.80 -29.45 0.94525
      174  3.80 -29.35 0.94525
      175  3.80 -29.25 0.94525
      176  3.80 -29.15 0.94525
      177  3.80 -29.05 0.94525
      178  3.80 -28.95 0.94525
      179  3.80 -28.85 0.94525
      180  3.80 -28.75 0.94525
      181  3.80 -28.65 0.94525
      182  3.80 -28.55 0.94525
      183  3.80 -28.45 0.94525
      184  3.80 -28.35 0.94525
      185  3.80 -28.25 0.94525
      186  3.80 -28.15 0.94525
      187  3.80 -28.05 0.94525
      188  3.80 -27.95 0.94525
      189  3.80 -27.85 0.94525
      190  3.80 -27.75 0.94525
      191  3.80 -27.65 0.94525
      192  3.80 -27.55 0.94525
      193  3.80 -27.45 0.94525
      194  3.80 -27.35 0.94525
      195  3.80 -27.25 0.94525
      196  3.80 -27.15 0.94525
      197  3.80 -27.05 0.94525
      198  3.80 -26.95 0.94525
      199  3.80 -26.85 0.94050
      200  3.80 -26.75 0.94050
      201  3.80 -26.65 0.94525
      202  3.80 -26.55 0.94050
      203  3.80 -26.45 0.95000
      204  3.80 -26.35 0.94525
      205  3.80 -26.25 0.93575
      206  3.80 -26.15 0.93480
      207  3.80 -26.05 0.91390
      208  3.80 -25.95 0.93005
      209  3.80 -25.85 0.91295
      210  3.80 -25.75 0.92150
      211  3.80 -25.65 0.90820
      212  3.80 -25.55 0.90820
      213  3.85 -30.78 0.94050
      214  3.85 -30.68 0.94050
      215  3.85 -30.58 0.94050
      216  3.85 -30.48 0.94050
      217  3.85 -30.38 0.94050
      218  3.85 -30.28 0.94050
      219  3.85 -30.18 0.94050
      220  3.85 -30.08 0.94050
      221  3.85 -29.98 0.94050
      222  3.85 -29.88 0.94050
      223  3.85 -29.78 0.94050
      224  3.85 -29.68 0.94050
      225  3.85 -29.58 0.94050
      226  3.85 -29.48 0.94050
      227  3.85 -29.38 0.94050
      228  3.85 -29.28 0.94050
      229  3.85 -29.18 0.94050
      230  3.85 -29.08 0.94050
      231  3.85 -28.98 0.94050
      232  3.85 -28.88 0.94050
      233  3.85 -28.78 0.94050
      234  3.85 -28.68 0.94050
      235  3.85 -28.58 0.94050
      236  3.85 -28.48 0.94050
      237  3.85 -28.38 0.94050
      238  3.85 -28.28 0.94050
      239  3.85 -28.18 0.94050
      240  3.85 -28.08 0.94050
      241  3.85 -27.98 0.94050
      242  3.85 -27.88 0.94050
      243  3.85 -27.78 0.94050
      244  3.85 -27.68 0.94050
      245  3.85 -27.58 0.93575
      246  3.85 -27.48 0.94050
      247  3.85 -27.38 0.94050
      248  3.85 -27.28 0.94050
      249  3.85 -27.18 0.93005
      250  3.85 -27.08 0.94050
      251  3.85 -26.98 0.93575
      252  3.85 -26.88 0.94050
      253  3.85 -26.78 0.93005
      254  3.85 -26.68 0.91770
      255  3.85 -26.58 0.92245
      256  3.85 -26.48 0.90535
      257  3.85 -26.38 0.90250
      258  3.85 -26.28 0.90725
      259  3.85 -26.18 0.88160
      260  3.85 -26.08 0.89110
      261  3.85 -25.98 0.88540
      262  3.85 -25.88 0.91200
      263  3.85 -25.78 0.87780
      264  3.85 -25.68 0.86165
      265  3.85 -25.58 0.86165
      266  3.90 -30.80 0.95000
      267  3.90 -30.70 0.94525
      268  3.90 -30.60 0.94525
      269  3.90 -30.50 0.95000
      270  3.90 -30.40 0.94525
      271  3.90 -30.30 0.94525
      272  3.90 -30.20 0.94525
      273  3.90 -30.10 0.94525
      274  3.90 -30.00 0.94525
      275  3.90 -29.90 0.95000
      276  3.90 -29.80 0.94525
      277  3.90 -29.70 0.94525
      278  3.90 -29.60 0.94525
      279  3.90 -29.50 0.94525
      280  3.90 -29.40 0.94525
      281  3.90 -29.30 0.94525
      282  3.90 -29.20 0.95000
      283  3.90 -29.10 0.95000
      284  3.90 -29.00 0.95000
      285  3.90 -28.90 0.94525
      286  3.90 -28.80 0.95000
      287  3.90 -28.70 0.94525
      288  3.90 -28.60 0.94525
      289  3.90 -28.50 0.94525
      290  3.90 -28.40 0.94525
      291  3.90 -28.30 0.94525
      292  3.90 -28.20 0.94525
      293  3.90 -28.10 0.94525
      294  3.90 -28.00 0.94525
      295  3.90 -27.90 0.95000
      296  3.90 -27.80 0.94525
      297  3.90 -27.70 0.95000
      298  3.90 -27.60 0.94525
      299  3.90 -27.50 0.94525
      300  3.90 -27.40 0.94525
      301  3.90 -27.30 0.94525
      302  3.90 -27.20 0.94525
      303  3.90 -27.10 0.94525
      304  3.90 -27.00 0.94525
      305  3.90 -26.90 0.94525
      306  3.90 -26.80 0.94525
      307  3.90 -26.70 0.94525
      308  3.90 -26.60 0.94050
      309  3.90 -26.50 0.94050
      310  3.90 -26.40 0.94525
      311  3.90 -26.30 0.94050
      312  3.90 -26.20 0.94525
      313  3.90 -26.10 0.93575
      314  3.90 -26.00 0.92625
      315  3.90 -25.90 0.94050
      316  3.90 -25.80 0.92055
      317  3.90 -25.70 0.91105
      318  3.90 -25.60 0.91105
      319  3.95 -30.83 0.94050
      320  3.95 -30.73 0.94050
      321  3.95 -30.63 0.94050
      322  3.95 -30.53 0.94050
      323  3.95 -30.43 0.93575
      324  3.95 -30.33 0.93575
      325  3.95 -30.23 0.93575
      326  3.95 -30.13 0.93575
      327  3.95 -30.03 0.93575
      328  3.95 -29.93 0.93575
      329  3.95 -29.83 0.93575
      330  3.95 -29.73 0.93575
      331  3.95 -29.63 0.93575
      332  3.95 -29.53 0.93575
      333  3.95 -29.43 0.93575
      334  3.95 -29.33 0.93575
      335  3.95 -29.23 0.93575
      336  3.95 -29.13 0.93575
      337  3.95 -29.03 0.93575
      338  3.95 -28.93 0.93575
      339  3.95 -28.83 0.94050
      340  3.95 -28.73 0.93575
      341  3.95 -28.63 0.93575
      342  3.95 -28.53 0.93575
      343  3.95 -28.43 0.94050
      344  3.95 -28.33 0.93575
      345  3.95 -28.23 0.93575
      346  3.95 -28.13 0.94050
      347  3.95 -28.03 0.93575
      348  3.95 -27.93 0.94050
      349  3.95 -27.83 0.94050
      350  3.95 -27.73 0.93575
      351  3.95 -27.63 0.93575
      352  3.95 -27.53 0.93575
      353  3.95 -27.43 0.94050
      354  3.95 -27.33 0.93575
      355  3.95 -27.23 0.94525
      356  3.95 -27.13 0.93005
      357  3.95 -27.03 0.94525
      358  3.95 -26.93 0.94050
      359  3.95 -26.83 0.93575
      360  3.95 -26.73 0.92435
      361  3.95 -26.63 0.93670
      362  3.95 -26.53 0.93575
      363  3.95 -26.43 0.92530
      364  3.95 -26.33 0.93575
      365  3.95 -26.23 0.92625
      366  3.95 -26.13 0.92150
      367  3.95 -26.03 0.91960
      368  3.95 -25.93 0.91770
      369  3.95 -25.83 0.91960
      370  3.95 -25.73 0.90915
      371  3.95 -25.63 0.90915
      372  4.00 -30.85 0.95000
      373  4.00 -30.75 0.95000
      374  4.00 -30.65 0.95000
      375  4.00 -30.55 0.95000
      376  4.00 -30.45 0.95000
      377  4.00 -30.35 0.95000
      378  4.00 -30.25 0.95000
      379  4.00 -30.15 0.94525
      380  4.00 -30.05 0.95000
      381  4.00 -29.95 0.95000
      382  4.00 -29.85 0.95000
      383  4.00 -29.75 0.95000
      384  4.00 -29.65 0.95000
      385  4.00 -29.55 0.95000
      386  4.00 -29.45 0.94525
      387  4.00 -29.35 0.94525
      388  4.00 -29.25 0.95000
      389  4.00 -29.15 0.95000
      390  4.00 -29.05 0.95000
      391  4.00 -28.95 0.95000
      392  4.00 -28.85 0.94525
      393  4.00 -28.75 0.95000
      394  4.00 -28.65 0.95000
      395  4.00 -28.55 0.95000
      396  4.00 -28.45 0.94525
      397  4.00 -28.35 0.95000
      398  4.00 -28.25 0.95000
      399  4.00 -28.15 0.95000
      400  4.00 -28.05 0.94525
      401  4.00 -27.95 0.95000
      402  4.00 -27.85 0.95000
      403  4.00 -27.75 0.95000
      404  4.00 -27.65 0.95000
      405  4.00 -27.55 0.95000
      406  4.00 -27.45 0.95000
      407  4.00 -27.35 0.94525
      408  4.00 -27.25 0.94525
      409  4.00 -27.15 0.94525
      410  4.00 -27.05 0.95000
      411  4.00 -26.95 0.95000
      412  4.00 -26.85 0.94525
      413  4.00 -26.75 0.94525
      414  4.00 -26.65 0.94525
      415  4.00 -26.55 0.94050
      416  4.00 -26.45 0.93100
      417  4.00 -26.35 0.94525
      418  4.00 -26.25 0.93575
      419  4.00 -26.15 0.93100
      420  4.00 -26.05 0.93575
      421  4.00 -25.95 0.91105
      422  4.00 -25.85 0.92815
      423  4.00 -25.75 0.91485
      424  4.00 -25.65 0.91485
      425  4.05 -30.88 0.95000
      426  4.05 -30.78 0.95000
      427  4.05 -30.68 0.95000
      428  4.05 -30.58 0.95000
      429  4.05 -30.48 0.95000
      430  4.05 -30.38 0.95000
      431  4.05 -30.28 0.95000
      432  4.05 -30.18 0.95000
      433  4.05 -30.08 0.95000
      434  4.05 -29.98 0.95000
      435  4.05 -29.88 0.95000
      436  4.05 -29.78 0.95000
      437  4.05 -29.68 0.95000
      438  4.05 -29.58 0.95000
      439  4.05 -29.48 0.95000
      440  4.05 -29.38 0.95000
      441  4.05 -29.28 0.95000
      442  4.05 -29.18 0.95000
      443  4.05 -29.08 0.95000
      444  4.05 -28.98 0.95000
      445  4.05 -28.88 0.95000
      446  4.05 -28.78 0.95000
      447  4.05 -28.68 0.95000
      448  4.05 -28.58 0.95000
      449  4.05 -28.48 0.95000
      450  4.05 -28.38 0.95000
      451  4.05 -28.28 0.95000
      452  4.05 -28.18 0.95000
      453  4.05 -28.08 0.95000
      454  4.05 -27.98 0.95000
      455  4.05 -27.88 0.94525
      456  4.05 -27.78 0.95000
      457  4.05 -27.68 0.95000
      458  4.05 -27.58 0.95000
      459  4.05 -27.48 0.95000
      460  4.05 -27.38 0.95000
      461  4.05 -27.28 0.94525
      462  4.05 -27.18 0.94525
      463  4.05 -27.08 0.95000
      464  4.05 -26.98 0.94525
      465  4.05 -26.88 0.95000
      466  4.05 -26.78 0.95000
      467  4.05 -26.68 0.95000
      468  4.05 -26.58 0.94525
      469  4.05 -26.48 0.94525
      470  4.05 -26.38 0.94525
      471  4.05 -26.28 0.95000
      472  4.05 -26.18 0.94050
      473  4.05 -26.08 0.94050
      474  4.05 -25.98 0.92245
      475  4.05 -25.88 0.92435
      476  4.05 -25.78 0.92150
      477  4.05 -25.68 0.92150
      478  4.10 -30.91 0.94525
      479  4.10 -30.81 0.94525
      480  4.10 -30.71 0.94525
      481  4.10 -30.61 0.94525
      482  4.10 -30.51 0.94525
      483  4.10 -30.41 0.94525
      484  4.10 -30.31 0.94525
      485  4.10 -30.21 0.94525
      486  4.10 -30.11 0.94525
      487  4.10 -30.01 0.94525
      488  4.10 -29.91 0.94525
      489  4.10 -29.81 0.94525
      490  4.10 -29.71 0.94525
      491  4.10 -29.61 0.94525
      492  4.10 -29.51 0.94525
      493  4.10 -29.41 0.94525
      494  4.10 -29.31 0.94525
      495  4.10 -29.21 0.94525
      496  4.10 -29.11 0.94525
      497  4.10 -29.01 0.94525
      498  4.10 -28.91 0.94525
      499  4.10 -28.81 0.94525
      500  4.10 -28.71 0.94525
      501  4.10 -28.61 0.94525
      502  4.10 -28.51 0.94525
      503  4.10 -28.41 0.94525
      504  4.10 -28.31 0.94525
      505  4.10 -28.21 0.94525
      506  4.10 -28.11 0.94525
      507  4.10 -28.01 0.94050
      508  4.10 -27.91 0.94525
      509  4.10 -27.81 0.94525
      510  4.10 -27.71 0.94525
      511  4.10 -27.61 0.94050
      512  4.10 -27.51 0.95000
      513  4.10 -27.41 0.93480
      514  4.10 -27.31 0.93575
      515  4.10 -27.21 0.93575
      516  4.10 -27.11 0.93575
      517  4.10 -27.01 0.93575
      518  4.10 -26.91 0.94525
      519  4.10 -26.81 0.94525
      520  4.10 -26.71 0.93575
      521  4.10 -26.61 0.93100
      522  4.10 -26.51 0.95000
      523  4.10 -26.41 0.94050
      524  4.10 -26.31 0.93575
      525  4.10 -26.21 0.93670
      526  4.10 -26.11 0.92150
      527  4.10 -26.01 0.92150
      528  4.10 -25.91 0.93575
      529  4.10 -25.81 0.91960
      530  4.10 -25.71 0.91960
      531  4.15 -30.94 0.95000
      532  4.15 -30.84 0.95000
      533  4.15 -30.74 0.95000
      534  4.15 -30.64 0.95000
      535  4.15 -30.54 0.95000
      536  4.15 -30.44 0.95000
      537  4.15 -30.34 0.95000
      538  4.15 -30.24 0.95000
      539  4.15 -30.14 0.95000
      540  4.15 -30.04 0.95000
      541  4.15 -29.94 0.95000
      542  4.15 -29.84 0.95000
      543  4.15 -29.74 0.95000
      544  4.15 -29.64 0.95000
      545  4.15 -29.54 0.95000
      546  4.15 -29.44 0.95000
      547  4.15 -29.34 0.95000
      548  4.15 -29.24 0.95000
      549  4.15 -29.14 0.95000
      550  4.15 -29.04 0.95000
      551  4.15 -28.94 0.95000
      552  4.15 -28.84 0.95000
      553  4.15 -28.74 0.95000
      554  4.15 -28.64 0.95000
      555  4.15 -28.54 0.95000
      556  4.15 -28.44 0.95000
      557  4.15 -28.34 0.95000
      558  4.15 -28.24 0.95000
      559  4.15 -28.14 0.95000
      560  4.15 -28.04 0.95000
      561  4.15 -27.94 0.95000
      562  4.15 -27.84 0.95000
      563  4.15 -27.74 0.95000
      564  4.15 -27.64 0.95000
      565  4.15 -27.54 0.95000
      566  4.15 -27.44 0.95000
      567  4.15 -27.34 0.95000
      568  4.15 -27.24 0.95000
      569  4.15 -27.14 0.95000
      570  4.15 -27.04 0.95000
      571  4.15 -26.94 0.95000
      572  4.15 -26.84 0.95000
      573  4.15 -26.74 0.94525
      574  4.15 -26.64 0.95000
      575  4.15 -26.54 0.95000
      576  4.15 -26.44 0.94050
      577  4.15 -26.34 0.95000
      578  4.15 -26.24 0.94050
      579  4.15 -26.14 0.95000
      580  4.15 -26.04 0.94050
      581  4.15 -25.94 0.93480
      582  4.15 -25.84 0.95000
      583  4.15 -25.74 0.95000
      584  4.20 -30.96 0.95000
      585  4.20 -30.86 0.95000
      586  4.20 -30.76 0.95000
      587  4.20 -30.66 0.95000
      588  4.20 -30.56 0.95000
      589  4.20 -30.46 0.95000
      590  4.20 -30.36 0.95000
      591  4.20 -30.26 0.95000
      592  4.20 -30.16 0.95000
      593  4.20 -30.06 0.95000
      594  4.20 -29.96 0.95000
      595  4.20 -29.86 0.95000
      596  4.20 -29.76 0.95000
      597  4.20 -29.66 0.95000
      598  4.20 -29.56 0.95000
      599  4.20 -29.46 0.95000
      600  4.20 -29.36 0.95000
      601  4.20 -29.26 0.95000
      602  4.20 -29.16 0.95000
      603  4.20 -29.06 0.95000
      604  4.20 -28.96 0.95000
      605  4.20 -28.86 0.95000
      606  4.20 -28.76 0.95000
      607  4.20 -28.66 0.95000
      608  4.20 -28.56 0.95000
      609  4.20 -28.46 0.95000
      610  4.20 -28.36 0.95000
      611  4.20 -28.26 0.95000
      612  4.20 -28.16 0.95000
      613  4.20 -28.06 0.95000
      614  4.20 -27.96 0.95000
      615  4.20 -27.86 0.95000
      616  4.20 -27.76 0.95000
      617  4.20 -27.66 0.95000
      618  4.20 -27.56 0.95000
      619  4.20 -27.46 0.95000
      620  4.20 -27.36 0.95000
      621  4.20 -27.26 0.95000
      622  4.20 -27.16 0.95000
      623  4.20 -27.06 0.95000
      624  4.20 -26.96 0.95000
      625  4.20 -26.86 0.94525
      626  4.20 -26.76 0.94050
      627  4.20 -26.66 0.94525
      628  4.20 -26.56 0.94050
      629  4.20 -26.46 0.94525
      630  4.20 -26.36 0.94145
      631  4.20 -26.26 0.94050
      632  4.20 -26.16 0.95000
      633  4.20 -26.06 0.93100
      634  4.20 -25.96 0.94525
      635  4.20 -25.86 0.93575
      636  4.20 -25.76 0.93575
      637  4.25 -31.00 0.95000
      638  4.25 -30.90 0.95000
      639  4.25 -30.80 0.95000
      640  4.25 -30.70 0.95000
      641  4.25 -30.60 0.95000
      642  4.25 -30.50 0.95000
      643  4.25 -30.40 0.95000
      644  4.25 -30.30 0.95000
      645  4.25 -30.20 0.95000
      646  4.25 -30.10 0.95000
      647  4.25 -30.00 0.95000
      648  4.25 -29.90 0.95000
      649  4.25 -29.80 0.95000
      650  4.25 -29.70 0.95000
      651  4.25 -29.60 0.95000
      652  4.25 -29.50 0.95000
      653  4.25 -29.40 0.95000
      654  4.25 -29.30 0.95000
      655  4.25 -29.20 0.95000
      656  4.25 -29.10 0.95000
      657  4.25 -29.00 0.95000
      658  4.25 -28.90 0.95000
      659  4.25 -28.80 0.95000
      660  4.25 -28.70 0.95000
      661  4.25 -28.60 0.95000
      662  4.25 -28.50 0.95000
      663  4.25 -28.40 0.95000
      664  4.25 -28.30 0.95000
      665  4.25 -28.20 0.95000
      666  4.25 -28.10 0.95000
      667  4.25 -28.00 0.95000
      668  4.25 -27.90 0.95000
      669  4.25 -27.80 0.95000
      670  4.25 -27.70 0.95000
      671  4.25 -27.60 0.95000
      672  4.25 -27.50 0.95000
      673  4.25 -27.40 0.95000
      674  4.25 -27.30 0.95000
      675  4.25 -27.20 0.95000
      676  4.25 -27.10 0.95000
      677  4.25 -27.00 0.95000
      678  4.25 -26.90 0.95000
      679  4.25 -26.80 0.95000
      680  4.25 -26.70 0.94525
      681  4.25 -26.60 0.95000
      682  4.25 -26.50 0.94525
      683  4.25 -26.40 0.94050
      684  4.25 -26.30 0.94525
      685  4.25 -26.20 0.95000
      686  4.25 -26.10 0.94145
      687  4.25 -26.00 0.95000
      688  4.25 -25.90 0.94525
      689  4.25 -25.80 0.94525
      690  4.30 -31.04 0.95000
      691  4.30 -30.94 0.95000
      692  4.30 -30.84 0.95000
      693  4.30 -30.74 0.95000
      694  4.30 -30.64 0.95000
      695  4.30 -30.54 0.95000
      696  4.30 -30.44 0.95000
      697  4.30 -30.34 0.95000
      698  4.30 -30.24 0.95000
      699  4.30 -30.14 0.95000
      700  4.30 -30.04 0.95000
      701  4.30 -29.94 0.95000
      702  4.30 -29.84 0.95000
      703  4.30 -29.74 0.95000
      704  4.30 -29.64 0.95000
      705  4.30 -29.54 0.95000
      706  4.30 -29.44 0.95000
      707  4.30 -29.34 0.95000
      708  4.30 -29.24 0.95000
      709  4.30 -29.14 0.95000
      710  4.30 -29.04 0.95000
      711  4.30 -28.94 0.95000
      712  4.30 -28.84 0.95000
      713  4.30 -28.74 0.95000
      714  4.30 -28.64 0.95000
      715  4.30 -28.54 0.95000
      716  4.30 -28.44 0.95000
      717  4.30 -28.34 0.95000
      718  4.30 -28.24 0.95000
      719  4.30 -28.14 0.95000
      720  4.30 -28.04 0.95000
      721  4.30 -27.94 0.95000
      722  4.30 -27.84 0.95000
      723  4.30 -27.74 0.95000
      724  4.30 -27.64 0.95000
      725  4.30 -27.54 0.95000
      726  4.30 -27.44 0.95000
      727  4.30 -27.34 0.95000
      728  4.30 -27.24 0.95000
      729  4.30 -27.14 0.95000
      730  4.30 -27.04 0.95000
      731  4.30 -26.94 0.95000
      732  4.30 -26.84 0.95000
      733  4.30 -26.74 0.95000
      734  4.30 -26.64 0.95000
      735  4.30 -26.54 0.95000
      736  4.30 -26.44 0.95000
      737  4.30 -26.34 0.95000
      738  4.30 -26.24 0.95000
      739  4.30 -26.14 0.95000
      740  4.30 -26.04 0.95000
      741  4.30 -25.94 0.95000
      742  4.30 -25.84 0.95000
      743  4.35 -31.08 0.95000
      744  4.35 -30.98 0.95000
      745  4.35 -30.88 0.95000
      746  4.35 -30.78 0.95000
      747  4.35 -30.68 0.95000
      748  4.35 -30.58 0.95000
      749  4.35 -30.48 0.95000
      750  4.35 -30.38 0.95000
      751  4.35 -30.28 0.95000
      752  4.35 -30.18 0.95000
      753  4.35 -30.08 0.95000
      754  4.35 -29.98 0.95000
      755  4.35 -29.88 0.95000
      756  4.35 -29.78 0.95000
      757  4.35 -29.68 0.95000
      758  4.35 -29.58 0.95000
      759  4.35 -29.48 0.95000
      760  4.35 -29.38 0.95000
      761  4.35 -29.28 0.95000
      762  4.35 -29.18 0.95000
      763  4.35 -29.08 0.95000
      764  4.35 -28.98 0.95000
      765  4.35 -28.88 0.95000
      766  4.35 -28.78 0.95000
      767  4.35 -28.68 0.95000
      768  4.35 -28.58 0.95000
      769  4.35 -28.48 0.95000
      770  4.35 -28.38 0.95000
      771  4.35 -28.28 0.95000
      772  4.35 -28.18 0.95000
      773  4.35 -28.08 0.95000
      774  4.35 -27.98 0.95000
      775  4.35 -27.88 0.95000
      776  4.35 -27.78 0.95000
      777  4.35 -27.68 0.95000
      778  4.35 -27.58 0.95000
      779  4.35 -27.48 0.95000
      780  4.35 -27.38 0.95000
      781  4.35 -27.28 0.95000
      782  4.35 -27.18 0.95000
      783  4.35 -27.08 0.95000
      784  4.35 -26.98 0.95000
      785  4.35 -26.88 0.95000
      786  4.35 -26.78 0.95000
      787  4.35 -26.68 0.95000
      788  4.35 -26.58 0.95000
      789  4.35 -26.48 0.95000
      790  4.35 -26.38 0.95000
      791  4.35 -26.28 0.95000
      792  4.35 -26.18 0.95000
      793  4.35 -26.08 0.95000
      794  4.35 -25.98 0.95000
      795  4.35 -25.88 0.95000
      796  4.40 -31.11 0.95000
      797  4.40 -31.01 0.95000
      798  4.40 -30.91 0.95000
      799  4.40 -30.81 0.95000
      800  4.40 -30.71 0.95000
      801  4.40 -30.61 0.95000
      802  4.40 -30.51 0.95000
      803  4.40 -30.41 0.95000
      804  4.40 -30.31 0.95000
      805  4.40 -30.21 0.95000
      806  4.40 -30.11 0.95000
      807  4.40 -30.01 0.95000
      808  4.40 -29.91 0.95000
      809  4.40 -29.81 0.95000
      810  4.40 -29.71 0.95000
      811  4.40 -29.61 0.95000
      812  4.40 -29.51 0.95000
      813  4.40 -29.41 0.95000
      814  4.40 -29.31 0.95000
      815  4.40 -29.21 0.95000
      816  4.40 -29.11 0.95000
      817  4.40 -29.01 0.95000
      818  4.40 -28.91 0.95000
      819  4.40 -28.81 0.95000
      820  4.40 -28.71 0.95000
      821  4.40 -28.61 0.95000
      822  4.40 -28.51 0.95000
      823  4.40 -28.41 0.95000
      824  4.40 -28.31 0.95000
      825  4.40 -28.21 0.95000
      826  4.40 -28.11 0.95000
      827  4.40 -28.01 0.95000
      828  4.40 -27.91 0.95000
      829  4.40 -27.81 0.95000
      830  4.40 -27.71 0.95000
      831  4.40 -27.61 0.95000
      832  4.40 -27.51 0.95000
      833  4.40 -27.41 0.95000
      834  4.40 -27.31 0.95000
      835  4.40 -27.21 0.95000
      836  4.40 -27.11 0.95000
      837  4.40 -27.01 0.95000
      838  4.40 -26.91 0.95000
      839  4.40 -26.81 0.95000
      840  4.40 -26.71 0.95000
      841  4.40 -26.61 0.95000
      842  4.40 -26.51 0.95000
      843  4.40 -26.41 0.95000
      844  4.40 -26.31 0.95000
      845  4.40 -26.21 0.95000
      846  4.40 -26.11 0.95000
      847  4.40 -26.01 0.95000
      848  4.40 -25.91 0.95000
      849  4.45 -31.13 0.95000
      850  4.45 -31.03 0.95000
      851  4.45 -30.93 0.95000
      852  4.45 -30.83 0.95000
      853  4.45 -30.73 0.95000
      854  4.45 -30.63 0.95000
      855  4.45 -30.53 0.95000
      856  4.45 -30.43 0.95000
      857  4.45 -30.33 0.95000
      858  4.45 -30.23 0.95000
      859  4.45 -30.13 0.95000
      860  4.45 -30.03 0.95000
      861  4.45 -29.93 0.95000
      862  4.45 -29.83 0.95000
      863  4.45 -29.73 0.95000
      864  4.45 -29.63 0.95000
      865  4.45 -29.53 0.95000
      866  4.45 -29.43 0.95000
      867  4.45 -29.33 0.95000
      868  4.45 -29.23 0.95000
      869  4.45 -29.13 0.95000
      870  4.45 -29.03 0.95000
      871  4.45 -28.93 0.95000
      872  4.45 -28.83 0.95000
      873  4.45 -28.73 0.95000
      874  4.45 -28.63 0.95000
      875  4.45 -28.53 0.95000
      876  4.45 -28.43 0.95000
      877  4.45 -28.33 0.95000
      878  4.45 -28.23 0.95000
      879  4.45 -28.13 0.95000
      880  4.45 -28.03 0.95000
      881  4.45 -27.93 0.95000
      882  4.45 -27.83 0.95000
      883  4.45 -27.73 0.95000
      884  4.45 -27.63 0.95000
      885  4.45 -27.53 0.95000
      886  4.45 -27.43 0.95000
      887  4.45 -27.33 0.95000
      888  4.45 -27.23 0.95000
      889  4.45 -27.13 0.95000
      890  4.45 -27.03 0.95000
      891  4.45 -26.93 0.95000
      892  4.45 -26.83 0.95000
      893  4.45 -26.73 0.95000
      894  4.45 -26.63 0.95000
      895  4.45 -26.53 0.95000
      896  4.45 -26.43 0.95000
      897  4.45 -26.33 0.95000
      898  4.45 -26.23 0.95000
      899  4.45 -26.13 0.95000
      900  4.45 -26.03 0.95000
      901  4.45 -25.93 0.95000
      902  4.50 -31.13 0.95000
      903  4.50 -31.03 0.95000
      904  4.50 -30.93 0.95000
      905  4.50 -30.83 0.95000
      906  4.50 -30.73 0.95000
      907  4.50 -30.63 0.95000
      908  4.50 -30.53 0.95000
      909  4.50 -30.43 0.95000
      910  4.50 -30.33 0.95000
      911  4.50 -30.23 0.95000
      912  4.50 -30.13 0.95000
      913  4.50 -30.03 0.95000
      914  4.50 -29.93 0.95000
      915  4.50 -29.83 0.95000
      916  4.50 -29.73 0.95000
      917  4.50 -29.63 0.95000
      918  4.50 -29.53 0.95000
      919  4.50 -29.43 0.95000
      920  4.50 -29.33 0.95000
      921  4.50 -29.23 0.95000
      922  4.50 -29.13 0.95000
      923  4.50 -29.03 0.95000
      924  4.50 -28.93 0.95000
      925  4.50 -28.83 0.95000
      926  4.50 -28.73 0.95000
      927  4.50 -28.63 0.95000
      928  4.50 -28.53 0.95000
      929  4.50 -28.43 0.95000
      930  4.50 -28.33 0.95000
      931  4.50 -28.23 0.95000
      932  4.50 -28.13 0.95000
      933  4.50 -28.03 0.95000
      934  4.50 -27.93 0.95000
      935  4.50 -27.83 0.95000
      936  4.50 -27.73 0.95000
      937  4.50 -27.63 0.95000
      938  4.50 -27.53 0.95000
      939  4.50 -27.43 0.95000
      940  4.50 -27.33 0.95000
      941  4.50 -27.23 0.95000
      942  4.50 -27.13 0.95000
      943  4.50 -27.03 0.95000
      944  4.50 -26.93 0.95000
      945  4.50 -26.83 0.95000
      946  4.50 -26.73 0.95000
      947  4.50 -26.63 0.95000
      948  4.50 -26.53 0.95000
      949  4.50 -26.43 0.95000
      950  4.50 -26.33 0.94525
      951  4.50 -26.23 0.95000
      952  4.50 -26.13 0.94525
      953  4.50 -26.03 0.94050
      954  4.50 -25.93 0.94050
      955  4.55 -31.11 0.95000
      956  4.55 -31.01 0.95000
      957  4.55 -30.91 0.95000
      958  4.55 -30.81 0.95000
      959  4.55 -30.71 0.95000
      960  4.55 -30.61 0.95000
      961  4.55 -30.51 0.95000
      962  4.55 -30.41 0.95000
      963  4.55 -30.31 0.95000
      964  4.55 -30.21 0.95000
      965  4.55 -30.11 0.95000
      966  4.55 -30.01 0.95000
      967  4.55 -29.91 0.95000
      968  4.55 -29.81 0.95000
      969  4.55 -29.71 0.95000
      970  4.55 -29.61 0.95000
      971  4.55 -29.51 0.95000
      972  4.55 -29.41 0.95000
      973  4.55 -29.31 0.95000
      974  4.55 -29.21 0.95000
      975  4.55 -29.11 0.95000
      976  4.55 -29.01 0.95000
      977  4.55 -28.91 0.95000
      978  4.55 -28.81 0.95000
      979  4.55 -28.71 0.95000
      980  4.55 -28.61 0.95000
      981  4.55 -28.51 0.95000
      982  4.55 -28.41 0.95000
      983  4.55 -28.31 0.95000
      984  4.55 -28.21 0.95000
      985  4.55 -28.11 0.95000
      986  4.55 -28.01 0.95000
      987  4.55 -27.91 0.95000
      988  4.55 -27.81 0.95000
      989  4.55 -27.71 0.95000
      990  4.55 -27.61 0.95000
      991  4.55 -27.51 0.95000
      992  4.55 -27.41 0.95000
      993  4.55 -27.31 0.95000
      994  4.55 -27.21 0.95000
      995  4.55 -27.11 0.95000
      996  4.55 -27.01 0.95000
      997  4.55 -26.91 0.95000
      998  4.55 -26.81 0.95000
      999  4.55 -26.71 0.95000
     1000  4.55 -26.61 0.95000
     1001  4.55 -26.51 0.95000
     1002  4.55 -26.41 0.95000
     1003  4.55 -26.31 0.95000
     1004  4.55 -26.21 0.95000
     1005  4.55 -26.11 0.95000
     1006  4.55 -26.01 0.94050
     1007  4.55 -25.91 0.94050
     1008  4.60 -31.08 0.95000
     1009  4.60 -30.98 0.95000
     1010  4.60 -30.88 0.95000
     1011  4.60 -30.78 0.95000
     1012  4.60 -30.68 0.95000
     1013  4.60 -30.58 0.95000
     1014  4.60 -30.48 0.95000
     1015  4.60 -30.38 0.95000
     1016  4.60 -30.28 0.95000
     1017  4.60 -30.18 0.95000
     1018  4.60 -30.08 0.95000
     1019  4.60 -29.98 0.95000
     1020  4.60 -29.88 0.95000
     1021  4.60 -29.78 0.95000
     1022  4.60 -29.68 0.95000
     1023  4.60 -29.58 0.95000
     1024  4.60 -29.48 0.95000
     1025  4.60 -29.38 0.95000
     1026  4.60 -29.28 0.95000
     1027  4.60 -29.18 0.95000
     1028  4.60 -29.08 0.95000
     1029  4.60 -28.98 0.95000
     1030  4.60 -28.88 0.95000
     1031  4.60 -28.78 0.95000
     1032  4.60 -28.68 0.95000
     1033  4.60 -28.58 0.95000
     1034  4.60 -28.48 0.95000
     1035  4.60 -28.38 0.95000
     1036  4.60 -28.28 0.95000
     1037  4.60 -28.18 0.95000
     1038  4.60 -28.08 0.95000
     1039  4.60 -27.98 0.95000
     1040  4.60 -27.88 0.95000
     1041  4.60 -27.78 0.95000
     1042  4.60 -27.68 0.95000
     1043  4.60 -27.58 0.95000
     1044  4.60 -27.48 0.95000
     1045  4.60 -27.38 0.95000
     1046  4.60 -27.28 0.95000
     1047  4.60 -27.18 0.95000
     1048  4.60 -27.08 0.95000
     1049  4.60 -26.98 0.95000
     1050  4.60 -26.88 0.95000
     1051  4.60 -26.78 0.95000
     1052  4.60 -26.68 0.95000
     1053  4.60 -26.58 0.95000
     1054  4.60 -26.48 0.95000
     1055  4.60 -26.38 0.95000
     1056  4.60 -26.28 0.95000
     1057  4.60 -26.18 0.95000
     1058  4.60 -26.08 0.94050
     1059  4.60 -25.98 0.95000
     1060  4.60 -25.88 0.95000
     1061  4.65 -31.04 0.95000
     1062  4.65 -30.94 0.95000
     1063  4.65 -30.84 0.95000
     1064  4.65 -30.74 0.95000
     1065  4.65 -30.64 0.95000
     1066  4.65 -30.54 0.95000
     1067  4.65 -30.44 0.95000
     1068  4.65 -30.34 0.95000
     1069  4.65 -30.24 0.95000
     1070  4.65 -30.14 0.95000
     1071  4.65 -30.04 0.95000
     1072  4.65 -29.94 0.95000
     1073  4.65 -29.84 0.95000
     1074  4.65 -29.74 0.95000
     1075  4.65 -29.64 0.95000
     1076  4.65 -29.54 0.95000
     1077  4.65 -29.44 0.95000
     1078  4.65 -29.34 0.95000
     1079  4.65 -29.24 0.95000
     1080  4.65 -29.14 0.95000
     1081  4.65 -29.04 0.95000
     1082  4.65 -28.94 0.95000
     1083  4.65 -28.84 0.95000
     1084  4.65 -28.74 0.95000
     1085  4.65 -28.64 0.95000
     1086  4.65 -28.54 0.95000
     1087  4.65 -28.44 0.95000
     1088  4.65 -28.34 0.95000
     1089  4.65 -28.24 0.95000
     1090  4.65 -28.14 0.95000
     1091  4.65 -28.04 0.95000
     1092  4.65 -27.94 0.95000
     1093  4.65 -27.84 0.95000
     1094  4.65 -27.74 0.95000
     1095  4.65 -27.64 0.95000
     1096  4.65 -27.54 0.95000
     1097  4.65 -27.44 0.95000
     1098  4.65 -27.34 0.95000
     1099  4.65 -27.24 0.95000
     1100  4.65 -27.14 0.95000
     1101  4.65 -27.04 0.95000
     1102  4.65 -26.94 0.95000
     1103  4.65 -26.84 0.95000
     1104  4.65 -26.74 0.95000
     1105  4.65 -26.64 0.95000
     1106  4.65 -26.54 0.95000
     1107  4.65 -26.44 0.95000
     1108  4.65 -26.34 0.95000
     1109  4.65 -26.24 0.94525
     1110  4.65 -26.14 0.95000
     1111  4.65 -26.04 0.95000
     1112  4.65 -25.94 0.95000
     1113  4.65 -25.84 0.95000
     1114  4.70 -31.00 0.95000
     1115  4.70 -30.90 0.95000
     1116  4.70 -30.80 0.95000
     1117  4.70 -30.70 0.95000
     1118  4.70 -30.60 0.95000
     1119  4.70 -30.50 0.95000
     1120  4.70 -30.40 0.95000
     1121  4.70 -30.30 0.95000
     1122  4.70 -30.20 0.95000
     1123  4.70 -30.10 0.95000
     1124  4.70 -30.00 0.95000
     1125  4.70 -29.90 0.95000
     1126  4.70 -29.80 0.95000
     1127  4.70 -29.70 0.95000
     1128  4.70 -29.60 0.95000
     1129  4.70 -29.50 0.95000
     1130  4.70 -29.40 0.95000
     1131  4.70 -29.30 0.95000
     1132  4.70 -29.20 0.95000
     1133  4.70 -29.10 0.95000
     1134  4.70 -29.00 0.95000
     1135  4.70 -28.90 0.95000
     1136  4.70 -28.80 0.95000
     1137  4.70 -28.70 0.95000
     1138  4.70 -28.60 0.95000
     1139  4.70 -28.50 0.95000
     1140  4.70 -28.40 0.95000
     1141  4.70 -28.30 0.95000
     1142  4.70 -28.20 0.95000
     1143  4.70 -28.10 0.95000
     1144  4.70 -28.00 0.95000
     1145  4.70 -27.90 0.95000
     1146  4.70 -27.80 0.95000
     1147  4.70 -27.70 0.95000
     1148  4.70 -27.60 0.95000
     1149  4.70 -27.50 0.95000
     1150  4.70 -27.40 0.95000
     1151  4.70 -27.30 0.95000
     1152  4.70 -27.20 0.95000
     1153  4.70 -27.10 0.95000
     1154  4.70 -27.00 0.95000
     1155  4.70 -26.90 0.95000
     1156  4.70 -26.80 0.95000
     1157  4.70 -26.70 0.95000
     1158  4.70 -26.60 0.95000
     1159  4.70 -26.50 0.95000
     1160  4.70 -26.40 0.95000
     1161  4.70 -26.30 0.95000
     1162  4.70 -26.20 0.95000
     1163  4.70 -26.10 0.95000
     1164  4.70 -26.00 0.94525
     1165  4.70 -25.90 0.95000
     1166  4.70 -25.80 0.95000
     1167  4.75 -30.97 0.95000
     1168  4.75 -30.87 0.95000
     1169  4.75 -30.77 0.95000
     1170  4.75 -30.67 0.95000
     1171  4.75 -30.57 0.95000
     1172  4.75 -30.47 0.95000
     1173  4.75 -30.37 0.95000
     1174  4.75 -30.27 0.95000
     1175  4.75 -30.17 0.95000
     1176  4.75 -30.07 0.95000
     1177  4.75 -29.97 0.95000
     1178  4.75 -29.87 0.95000
     1179  4.75 -29.77 0.95000
     1180  4.75 -29.67 0.95000
     1181  4.75 -29.57 0.95000
     1182  4.75 -29.47 0.95000
     1183  4.75 -29.37 0.95000
     1184  4.75 -29.27 0.95000
     1185  4.75 -29.17 0.95000
     1186  4.75 -29.07 0.95000
     1187  4.75 -28.97 0.95000
     1188  4.75 -28.87 0.95000
     1189  4.75 -28.77 0.95000
     1190  4.75 -28.67 0.95000
     1191  4.75 -28.57 0.95000
     1192  4.75 -28.47 0.95000
     1193  4.75 -28.37 0.95000
     1194  4.75 -28.27 0.95000
     1195  4.75 -28.17 0.95000
     1196  4.75 -28.07 0.95000
     1197  4.75 -27.97 0.95000
     1198  4.75 -27.87 0.95000
     1199  4.75 -27.77 0.95000
     1200  4.75 -27.67 0.95000
     1201  4.75 -27.57 0.95000
     1202  4.75 -27.47 0.95000
     1203  4.75 -27.37 0.95000
     1204  4.75 -27.27 0.95000
     1205  4.75 -27.17 0.95000
     1206  4.75 -27.07 0.95000
     1207  4.75 -26.97 0.95000
     1208  4.75 -26.87 0.95000
     1209  4.75 -26.77 0.95000
     1210  4.75 -26.67 0.95000
     1211  4.75 -26.57 0.95000
     1212  4.75 -26.47 0.95000
     1213  4.75 -26.37 0.95000
     1214  4.75 -26.27 0.95000
     1215  4.75 -26.17 0.95000
     1216  4.75 -26.07 0.95000
     1217  4.75 -25.97 0.95000
     1218  4.75 -25.87 0.95000
     1219  4.75 -25.77 0.95000
     1220  4.80 -30.95 0.95000
     1221  4.80 -30.85 0.95000
     1222  4.80 -30.75 0.95000
     1223  4.80 -30.65 0.95000
     1224  4.80 -30.55 0.95000
     1225  4.80 -30.45 0.95000
     1226  4.80 -30.35 0.95000
     1227  4.80 -30.25 0.95000
     1228  4.80 -30.15 0.95000
     1229  4.80 -30.05 0.95000
     1230  4.80 -29.95 0.95000
     1231  4.80 -29.85 0.95000
     1232  4.80 -29.75 0.95000
     1233  4.80 -29.65 0.95000
     1234  4.80 -29.55 0.95000
     1235  4.80 -29.45 0.95000
     1236  4.80 -29.35 0.95000
     1237  4.80 -29.25 0.95000
     1238  4.80 -29.15 0.95000
     1239  4.80 -29.05 0.95000
     1240  4.80 -28.95 0.95000
     1241  4.80 -28.85 0.95000
     1242  4.80 -28.75 0.95000
     1243  4.80 -28.65 0.95000
     1244  4.80 -28.55 0.95000
     1245  4.80 -28.45 0.95000
     1246  4.80 -28.35 0.95000
     1247  4.80 -28.25 0.95000
     1248  4.80 -28.15 0.95000
     1249  4.80 -28.05 0.95000
     1250  4.80 -27.95 0.95000
     1251  4.80 -27.85 0.95000
     1252  4.80 -27.75 0.95000
     1253  4.80 -27.65 0.95000
     1254  4.80 -27.55 0.95000
     1255  4.80 -27.45 0.95000
     1256  4.80 -27.35 0.95000
     1257  4.80 -27.25 0.95000
     1258  4.80 -27.15 0.95000
     1259  4.80 -27.05 0.95000
     1260  4.80 -26.95 0.95000
     1261  4.80 -26.85 0.95000
     1262  4.80 -26.75 0.95000
     1263  4.80 -26.65 0.95000
     1264  4.80 -26.55 0.95000
     1265  4.80 -26.45 0.95000
     1266  4.80 -26.35 0.95000
     1267  4.80 -26.25 0.95000
     1268  4.80 -26.15 0.95000
     1269  4.80 -26.05 0.95000
     1270  4.80 -25.95 0.95000
     1271  4.80 -25.85 0.95000
     1272  4.80 -25.75 0.95000
     1273  4.85 -30.95 0.95000
     1274  4.85 -30.85 0.95000
     1275  4.85 -30.75 0.95000
     1276  4.85 -30.65 0.95000
     1277  4.85 -30.55 0.95000
     1278  4.85 -30.45 0.95000
     1279  4.85 -30.35 0.95000
     1280  4.85 -30.25 0.95000
     1281  4.85 -30.15 0.95000
     1282  4.85 -30.05 0.95000
     1283  4.85 -29.95 0.95000
     1284  4.85 -29.85 0.95000
     1285  4.85 -29.75 0.95000
     1286  4.85 -29.65 0.95000
     1287  4.85 -29.55 0.95000
     1288  4.85 -29.45 0.95000
     1289  4.85 -29.35 0.95000
     1290  4.85 -29.25 0.95000
     1291  4.85 -29.15 0.95000
     1292  4.85 -29.05 0.95000
     1293  4.85 -28.95 0.95000
     1294  4.85 -28.85 0.95000
     1295  4.85 -28.75 0.95000
     1296  4.85 -28.65 0.95000
     1297  4.85 -28.55 0.95000
     1298  4.85 -28.45 0.95000
     1299  4.85 -28.35 0.95000
     1300  4.85 -28.25 0.95000
     1301  4.85 -28.15 0.95000
     1302  4.85 -28.05 0.95000
     1303  4.85 -27.95 0.95000
     1304  4.85 -27.85 0.95000
     1305  4.85 -27.75 0.95000
     1306  4.85 -27.65 0.95000
     1307  4.85 -27.55 0.95000
     1308  4.85 -27.45 0.95000
     1309  4.85 -27.35 0.95000
     1310  4.85 -27.25 0.95000
     1311  4.85 -27.15 0.95000
     1312  4.85 -27.05 0.95000
     1313  4.85 -26.95 0.95000
     1314  4.85 -26.85 0.95000
     1315  4.85 -26.75 0.95000
     1316  4.85 -26.65 0.95000
     1317  4.85 -26.55 0.95000
     1318  4.85 -26.45 0.95000
     1319  4.85 -26.35 0.95000
     1320  4.85 -26.25 0.95000
     1321  4.85 -26.15 0.95000
     1322  4.85 -26.05 0.95000
     1323  4.85 -25.95 0.95000
     1324  4.85 -25.85 0.95000
     1325  4.85 -25.75 0.95000
     1326  4.90 -30.96 0.95000
     1327  4.90 -30.86 0.95000
     1328  4.90 -30.76 0.95000
     1329  4.90 -30.66 0.95000
     1330  4.90 -30.56 0.95000
     1331  4.90 -30.46 0.95000
     1332  4.90 -30.36 0.95000
     1333  4.90 -30.26 0.95000
     1334  4.90 -30.16 0.95000
     1335  4.90 -30.06 0.95000
     1336  4.90 -29.96 0.95000
     1337  4.90 -29.86 0.95000
     1338  4.90 -29.76 0.95000
     1339  4.90 -29.66 0.95000
     1340  4.90 -29.56 0.95000
     1341  4.90 -29.46 0.95000
     1342  4.90 -29.36 0.95000
     1343  4.90 -29.26 0.95000
     1344  4.90 -29.16 0.95000
     1345  4.90 -29.06 0.95000
     1346  4.90 -28.96 0.95000
     1347  4.90 -28.86 0.95000
     1348  4.90 -28.76 0.95000
     1349  4.90 -28.66 0.95000
     1350  4.90 -28.56 0.95000
     1351  4.90 -28.46 0.95000
     1352  4.90 -28.36 0.95000
     1353  4.90 -28.26 0.95000
     1354  4.90 -28.16 0.95000
     1355  4.90 -28.06 0.95000
     1356  4.90 -27.96 0.95000
     1357  4.90 -27.86 0.95000
     1358  4.90 -27.76 0.95000
     1359  4.90 -27.66 0.95000
     1360  4.90 -27.56 0.95000
     1361  4.90 -27.46 0.95000
     1362  4.90 -27.36 0.95000
     1363  4.90 -27.26 0.95000
     1364  4.90 -27.16 0.95000
     1365  4.90 -27.06 0.95000
     1366  4.90 -26.96 0.95000
     1367  4.90 -26.86 0.95000
     1368  4.90 -26.76 0.95000
     1369  4.90 -26.66 0.95000
     1370  4.90 -26.56 0.95000
     1371  4.90 -26.46 0.95000
     1372  4.90 -26.36 0.95000
     1373  4.90 -26.26 0.95000
     1374  4.90 -26.16 0.95000
     1375  4.90 -26.06 0.95000
     1376  4.90 -25.96 0.95000
     1377  4.90 -25.86 0.95000
     1378  4.90 -25.76 0.95000
     1379  4.95 -30.98 0.95000
     1380  4.95 -30.88 0.95000
     1381  4.95 -30.78 0.95000
     1382  4.95 -30.68 0.95000
     1383  4.95 -30.58 0.95000
     1384  4.95 -30.48 0.95000
     1385  4.95 -30.38 0.95000
     1386  4.95 -30.28 0.95000
     1387  4.95 -30.18 0.95000
     1388  4.95 -30.08 0.95000
     1389  4.95 -29.98 0.95000
     1390  4.95 -29.88 0.95000
     1391  4.95 -29.78 0.95000
     1392  4.95 -29.68 0.95000
     1393  4.95 -29.58 0.95000
     1394  4.95 -29.48 0.95000
     1395  4.95 -29.38 0.95000
     1396  4.95 -29.28 0.95000
     1397  4.95 -29.18 0.95000
     1398  4.95 -29.08 0.95000
     1399  4.95 -28.98 0.95000
     1400  4.95 -28.88 0.95000
     1401  4.95 -28.78 0.95000
     1402  4.95 -28.68 0.95000
     1403  4.95 -28.58 0.95000
     1404  4.95 -28.48 0.95000
     1405  4.95 -28.38 0.95000
     1406  4.95 -28.28 0.95000
     1407  4.95 -28.18 0.95000
     1408  4.95 -28.08 0.95000
     1409  4.95 -27.98 0.95000
     1410  4.95 -27.88 0.95000
     1411  4.95 -27.78 0.95000
     1412  4.95 -27.68 0.95000
     1413  4.95 -27.58 0.95000
     1414  4.95 -27.48 0.95000
     1415  4.95 -27.38 0.95000
     1416  4.95 -27.28 0.95000
     1417  4.95 -27.18 0.95000
     1418  4.95 -27.08 0.95000
     1419  4.95 -26.98 0.95000
     1420  4.95 -26.88 0.95000
     1421  4.95 -26.78 0.95000
     1422  4.95 -26.68 0.95000
     1423  4.95 -26.58 0.95000
     1424  4.95 -26.48 0.95000
     1425  4.95 -26.38 0.95000
     1426  4.95 -26.28 0.95000
     1427  4.95 -26.18 0.95000
     1428  4.95 -26.08 0.95000
     1429  4.95 -25.98 0.95000
     1430  4.95 -25.88 0.95000
     1431  4.95 -25.78 0.95000
     1432  5.00 -31.01 0.95000
     1433  5.00 -30.91 0.95000
     1434  5.00 -30.81 0.95000
     1435  5.00 -30.71 0.95000
     1436  5.00 -30.61 0.95000
     1437  5.00 -30.51 0.95000
     1438  5.00 -30.41 0.95000
     1439  5.00 -30.31 0.95000
     1440  5.00 -30.21 0.95000
     1441  5.00 -30.11 0.95000
     1442  5.00 -30.01 0.95000
     1443  5.00 -29.91 0.95000
     1444  5.00 -29.81 0.95000
     1445  5.00 -29.71 0.95000
     1446  5.00 -29.61 0.95000
     1447  5.00 -29.51 0.95000
     1448  5.00 -29.41 0.95000
     1449  5.00 -29.31 0.95000
     1450  5.00 -29.21 0.95000
     1451  5.00 -29.11 0.95000
     1452  5.00 -29.01 0.95000
     1453  5.00 -28.91 0.95000
     1454  5.00 -28.81 0.95000
     1455  5.00 -28.71 0.95000
     1456  5.00 -28.61 0.95000
     1457  5.00 -28.51 0.95000
     1458  5.00 -28.41 0.95000
     1459  5.00 -28.31 0.95000
     1460  5.00 -28.21 0.95000
     1461  5.00 -28.11 0.95000
     1462  5.00 -28.01 0.95000
     1463  5.00 -27.91 0.95000
     1464  5.00 -27.81 0.95000
     1465  5.00 -27.71 0.95000
     1466  5.00 -27.61 0.95000
     1467  5.00 -27.51 0.95000
     1468  5.00 -27.41 0.95000
     1469  5.00 -27.31 0.95000
     1470  5.00 -27.21 0.95000
     1471  5.00 -27.11 0.95000
     1472  5.00 -27.01 0.95000
     1473  5.00 -26.91 0.95000
     1474  5.00 -26.81 0.95000
     1475  5.00 -26.71 0.95000
     1476  5.00 -26.61 0.95000
     1477  5.00 -26.51 0.95000
     1478  5.00 -26.41 0.95000
     1479  5.00 -26.31 0.95000
     1480  5.00 -26.21 0.95000
     1481  5.00 -26.11 0.95000
     1482  5.00 -26.01 0.95000
     1483  5.00 -25.91 0.95000
     1484  5.00 -25.81 0.95000
     1485  5.05 -31.03 0.95000
     1486  5.05 -30.93 0.95000
     1487  5.05 -30.83 0.95000
     1488  5.05 -30.73 0.95000
     1489  5.05 -30.63 0.95000
     1490  5.05 -30.53 0.95000
     1491  5.05 -30.43 0.95000
     1492  5.05 -30.33 0.95000
     1493  5.05 -30.23 0.95000
     1494  5.05 -30.13 0.95000
     1495  5.05 -30.03 0.95000
     1496  5.05 -29.93 0.95000
     1497  5.05 -29.83 0.95000
     1498  5.05 -29.73 0.95000
     1499  5.05 -29.63 0.95000
     1500  5.05 -29.53 0.95000
     1501  5.05 -29.43 0.95000
     1502  5.05 -29.33 0.95000
     1503  5.05 -29.23 0.95000
     1504  5.05 -29.13 0.95000
     1505  5.05 -29.03 0.95000
     1506  5.05 -28.93 0.95000
     1507  5.05 -28.83 0.95000
     1508  5.05 -28.73 0.95000
     1509  5.05 -28.63 0.95000
     1510  5.05 -28.53 0.95000
     1511  5.05 -28.43 0.95000
     1512  5.05 -28.33 0.95000
     1513  5.05 -28.23 0.95000
     1514  5.05 -28.13 0.95000
     1515  5.05 -28.03 0.95000
     1516  5.05 -27.93 0.95000
     1517  5.05 -27.83 0.95000
     1518  5.05 -27.73 0.95000
     1519  5.05 -27.63 0.95000
     1520  5.05 -27.53 0.95000
     1521  5.05 -27.43 0.95000
     1522  5.05 -27.33 0.95000
     1523  5.05 -27.23 0.95000
     1524  5.05 -27.13 0.95000
     1525  5.05 -27.03 0.95000
     1526  5.05 -26.93 0.95000
     1527  5.05 -26.83 0.95000
     1528  5.05 -26.73 0.95000
     1529  5.05 -26.63 0.95000
     1530  5.05 -26.53 0.95000
     1531  5.05 -26.43 0.95000
     1532  5.05 -26.33 0.95000
     1533  5.05 -26.23 0.95000
     1534  5.05 -26.13 0.95000
     1535  5.05 -26.03 0.95000
     1536  5.05 -25.93 0.95000
     1537  5.05 -25.83 0.95000
     1538  5.10 -31.05 0.95000
     1539  5.10 -30.95 0.95000
     1540  5.10 -30.85 0.95000
     1541  5.10 -30.75 0.95000
     1542  5.10 -30.65 0.95000
     1543  5.10 -30.55 0.95000
     1544  5.10 -30.45 0.95000
     1545  5.10 -30.35 0.95000
     1546  5.10 -30.25 0.95000
     1547  5.10 -30.15 0.95000
     1548  5.10 -30.05 0.95000
     1549  5.10 -29.95 0.95000
     1550  5.10 -29.85 0.95000
     1551  5.10 -29.75 0.95000
     1552  5.10 -29.65 0.95000
     1553  5.10 -29.55 0.95000
     1554  5.10 -29.45 0.95000
     1555  5.10 -29.35 0.95000
     1556  5.10 -29.25 0.95000
     1557  5.10 -29.15 0.95000
     1558  5.10 -29.05 0.95000
     1559  5.10 -28.95 0.95000
     1560  5.10 -28.85 0.95000
     1561  5.10 -28.75 0.95000
     1562  5.10 -28.65 0.95000
     1563  5.10 -28.55 0.95000
     1564  5.10 -28.45 0.95000
     1565  5.10 -28.35 0.95000
     1566  5.10 -28.25 0.95000
     1567  5.10 -28.15 0.95000
     1568  5.10 -28.05 0.95000
     1569  5.10 -27.95 0.95000
     1570  5.10 -27.85 0.95000
     1571  5.10 -27.75 0.95000
     1572  5.10 -27.65 0.95000
     1573  5.10 -27.55 0.95000
     1574  5.10 -27.45 0.95000
     1575  5.10 -27.35 0.95000
     1576  5.10 -27.25 0.95000
     1577  5.10 -27.15 0.95000
     1578  5.10 -27.05 0.95000
     1579  5.10 -26.95 0.95000
     1580  5.10 -26.85 0.95000
     1581  5.10 -26.75 0.95000
     1582  5.10 -26.65 0.95000
     1583  5.10 -26.55 0.95000
     1584  5.10 -26.45 0.95000
     1585  5.10 -26.35 0.95000
     1586  5.10 -26.25 0.95000
     1587  5.10 -26.15 0.95000
     1588  5.10 -26.05 0.95000
     1589  5.10 -25.95 0.93480
     1590  5.10 -25.85 0.93480
     1591  5.15 -31.08 0.95000
     1592  5.15 -30.98 0.95000
     1593  5.15 -30.88 0.95000
     1594  5.15 -30.78 0.95000
     1595  5.15 -30.68 0.95000
     1596  5.15 -30.58 0.95000
     1597  5.15 -30.48 0.95000
     1598  5.15 -30.38 0.95000
     1599  5.15 -30.28 0.95000
     1600  5.15 -30.18 0.95000
     1601  5.15 -30.08 0.95000
     1602  5.15 -29.98 0.95000
     1603  5.15 -29.88 0.95000
     1604  5.15 -29.78 0.95000
     1605  5.15 -29.68 0.95000
     1606  5.15 -29.58 0.95000
     1607  5.15 -29.48 0.95000
     1608  5.15 -29.38 0.95000
     1609  5.15 -29.28 0.95000
     1610  5.15 -29.18 0.95000
     1611  5.15 -29.08 0.95000
     1612  5.15 -28.98 0.95000
     1613  5.15 -28.88 0.95000
     1614  5.15 -28.78 0.95000
     1615  5.15 -28.68 0.95000
     1616  5.15 -28.58 0.95000
     1617  5.15 -28.48 0.95000
     1618  5.15 -28.38 0.95000
     1619  5.15 -28.28 0.95000
     1620  5.15 -28.18 0.95000
     1621  5.15 -28.08 0.95000
     1622  5.15 -27.98 0.95000
     1623  5.15 -27.88 0.95000
     1624  5.15 -27.78 0.95000
     1625  5.15 -27.68 0.95000
     1626  5.15 -27.58 0.95000
     1627  5.15 -27.48 0.95000
     1628  5.15 -27.38 0.95000
     1629  5.15 -27.28 0.95000
     1630  5.15 -27.18 0.95000
     1631  5.15 -27.08 0.95000
     1632  5.15 -26.98 0.95000
     1633  5.15 -26.88 0.95000
     1634  5.15 -26.78 0.95000
     1635  5.15 -26.68 0.95000
     1636  5.15 -26.58 0.95000
     1637  5.15 -26.48 0.95000
     1638  5.15 -26.38 0.95000
     1639  5.15 -26.28 0.95000
     1640  5.15 -26.18 0.95000
     1641  5.15 -26.08 0.94050
     1642  5.15 -25.98 0.93195
     1643  5.15 -25.88 0.93195
     1644  5.20 -31.11 0.95000
     1645  5.20 -31.01 0.95000
     1646  5.20 -30.91 0.95000
     1647  5.20 -30.81 0.95000
     1648  5.20 -30.71 0.95000
     1649  5.20 -30.61 0.95000
     1650  5.20 -30.51 0.95000
     1651  5.20 -30.41 0.95000
     1652  5.20 -30.31 0.95000
     1653  5.20 -30.21 0.95000
     1654  5.20 -30.11 0.95000
     1655  5.20 -30.01 0.95000
     1656  5.20 -29.91 0.95000
     1657  5.20 -29.81 0.95000
     1658  5.20 -29.71 0.95000
     1659  5.20 -29.61 0.95000
     1660  5.20 -29.51 0.95000
     1661  5.20 -29.41 0.95000
     1662  5.20 -29.31 0.95000
     1663  5.20 -29.21 0.95000
     1664  5.20 -29.11 0.95000
     1665  5.20 -29.01 0.95000
     1666  5.20 -28.91 0.95000
     1667  5.20 -28.81 0.95000
     1668  5.20 -28.71 0.95000
     1669  5.20 -28.61 0.95000
     1670  5.20 -28.51 0.95000
     1671  5.20 -28.41 0.95000
     1672  5.20 -28.31 0.95000
     1673  5.20 -28.21 0.95000
     1674  5.20 -28.11 0.95000
     1675  5.20 -28.01 0.95000
     1676  5.20 -27.91 0.95000
     1677  5.20 -27.81 0.95000
     1678  5.20 -27.71 0.95000
     1679  5.20 -27.61 0.95000
     1680  5.20 -27.51 0.95000
     1681  5.20 -27.41 0.95000
     1682  5.20 -27.31 0.95000
     1683  5.20 -27.21 0.95000
     1684  5.20 -27.11 0.95000
     1685  5.20 -27.01 0.95000
     1686  5.20 -26.91 0.95000
     1687  5.20 -26.81 0.95000
     1688  5.20 -26.71 0.95000
     1689  5.20 -26.61 0.95000
     1690  5.20 -26.51 0.95000
     1691  5.20 -26.41 0.95000
     1692  5.20 -26.31 0.95000
     1693  5.20 -26.21 0.94525
     1694  5.20 -26.11 0.94525
     1695  5.20 -26.01 0.94050
     1696  5.20 -25.91 0.94050
     1697  5.25 -31.14 0.95000
     1698  5.25 -31.04 0.95000
     1699  5.25 -30.94 0.95000
     1700  5.25 -30.84 0.95000
     1701  5.25 -30.74 0.95000
     1702  5.25 -30.64 0.95000
     1703  5.25 -30.54 0.95000
     1704  5.25 -30.44 0.95000
     1705  5.25 -30.34 0.95000
     1706  5.25 -30.24 0.95000
     1707  5.25 -30.14 0.95000
     1708  5.25 -30.04 0.95000
     1709  5.25 -29.94 0.95000
     1710  5.25 -29.84 0.95000
     1711  5.25 -29.74 0.95000
     1712  5.25 -29.64 0.95000
     1713  5.25 -29.54 0.95000
     1714  5.25 -29.44 0.95000
     1715  5.25 -29.34 0.95000
     1716  5.25 -29.24 0.95000
     1717  5.25 -29.14 0.95000
     1718  5.25 -29.04 0.95000
     1719  5.25 -28.94 0.95000
     1720  5.25 -28.84 0.95000
     1721  5.25 -28.74 0.95000
     1722  5.25 -28.64 0.95000
     1723  5.25 -28.54 0.95000
     1724  5.25 -28.44 0.95000
     1725  5.25 -28.34 0.95000
     1726  5.25 -28.24 0.95000
     1727  5.25 -28.14 0.95000
     1728  5.25 -28.04 0.95000
     1729  5.25 -27.94 0.95000
     1730  5.25 -27.84 0.95000
     1731  5.25 -27.74 0.95000
     1732  5.25 -27.64 0.95000
     1733  5.25 -27.54 0.95000
     1734  5.25 -27.44 0.95000
     1735  5.25 -27.34 0.95000
     1736  5.25 -27.24 0.95000
     1737  5.25 -27.14 0.95000
     1738  5.25 -27.04 0.95000
     1739  5.25 -26.94 0.95000
     1740  5.25 -26.84 0.95000
     1741  5.25 -26.74 0.95000
     1742  5.25 -26.64 0.95000
     1743  5.25 -26.54 0.95000
     1744  5.25 -26.44 0.95000
     1745  5.25 -26.34 0.94525
     1746  5.25 -26.24 0.93100
     1747  5.25 -26.14 0.91200
     1748  5.25 -26.04 0.85310
     1749  5.25 -25.94 0.85310
     1750  5.30 -31.17 0.95000
     1751  5.30 -31.07 0.95000
     1752  5.30 -30.97 0.95000
     1753  5.30 -30.87 0.95000
     1754  5.30 -30.77 0.95000
     1755  5.30 -30.67 0.95000
     1756  5.30 -30.57 0.95000
     1757  5.30 -30.47 0.95000
     1758  5.30 -30.37 0.95000
     1759  5.30 -30.27 0.95000
     1760  5.30 -30.17 0.95000
     1761  5.30 -30.07 0.95000
     1762  5.30 -29.97 0.95000
     1763  5.30 -29.87 0.95000
     1764  5.30 -29.77 0.95000
     1765  5.30 -29.67 0.95000
     1766  5.30 -29.57 0.95000
     1767  5.30 -29.47 0.95000
     1768  5.30 -29.37 0.95000
     1769  5.30 -29.27 0.95000
     1770  5.30 -29.17 0.95000
     1771  5.30 -29.07 0.95000
     1772  5.30 -28.97 0.95000
     1773  5.30 -28.87 0.95000
     1774  5.30 -28.77 0.95000
     1775  5.30 -28.67 0.95000
     1776  5.30 -28.57 0.95000
     1777  5.30 -28.47 0.95000
     1778  5.30 -28.37 0.95000
     1779  5.30 -28.27 0.95000
     1780  5.30 -28.17 0.95000
     1781  5.30 -28.07 0.95000
     1782  5.30 -27.97 0.95000
     1783  5.30 -27.87 0.95000
     1784  5.30 -27.77 0.95000
     1785  5.30 -27.67 0.95000
     1786  5.30 -27.57 0.95000
     1787  5.30 -27.47 0.95000
     1788  5.30 -27.37 0.95000
     1789  5.30 -27.27 0.95000
     1790  5.30 -27.17 0.95000
     1791  5.30 -27.07 0.95000
     1792  5.30 -26.97 0.95000
     1793  5.30 -26.87 0.95000
     1794  5.30 -26.77 0.95000
     1795  5.30 -26.67 0.95000
     1796  5.30 -26.57 0.95000
     1797  5.30 -26.47 0.95000
     1798  5.30 -26.37 0.93005
     1799  5.30 -26.27 0.91105
     1800  5.30 -26.17 0.90060
     1801  5.30 -26.07 0.85120
     1802  5.30 -25.97 0.85120
     1803  5.35 -31.20 0.95000
     1804  5.35 -31.10 0.95000
     1805  5.35 -31.00 0.95000
     1806  5.35 -30.90 0.95000
     1807  5.35 -30.80 0.95000
     1808  5.35 -30.70 0.95000
     1809  5.35 -30.60 0.95000
     1810  5.35 -30.50 0.95000
     1811  5.35 -30.40 0.95000
     1812  5.35 -30.30 0.95000
     1813  5.35 -30.20 0.95000
     1814  5.35 -30.10 0.95000
     1815  5.35 -30.00 0.95000
     1816  5.35 -29.90 0.95000
     1817  5.35 -29.80 0.95000
     1818  5.35 -29.70 0.95000
     1819  5.35 -29.60 0.95000
     1820  5.35 -29.50 0.95000
     1821  5.35 -29.40 0.95000
     1822  5.35 -29.30 0.95000
     1823  5.35 -29.20 0.95000
     1824  5.35 -29.10 0.95000
     1825  5.35 -29.00 0.95000
     1826  5.35 -28.90 0.95000
     1827  5.35 -28.80 0.95000
     1828  5.35 -28.70 0.95000
     1829  5.35 -28.60 0.95000
     1830  5.35 -28.50 0.95000
     1831  5.35 -28.40 0.95000
     1832  5.35 -28.30 0.95000
     1833  5.35 -28.20 0.95000
     1834  5.35 -28.10 0.95000
     1835  5.35 -28.00 0.95000
     1836  5.35 -27.90 0.95000
     1837  5.35 -27.80 0.95000
     1838  5.35 -27.70 0.95000
     1839  5.35 -27.60 0.95000
     1840  5.35 -27.50 0.95000
     1841  5.35 -27.40 0.95000
     1842  5.35 -27.30 0.95000
     1843  5.35 -27.20 0.95000
     1844  5.35 -27.10 0.95000
     1845  5.35 -27.00 0.95000
     1846  5.35 -26.90 0.95000
     1847  5.35 -26.80 0.95000
     1848  5.35 -26.70 0.95000
     1849  5.35 -26.60 0.95000
     1850  5.35 -26.50 0.95000
     1851  5.35 -26.40 0.93575
     1852  5.35 -26.30 0.92625
     1853  5.35 -26.20 0.89585
     1854  5.35 -26.10 0.86070
     1855  5.35 -26.00 0.86070
     1856  5.40 -31.23 0.95000
     1857  5.40 -31.13 0.95000
     1858  5.40 -31.03 0.95000
     1859  5.40 -30.93 0.95000
     1860  5.40 -30.83 0.95000
     1861  5.40 -30.73 0.95000
     1862  5.40 -30.63 0.95000
     1863  5.40 -30.53 0.95000
     1864  5.40 -30.43 0.95000
     1865  5.40 -30.33 0.95000
     1866  5.40 -30.23 0.95000
     1867  5.40 -30.13 0.95000
     1868  5.40 -30.03 0.95000
     1869  5.40 -29.93 0.95000
     1870  5.40 -29.83 0.95000
     1871  5.40 -29.73 0.95000
     1872  5.40 -29.63 0.95000
     1873  5.40 -29.53 0.95000
     1874  5.40 -29.43 0.95000
     1875  5.40 -29.33 0.95000
     1876  5.40 -29.23 0.95000
     1877  5.40 -29.13 0.95000
     1878  5.40 -29.03 0.95000
     1879  5.40 -28.93 0.95000
     1880  5.40 -28.83 0.95000
     1881  5.40 -28.73 0.95000
     1882  5.40 -28.63 0.95000
     1883  5.40 -28.53 0.95000
     1884  5.40 -28.43 0.95000
     1885  5.40 -28.33 0.95000
     1886  5.40 -28.23 0.95000
     1887  5.40 -28.13 0.95000
     1888  5.40 -28.03 0.95000
     1889  5.40 -27.93 0.95000
     1890  5.40 -27.83 0.95000
     1891  5.40 -27.73 0.95000
     1892  5.40 -27.63 0.95000
     1893  5.40 -27.53 0.95000
     1894  5.40 -27.43 0.95000
     1895  5.40 -27.33 0.95000
     1896  5.40 -27.23 0.95000
     1897  5.40 -27.13 0.95000
     1898  5.40 -27.03 0.95000
     1899  5.40 -26.93 0.95000
     1900  5.40 -26.83 0.95000
     1901  5.40 -26.73 0.95000
     1902  5.40 -26.63 0.94525
     1903  5.40 -26.53 0.94050
     1904  5.40 -26.43 0.90915
     1905  5.40 -26.33 0.87780
     1906  5.40 -26.23 0.84170
     1907  5.40 -26.13 0.74670
     1908  5.40 -26.03 0.74670
     1909  5.45 -31.26 0.95000
     1910  5.45 -31.16 0.95000
     1911  5.45 -31.06 0.95000
     1912  5.45 -30.96 0.95000
     1913  5.45 -30.86 0.95000
     1914  5.45 -30.76 0.95000
     1915  5.45 -30.66 0.95000
     1916  5.45 -30.56 0.95000
     1917  5.45 -30.46 0.95000
     1918  5.45 -30.36 0.95000
     1919  5.45 -30.26 0.95000
     1920  5.45 -30.16 0.95000
     1921  5.45 -30.06 0.95000
     1922  5.45 -29.96 0.95000
     1923  5.45 -29.86 0.95000
     1924  5.45 -29.76 0.95000
     1925  5.45 -29.66 0.95000
     1926  5.45 -29.56 0.95000
     1927  5.45 -29.46 0.95000
     1928  5.45 -29.36 0.95000
     1929  5.45 -29.26 0.95000
     1930  5.45 -29.16 0.95000
     1931  5.45 -29.06 0.95000
     1932  5.45 -28.96 0.95000
     1933  5.45 -28.86 0.95000
     1934  5.45 -28.76 0.95000
     1935  5.45 -28.66 0.95000
     1936  5.45 -28.56 0.95000
     1937  5.45 -28.46 0.95000
     1938  5.45 -28.36 0.95000
     1939  5.45 -28.26 0.95000
     1940  5.45 -28.16 0.95000
     1941  5.45 -28.06 0.95000
     1942  5.45 -27.96 0.95000
     1943  5.45 -27.86 0.95000
     1944  5.45 -27.76 0.95000
     1945  5.45 -27.66 0.95000
     1946  5.45 -27.56 0.95000
     1947  5.45 -27.46 0.95000
     1948  5.45 -27.36 0.95000
     1949  5.45 -27.26 0.95000
     1950  5.45 -27.16 0.95000
     1951  5.45 -27.06 0.95000
     1952  5.45 -26.96 0.95000
     1953  5.45 -26.86 0.95000
     1954  5.45 -26.76 0.94525
     1955  5.45 -26.66 0.92245
     1956  5.45 -26.56 0.90535
     1957  5.45 -26.46 0.86260
     1958  5.45 -26.36 0.80465
     1959  5.45 -26.26 0.72200
     1960  5.45 -26.16 0.58615
     1961  5.45 -26.06 0.58615
     1962  5.50 -31.29 0.95000
     1963  5.50 -31.19 0.95000
     1964  5.50 -31.09 0.95000
     1965  5.50 -30.99 0.95000
     1966  5.50 -30.89 0.95000
     1967  5.50 -30.79 0.95000
     1968  5.50 -30.69 0.95000
     1969  5.50 -30.59 0.95000
     1970  5.50 -30.49 0.95000
     1971  5.50 -30.39 0.95000
     1972  5.50 -30.29 0.95000
     1973  5.50 -30.19 0.95000
     1974  5.50 -30.09 0.95000
     1975  5.50 -29.99 0.95000
     1976  5.50 -29.89 0.95000
     1977  5.50 -29.79 0.95000
     1978  5.50 -29.69 0.95000
     1979  5.50 -29.59 0.95000
     1980  5.50 -29.49 0.95000
     1981  5.50 -29.39 0.95000
     1982  5.50 -29.29 0.95000
     1983  5.50 -29.19 0.95000
     1984  5.50 -29.09 0.95000
     1985  5.50 -28.99 0.95000
     1986  5.50 -28.89 0.95000
     1987  5.50 -28.79 0.95000
     1988  5.50 -28.69 0.95000
     1989  5.50 -28.59 0.95000
     1990  5.50 -28.49 0.95000
     1991  5.50 -28.39 0.95000
     1992  5.50 -28.29 0.95000
     1993  5.50 -28.19 0.95000
     1994  5.50 -28.09 0.95000
     1995  5.50 -27.99 0.95000
     1996  5.50 -27.89 0.95000
     1997  5.50 -27.79 0.95000
     1998  5.50 -27.69 0.95000
     1999  5.50 -27.59 0.95000
     2000  5.50 -27.49 0.95000
     2001  5.50 -27.39 0.95000
     2002  5.50 -27.29 0.95000
     2003  5.50 -27.19 0.95000
     2004  5.50 -27.09 0.94525
     2005  5.50 -26.99 0.93670
     2006  5.50 -26.89 0.92530
     2007  5.50 -26.79 0.93575
     2008  5.50 -26.69 0.88445
     2009  5.50 -26.59 0.84930
     2010  5.50 -26.49 0.81510
     2011  5.50 -26.39 0.70870
     2012  5.50 -26.29 0.58615
     2013  5.50 -26.19 0.59565
     2014  5.50 -26.09 0.59565
     2015  5.55 -31.32 0.95000
     2016  5.55 -31.22 0.95000
     2017  5.55 -31.12 0.95000
     2018  5.55 -31.02 0.95000
     2019  5.55 -30.92 0.95000
     2020  5.55 -30.82 0.95000
     2021  5.55 -30.72 0.95000
     2022  5.55 -30.62 0.95000
     2023  5.55 -30.52 0.95000
     2024  5.55 -30.42 0.95000
     2025  5.55 -30.32 0.95000
     2026  5.55 -30.22 0.95000
     2027  5.55 -30.12 0.95000
     2028  5.55 -30.02 0.95000
     2029  5.55 -29.92 0.95000
     2030  5.55 -29.82 0.95000
     2031  5.55 -29.72 0.95000
     2032  5.55 -29.62 0.95000
     2033  5.55 -29.52 0.95000
     2034  5.55 -29.42 0.95000
     2035  5.55 -29.32 0.95000
     2036  5.55 -29.22 0.95000
     2037  5.55 -29.12 0.95000
     2038  5.55 -29.02 0.95000
     2039  5.55 -28.92 0.95000
     2040  5.55 -28.82 0.95000
     2041  5.55 -28.72 0.95000
     2042  5.55 -28.62 0.95000
     2043  5.55 -28.52 0.95000
     2044  5.55 -28.42 0.95000
     2045  5.55 -28.32 0.95000
     2046  5.55 -28.22 0.95000
     2047  5.55 -28.12 0.95000
     2048  5.55 -28.02 0.95000
     2049  5.55 -27.92 0.95000
     2050  5.55 -27.82 0.95000
     2051  5.55 -27.72 0.95000
     2052  5.55 -27.62 0.95000
     2053  5.55 -27.52 0.95000
     2054  5.55 -27.42 0.95000
     2055  5.55 -27.32 0.95000
     2056  5.55 -27.22 0.94525
     2057  5.55 -27.12 0.94525
     2058  5.55 -27.02 0.93100
     2059  5.55 -26.92 0.91675
     2060  5.55 -26.82 0.90250
     2061  5.55 -26.72 0.81130
     2062  5.55 -26.62 0.74860
     2063  5.55 -26.52 0.63460
     2064  5.55 -26.42 0.52060
     2065  5.55 -26.32 0.43320
     2066  5.55 -26.22 0.35720
     2067  5.55 -26.12 0.35720
     2068  5.60 -31.36 0.95000
     2069  5.60 -31.26 0.95000
     2070  5.60 -31.16 0.95000
     2071  5.60 -31.06 0.95000
     2072  5.60 -30.96 0.95000
     2073  5.60 -30.86 0.95000
     2074  5.60 -30.76 0.95000
     2075  5.60 -30.66 0.95000
     2076  5.60 -30.56 0.95000
     2077  5.60 -30.46 0.95000
     2078  5.60 -30.36 0.95000
     2079  5.60 -30.26 0.95000
     2080  5.60 -30.16 0.95000
     2081  5.60 -30.06 0.95000
     2082  5.60 -29.96 0.95000
     2083  5.60 -29.86 0.95000
     2084  5.60 -29.76 0.95000
     2085  5.60 -29.66 0.95000
     2086  5.60 -29.56 0.95000
     2087  5.60 -29.46 0.95000
     2088  5.60 -29.36 0.95000
     2089  5.60 -29.26 0.95000
     2090  5.60 -29.16 0.95000
     2091  5.60 -29.06 0.95000
     2092  5.60 -28.96 0.95000
     2093  5.60 -28.86 0.95000
     2094  5.60 -28.76 0.95000
     2095  5.60 -28.66 0.95000
     2096  5.60 -28.56 0.95000
     2097  5.60 -28.46 0.95000
     2098  5.60 -28.36 0.95000
     2099  5.60 -28.26 0.95000
     2100  5.60 -28.16 0.95000
     2101  5.60 -28.06 0.95000
     2102  5.60 -27.96 0.95000
     2103  5.60 -27.86 0.95000
     2104  5.60 -27.76 0.95000
     2105  5.60 -27.66 0.94525
     2106  5.60 -27.56 0.95000
     2107  5.60 -27.46 0.94525
     2108  5.60 -27.36 0.94525
     2109  5.60 -27.26 0.90630
     2110  5.60 -27.16 0.90820
     2111  5.60 -27.06 0.85405
     2112  5.60 -26.96 0.84550
     2113  5.60 -26.86 0.67355
     2114  5.60 -26.76 0.63175
     2115  5.60 -26.66 0.51205
     2116  5.60 -26.56 0.38665
     2117  5.60 -26.46 0.27930
     2118  5.60 -26.36 0.23655
     2119  5.60 -26.26 0.21470
     2120  5.60 -26.16 0.21470
     2121  5.65 -31.40 0.95000
     2122  5.65 -31.30 0.95000
     2123  5.65 -31.20 0.95000
     2124  5.65 -31.10 0.95000
     2125  5.65 -31.00 0.95000
     2126  5.65 -30.90 0.95000
     2127  5.65 -30.80 0.95000
     2128  5.65 -30.70 0.95000
     2129  5.65 -30.60 0.95000
     2130  5.65 -30.50 0.95000
     2131  5.65 -30.40 0.95000
     2132  5.65 -30.30 0.95000
     2133  5.65 -30.20 0.95000
     2134  5.65 -30.10 0.95000
     2135  5.65 -30.00 0.95000
     2136  5.65 -29.90 0.95000
     2137  5.65 -29.80 0.95000
     2138  5.65 -29.70 0.95000
     2139  5.65 -29.60 0.95000
     2140  5.65 -29.50 0.95000
     2141  5.65 -29.40 0.95000
     2142  5.65 -29.30 0.95000
     2143  5.65 -29.20 0.95000
     2144  5.65 -29.10 0.95000
     2145  5.65 -29.00 0.95000
     2146  5.65 -28.90 0.95000
     2147  5.65 -28.80 0.95000
     2148  5.65 -28.70 0.95000
     2149  5.65 -28.60 0.95000
     2150  5.65 -28.50 0.95000
     2151  5.65 -28.40 0.95000
     2152  5.65 -28.30 0.95000
     2153  5.65 -28.20 0.95000
     2154  5.65 -28.10 0.95000
     2155  5.65 -28.00 0.95000
     2156  5.65 -27.90 0.95000
     2157  5.65 -27.80 0.95000
     2158  5.65 -27.70 0.95000
     2159  5.65 -27.60 0.95000
     2160  5.65 -27.50 0.94525
     2161  5.65 -27.40 0.92150
     2162  5.65 -27.30 0.91105
     2163  5.65 -27.20 0.81985
     2164  5.65 -27.10 0.70015
     2165  5.65 -27.00 0.58900
     2166  5.65 -26.90 0.51680
     2167  5.65 -26.80 0.46550
     2168  5.65 -26.70 0.34010
     2169  5.65 -26.60 0.23180
     2170  5.65 -26.50 0.17100
     2171  5.65 -26.40 0.16245
     2172  5.65 -26.30 0.12350
     2173  5.65 -26.20 0.12350
     2174  5.70 -31.45 0.95000
     2175  5.70 -31.35 0.95000
     2176  5.70 -31.25 0.95000
     2177  5.70 -31.15 0.95000
     2178  5.70 -31.05 0.95000
     2179  5.70 -30.95 0.95000
     2180  5.70 -30.85 0.95000
     2181  5.70 -30.75 0.95000
     2182  5.70 -30.65 0.95000
     2183  5.70 -30.55 0.95000
     2184  5.70 -30.45 0.95000
     2185  5.70 -30.35 0.95000
     2186  5.70 -30.25 0.95000
     2187  5.70 -30.15 0.95000
     2188  5.70 -30.05 0.95000
     2189  5.70 -29.95 0.95000
     2190  5.70 -29.85 0.95000
     2191  5.70 -29.75 0.95000
     2192  5.70 -29.65 0.95000
     2193  5.70 -29.55 0.95000
     2194  5.70 -29.45 0.95000
     2195  5.70 -29.35 0.95000
     2196  5.70 -29.25 0.95000
     2197  5.70 -29.15 0.95000
     2198  5.70 -29.05 0.95000
     2199  5.70 -28.95 0.95000
     2200  5.70 -28.85 0.95000
     2201  5.70 -28.75 0.95000
     2202  5.70 -28.65 0.95000
     2203  5.70 -28.55 0.95000
     2204  5.70 -28.45 0.95000
     2205  5.70 -28.35 0.95000
     2206  5.70 -28.25 0.95000
     2207  5.70 -28.15 0.95000
     2208  5.70 -28.05 0.95000
     2209  5.70 -27.95 0.95000
     2210  5.70 -27.85 0.95000
     2211  5.70 -27.75 0.91675
     2212  5.70 -27.65 0.91010
     2213  5.70 -27.55 0.87495
     2214  5.70 -27.45 0.84455
     2215  5.70 -27.35 0.77425
     2216  5.70 -27.25 0.72105
     2217  5.70 -27.15 0.63745
     2218  5.70 -27.05 0.63650
     2219  5.70 -26.95 0.50255
     2220  5.70 -26.85 0.41610
     2221  5.70 -26.75 0.39995
     2222  5.70 -26.65 0.31065
     2223  5.70 -26.55 0.28690
     2224  5.70 -26.45 0.24415
     2225  5.70 -26.35 0.20045
     2226  5.70 -26.25 0.20045
     2227  5.75 -32.39 0.95000
     2228  5.75 -32.29 0.95000
     2229  5.75 -32.19 0.95000
     2230  5.75 -32.09 0.95000
     2231  5.75 -31.99 0.95000
     2232  5.75 -31.89 0.95000
     2233  5.75 -31.79 0.95000
     2234  5.75 -31.69 0.95000
     2235  5.75 -31.59 0.95000
     2236  5.75 -31.49 0.95000
     2237  5.75 -31.39 0.95000
     2238  5.75 -31.29 0.95000
     2239  5.75 -31.19 0.95000
     2240  5.75 -31.09 0.95000
     2241  5.75 -30.99 0.95000
     2242  5.75 -30.89 0.95000
     2243  5.75 -30.79 0.95000
     2244  5.75 -30.69 0.95000
     2245  5.75 -30.59 0.95000
     2246  5.75 -30.49 0.95000
     2247  5.75 -30.39 0.95000
     2248  5.75 -30.29 0.95000
     2249  5.75 -30.19 0.95000
     2250  5.75 -30.09 0.95000
     2251  5.75 -29.99 0.95000
     2252  5.75 -29.89 0.95000
     2253  5.75 -29.79 0.95000
     2254  5.75 -29.69 0.95000
     2255  5.75 -29.59 0.94525
     2256  5.75 -29.49 0.94525
     2257  5.75 -29.39 0.94525
     2258  5.75 -29.29 0.94525
     2259  5.75 -29.19 0.93955
     2260  5.75 -29.09 0.93575
     2261  5.75 -28.99 0.94050
     2262  5.75 -28.89 0.93670
     2263  5.75 -28.79 0.93575
     2264  5.75 -28.69 0.92530
     2265  5.75 -28.59 0.94050
     2266  5.75 -28.49 0.92150
     2267  5.75 -28.39 0.89205
     2268  5.75 -28.29 0.91770
     2269  5.75 -28.19 0.90630
     2270  5.75 -28.09 0.88635
     2271  5.75 -27.99 0.87495
     2272  5.75 -27.89 0.84645
     2273  5.75 -27.79 0.85120
     2274  5.75 -27.69 0.83695
     2275  5.75 -27.59 0.81320
     2276  5.75 -27.49 0.78090
     2277  5.75 -27.39 0.79705
     2278  5.75 -27.29 0.74670
     2279  5.75 -27.19 0.74670
     2280  5.80 -37.20 0.95000
     2281  5.80 -37.10 0.95000
     2282  5.80 -37.00 0.95000
     2283  5.80 -36.90 0.95000
     2284  5.80 -36.80 0.95000
     2285  5.80 -36.70 0.95000
     2286  5.80 -36.60 0.95000
     2287  5.80 -36.50 0.95000
     2288  5.80 -36.40 0.95000
     2289  5.80 -36.30 0.95000
     2290  5.80 -36.20 0.95000
     2291  5.80 -36.10 0.95000
     2292  5.80 -36.00 0.95000
     2293  5.80 -35.90 0.95000
     2294  5.80 -35.80 0.95000
     2295  5.80 -35.70 0.95000
     2296  5.80 -35.60 0.95000
     2297  5.80 -35.50 0.95000
     2298  5.80 -35.40 0.95000
     2299  5.80 -35.30 0.95000
     2300  5.80 -35.20 0.95000
     2301  5.80 -35.10 0.95000
     2302  5.80 -35.00 0.95000
     2303  5.80 -34.90 0.95000
     2304  5.80 -34.80 0.95000
     2305  5.80 -34.70 0.95000
     2306  5.80 -34.60 0.95000
     2307  5.80 -34.50 0.95000
     2308  5.80 -34.40 0.95000
     2309  5.80 -34.30 0.95000
     2310  5.80 -34.20 0.95000
     2311  5.80 -34.10 0.95000
     2312  5.80 -34.00 0.95000
     2313  5.80 -33.90 0.95000
     2314  5.80 -33.80 0.95000
     2315  5.80 -33.70 0.95000
     2316  5.80 -33.60 0.95000
     2317  5.80 -33.50 0.94050
     2318  5.80 -33.40 0.94525
     2319  5.80 -33.30 0.92625
     2320  5.80 -33.20 0.93575
     2321  5.80 -33.10 0.91770
     2322  5.80 -33.00 0.93575
     2323  5.80 -32.90 0.94050
     2324  5.80 -32.80 0.91295
     2325  5.80 -32.70 0.93100
     2326  5.80 -32.60 0.92530
     2327  5.80 -32.50 0.92245
     2328  5.80 -32.40 0.90155
     2329  5.80 -32.30 0.90915
     2330  5.80 -32.20 0.90155
     2331  5.80 -32.10 0.85975
     2332  5.80 -32.00 0.85975
     2333  5.85 -49.16 0.95000
     2334  5.85 -49.06 0.95000
     2335  5.85 -48.96 0.95000
     2336  5.85 -48.86 0.95000
     2337  5.85 -48.76 0.95000
     2338  5.85 -48.66 0.95000
     2339  5.85 -48.56 0.95000
     2340  5.85 -48.46 0.95000
     2341  5.85 -48.36 0.95000
     2342  5.85 -48.26 0.95000
     2343  5.85 -48.16 0.95000
     2344  5.85 -48.06 0.95000
     2345  5.85 -47.96 0.95000
     2346  5.85 -47.86 0.95000
     2347  5.85 -47.76 0.95000
     2348  5.85 -47.66 0.95000
     2349  5.85 -47.56 0.95000
     2350  5.85 -47.46 0.95000
     2351  5.85 -47.36 0.95000
     2352  5.85 -47.26 0.95000
     2353  5.85 -47.16 0.95000
     2354  5.85 -47.06 0.95000
     2355  5.85 -46.96 0.95000
     2356  5.85 -46.86 0.95000
     2357  5.85 -46.76 0.95000
     2358  5.85 -46.66 0.95000
     2359  5.85 -46.56 0.95000
     2360  5.85 -46.46 0.95000
     2361  5.85 -46.36 0.95000
     2362  5.85 -46.26 0.95000
     2363  5.85 -46.16 0.95000
     2364  5.85 -46.06 0.95000
     2365  5.85 -45.96 0.95000
     2366  5.85 -45.86 0.95000
     2367  5.85 -45.76 0.95000
     2368  5.85 -45.66 0.95000
     2369  5.85 -45.56 0.95000
     2370  5.85 -45.46 0.95000
     2371  5.85 -45.36 0.95000
     2372  5.85 -45.26 0.94525
     2373  5.85 -45.16 0.95000
     2374  5.85 -45.06 0.95000
     2375  5.85 -44.96 0.95000
     2376  5.85 -44.86 0.94525
     2377  5.85 -44.76 0.95000
     2378  5.85 -44.66 0.95000
     2379  5.85 -44.56 0.94525
     2380  5.85 -44.46 0.94050
     2381  5.85 -44.36 0.93575
     2382  5.85 -44.26 0.94050
     2383  5.85 -44.16 0.92530
     2384  5.85 -44.06 0.90345
     2385  5.85 -43.96 0.90345
     2386  5.90 -71.56 0.95000
     2387  5.90 -71.46 0.95000
     2388  5.90 -71.36 0.95000
     2389  5.90 -71.26 0.95000
     2390  5.90 -71.16 0.95000
     2391  5.90 -71.06 0.95000
     2392  5.90 -70.96 0.95000
     2393  5.90 -70.86 0.95000
     2394  5.90 -70.76 0.95000
     2395  5.90 -70.66 0.95000
     2396  5.90 -70.56 0.95000
     2397  5.90 -70.46 0.95000
     2398  5.90 -70.36 0.95000
     2399  5.90 -70.26 0.95000
     2400  5.90 -70.16 0.95000
     2401  5.90 -70.06 0.95000
     2402  5.90 -69.96 0.95000
     2403  5.90 -69.86 0.95000
     2404  5.90 -69.76 0.95000
     2405  5.90 -69.66 0.95000
     2406  5.90 -69.56 0.95000
     2407  5.90 -69.46 0.95000
     2408  5.90 -69.36 0.95000
     2409  5.90 -69.26 0.95000
     2410  5.90 -69.16 0.95000
     2411  5.90 -69.06 0.95000
     2412  5.90 -68.96 0.95000
     2413  5.90 -68.86 0.95000
     2414  5.90 -68.76 0.95000
     2415  5.90 -68.66 0.95000
     2416  5.90 -68.56 0.95000
     2417  5.90 -68.46 0.94525
     2418  5.90 -68.36 0.94525
     2419  5.90 -68.26 0.94525
     2420  5.90 -68.16 0.94525
     2421  5.90 -68.06 0.94525
     2422  5.90 -67.96 0.94525
     2423  5.90 -67.86 0.94525
     2424  5.90 -67.76 0.94525
     2425  5.90 -67.66 0.94525
     2426  5.90 -67.56 0.94525
     2427  5.90 -67.46 0.94525
     2428  5.90 -67.36 0.94050
     2429  5.90 -67.26 0.94525
     2430  5.90 -67.16 0.93100
     2431  5.90 -67.06 0.94050
     2432  5.90 -66.96 0.93100
     2433  5.90 -66.86 0.91295
     2434  5.90 -66.76 0.91580
     2435  5.90 -66.66 0.91770
     2436  5.90 -66.56 0.85690
     2437  5.90 -66.46 0.84075
     2438  5.90 -66.36 0.84075
     2439  5.95 -107.6 0.95000
     2440  5.95 -107.5 0.95000
     2441  5.95 -107.4 0.95000
     2442  5.95 -107.3 0.95000
     2443  5.95 -107.2 0.95000
     2444  5.95 -107.1 0.95000
     2445  5.95 -107.0 0.95000
     2446  5.95 -106.9 0.95000
     2447  5.95 -106.8 0.95000
     2448  5.95 -106.7 0.95000
     2449  5.95 -106.6 0.95000
     2450  5.95 -106.5 0.95000
     2451  5.95 -106.4 0.95000
     2452  5.95 -106.3 0.95000
     2453  5.95 -106.2 0.95000
     2454  5.95 -106.1 0.95000
     2455  5.95 -106.0 0.95000
     2456  5.95 -105.9 0.95000
     2457  5.95 -105.8 0.95000
     2458  5.95 -105.7 0.95000
     2459  5.95 -105.6 0.95000
     2460  5.95 -105.5 0.95000
     2461  5.95 -105.4 0.95000
     2462  5.95 -105.3 0.94525
     2463  5.95 -105.2 0.94525
     2464  5.95 -105.1 0.95000
     2465  5.95 -105.0 0.94525
     2466  5.95 -104.9 0.94525
     2467  5.95 -104.8 0.94050
     2468  5.95 -104.7 0.94050
     2469  5.95 -104.6 0.94525
     2470  5.95 -104.5 0.94525
     2471  5.95 -104.4 0.94050
     2472  5.95 -104.3 0.93575
     2473  5.95 -104.2 0.94050
     2474  5.95 -104.1 0.94050
     2475  5.95 -104.0 0.94050
     2476  5.95 -103.9 0.93100
     2477  5.95 -103.8 0.93575
     2478  5.95 -103.7 0.92625
     2479  5.95 -103.6 0.91105
     2480  5.95 -103.5 0.92245
     2481  5.95 -103.4 0.92530
     2482  5.95 -103.3 0.92245
     2483  5.95 -103.2 0.91200
     2484  5.95 -103.1 0.89965
     2485  5.95 -103.0 0.89110
     2486  5.95 -102.9 0.87400
     2487  5.95 -102.8 0.87970
     2488  5.95 -102.7 0.81320
     2489  5.95 -102.6 0.74290
     2490  5.95 -102.5 0.67830
     2491  5.95 -102.4 0.67830
     2492  6.00 -160.7 0.95000
     2493  6.00 -160.6 0.95000
     2494  6.00 -160.5 0.95000
     2495  6.00 -160.4 0.95000
     2496  6.00 -160.3 0.95000
     2497  6.00 -160.2 0.95000
     2498  6.00 -160.1 0.95000
     2499  6.00 -160.0 0.95000
     2500  6.00 -159.9 0.95000
     2501  6.00 -159.8 0.95000
     2502  6.00 -159.7 0.95000
     2503  6.00 -159.6 0.95000
     2504  6.00 -159.5 0.95000
     2505  6.00 -159.4 0.95000
     2506  6.00 -159.3 0.95000
     2507  6.00 -159.2 0.95000
     2508  6.00 -159.1 0.95000
     2509  6.00 -159.0 0.94335
     2510  6.00 -158.9 0.95000
     2511  6.00 -158.8 0.93860
     2512  6.00 -158.7 0.93860
     2513  6.00 -158.6 0.95000
     2514  6.00 -158.5 0.93385
     2515  6.00 -158.4 0.93480
     2516  6.00 -158.3 0.93385
     2517  6.00 -158.2 0.91580
     2518  6.00 -158.1 0.91485
     2519  6.00 -158.0 0.91105
     2520  6.00 -157.9 0.90060
     2521  6.00 -157.8 0.91105
     2522  6.00 -157.7 0.89680
     2523  6.00 -157.6 0.90250
     2524  6.00 -157.5 0.89965
     2525  6.00 -157.4 0.89015
     2526  6.00 -157.3 0.89110
     2527  6.00 -157.2 0.88255
     2528  6.00 -157.1 0.86640
     2529  6.00 -157.0 0.86925
     2530  6.00 -156.9 0.83220
     2531  6.00 -156.8 0.85975
     2532  6.00 -156.7 0.82935
     2533  6.00 -156.6 0.83125
     2534  6.00 -156.5 0.82270
     2535  6.00 -156.4 0.81605
     2536  6.00 -156.3 0.77615
     2537  6.00 -156.2 0.75050
     2538  6.00 -156.1 0.72580
     2539  6.00 -156.0 0.70205
     2540  6.00 -155.9 0.56050
     2541  6.00 -155.8 0.52535
     2542  6.00 -155.7 0.41895
     2543  6.00 -155.6 0.38190
     2544  6.00 -155.5 0.38190
