# Bongiorno et al. 2007, A&A, 472, 443: QLF of VVDS type1 AGN and SDSS DR3 (bright end)
# QSO emissivity for their parametric LDDE model at across the quoted redshift range 0<z<4
# Their LF is in rest-frame B band (in AB mag), conversion to M1450 with M1450=M_B+0.70
# emissivity calculated for M1450<-21 and M1450<-18 in units of 1e24 erg/s/Hz/Mpc^3
# counter   z      e1450_21 e1450_18 e912_21  e912_18
        1   0.02   0.1115   0.2334   0.0840   0.1759
        2   0.04   0.1266   0.2651   0.0954   0.1998
        3   0.06   0.1434   0.3002   0.1081   0.2263
        4   0.08   0.1621   0.3393   0.1221   0.2557
        5   0.10   0.1827   0.3825   0.1377   0.2883
        6   0.12   0.2056   0.4304   0.1549   0.3243
        7   0.14   0.2308   0.4832   0.1739   0.3641
        8   0.16   0.2586   0.5414   0.1949   0.4080
        9   0.18   0.2892   0.6054   0.2179   0.4563
       10   0.20   0.3228   0.6758   0.2433   0.5093
       11   0.22   0.3596   0.7529   0.2710   0.5674
       12   0.24   0.4000   0.8374   0.3014   0.6311
       13   0.26   0.4441   0.9298   0.3347   0.7007
       14   0.28   0.4923   1.0306   0.3710   0.7767
       15   0.30   0.5448   1.1406   0.4106   0.8596
       16   0.32   0.6020   1.2604   0.4537   0.9499
       17   0.34   0.6643   1.3906   0.5006   1.0480
       18   0.36   0.7318   1.5321   0.5515   1.1547
       19   0.38   0.8052   1.6856   0.6068   1.2703
       20   0.40   0.8846   1.8506   0.6667   1.3947
       21   0.42   0.9706   2.0207   0.7315   1.5228
       22   0.44   1.0636   2.1946   0.8015   1.6539
       23   0.46   1.1640   2.3724   0.8772   1.7879
       24   0.48   1.2723   2.5540   0.9588   1.9248
       25   0.50   1.3890   2.7394   1.0468   2.0645
       26   0.52   1.5147   2.9285   1.1415   2.2070
       27   0.54   1.6499   3.1211   1.2434   2.3522
       28   0.56   1.7952   3.3170   1.3529   2.4998
       29   0.58   1.9511   3.5162   1.4704   2.6500
       30   0.60   2.1184   3.7184   1.5965   2.8023
       31   0.62   2.2977   3.9232   1.7316   2.9567
       32   0.64   2.4897   4.1305   1.8763   3.1129
       33   0.66   2.6951   4.3400   2.0311   3.2708
       34   0.68   2.9147   4.5513   2.1966   3.4300
       35   0.70   3.1489   4.7640   2.3732   3.5903
       36   0.72   3.3884   4.9778   2.5536   3.7515
       37   0.74   3.6279   5.1923   2.7341   3.9131
       38   0.76   3.8669   5.4070   2.9142   4.0749
       39   0.78   4.1050   5.6215   3.0937   4.2366
       40   0.80   4.3419   5.8353   3.2722   4.3977
       41   0.82   4.5771   6.0481   3.4495   4.5580
       42   0.84   4.8101   6.2592   3.6251   4.7172
       43   0.86   5.0405   6.4683   3.7987   4.8747
       44   0.88   5.2678   6.6748   3.9700   5.0304
       45   0.90   5.4915   6.8783   4.1386   5.1838
       46   0.92   5.7114   7.0784   4.3043   5.3346
       47   0.94   5.9269   7.2746   4.4667   5.4824
       48   0.96   6.1376   7.4665   4.6255   5.6271
       49   0.98   6.3432   7.6538   4.7805   5.7682
       50   1.00   6.5433   7.8360   4.9313   5.9055
       51   1.02   6.7377   8.0128   5.0778   6.0388
       52   1.04   6.9260   8.1841   5.2197   6.1678
       53   1.06   7.1081   8.3494   5.3569   6.2924
       54   1.08   7.2836   8.5087   5.4892   6.4125
       55   1.10   7.4526   8.6617   5.6165   6.5277
       56   1.12   7.6148   8.8083   5.7388   6.6382
       57   1.14   7.7701   8.9484   5.8559   6.7438
       58   1.16   7.9186   9.0819   5.9678   6.8445
       59   1.18   8.0602   9.2090   6.0745   6.9402
       60   1.20   8.1950   9.3294   6.1760   7.0310
       61   1.22   8.3230   9.4434   6.2725   7.1169
       62   1.24   8.4442   9.5510   6.3639   7.1980
       63   1.26   8.5588   9.6522   6.4503   7.2743
       64   1.28   8.6670   9.7473   6.5318   7.3459
       65   1.30   8.7688   9.8362   6.6085   7.4130
       66   1.32   8.8645   9.9193   6.6806   7.4756
       67   1.34   8.9541   9.9966   6.7482   7.5338
       68   1.36   9.0380  10.0684   6.8113   7.5879
       69   1.38   9.1162  10.1348   6.8703   7.6380
       70   1.40   9.1890  10.1960   6.9252   7.6841
       71   1.42   9.2566  10.2522   6.9761   7.7264
       72   1.44   9.3192  10.3036   7.0233   7.7652
       73   1.46   9.3770  10.3505   7.0669   7.8005
       74   1.48   9.4302  10.3929   7.1069   7.8325
       75   1.50   9.4789  10.4311   7.1437   7.8613
       76   1.52   9.5235  10.4653   7.1772   7.8870
       77   1.54   9.5640  10.4957   7.2078   7.9099
       78   1.56   9.6007  10.5224   7.2354   7.9301
       79   1.58   9.6337  10.5457   7.2603   7.9476
       80   1.60   9.6632  10.5656   7.2826   7.9626
       81   1.62   9.6895  10.5824   7.3024   7.9753
       82   1.64   9.7126  10.5963   7.3198   7.9858
       83   1.66   9.7328  10.6074   7.3350   7.9941
       84   1.68   9.7501  10.6157   7.3480   8.0004
       85   1.70   9.7647  10.6216   7.3590   8.0048
       86   1.72   9.7767  10.6250   7.3681   8.0074
       87   1.74   9.7864  10.6262   7.3754   8.0083
       88   1.76   9.7937  10.6252   7.3809   8.0076
       89   1.78   9.7989  10.6223   7.3848   8.0053
       90   1.80   9.8021  10.6174   7.3872   8.0016
       91   1.82   9.8033  10.6107   7.3881   7.9966
       92   1.84   9.8027  10.6023   7.3877   7.9903
       93   1.86   9.8003  10.5923   7.3859   7.9827
       94   1.88   9.7964  10.5808   7.3829   7.9741
       95   1.90   9.7908  10.5679   7.3787   7.9643
       96   1.92   9.7838  10.5536   7.3735   7.9536
       97   1.94   9.7754  10.5380   7.3671   7.9418
       98   1.96   9.7658  10.5213   7.3598   7.9292
       99   1.98   9.7549  10.5034   7.3516   7.9158
      100   2.00   9.7428  10.4845   7.3425   7.9015
      101   2.02   9.7296  10.4646   7.3326   7.8865
      102   2.04   9.7154  10.4438   7.3219   7.8709
      103   2.06   9.7003  10.4221   7.3105   7.8545
      104   2.08   9.6842  10.3997   7.2984   7.8376
      105   2.10   9.5987  10.3078   7.2339   7.7684
      106   2.12   9.5145  10.2175   7.1705   7.7003
      107   2.14   9.4316  10.1284   7.1080   7.6331
      108   2.16   9.3499  10.0406   7.0464   7.5670
      109   2.18   9.2694   9.9542   6.9858   7.5019
      110   2.20   9.1901   9.8691   6.9260   7.4377
      111   2.22   9.1120   9.7852   6.8672   7.3745
      112   2.24   9.0351   9.7026   6.8092   7.3122
      113   2.26   8.9592   9.6211   6.7520   7.2508
      114   2.28   8.8845   9.5408   6.6957   7.1903
      115   2.30   8.8108   9.4617   6.6401   7.1307
      116   2.32   8.7381   9.3837   6.5854   7.0719
      117   2.34   8.6665   9.3068   6.5314   7.0140
      118   2.36   8.5959   9.2310   6.4782   6.9568
      119   2.38   8.5264   9.1563   6.4258   6.9005
      120   2.40   8.4577   9.0825   6.3740   6.8449
      121   2.42   8.3900   9.0099   6.3230   6.7902
      122   2.44   8.3233   8.9382   6.2727   6.7361
      123   2.46   8.2574   8.8675   6.2231   6.6829
      124   2.48   8.1925   8.7977   6.1741   6.6303
      125   2.50   8.1284   8.7289   6.1259   6.5784
      126   2.52   8.0652   8.6610   6.0782   6.5273
      127   2.54   8.0028   8.5941   6.0312   6.4768
      128   2.56   7.9413   8.5280   5.9849   6.4270
      129   2.58   7.8806   8.4628   5.9391   6.3779
      130   2.60   7.8207   8.3985   5.8939   6.3294
      131   2.62   7.7615   8.3350   5.8494   6.2815
      132   2.64   7.7032   8.2723   5.8054   6.2343
      133   2.66   7.6455   8.2104   5.7620   6.1877
      134   2.68   7.5887   8.1493   5.7191   6.1416
      135   2.70   7.5325   8.0890   5.6768   6.0962
      136   2.72   7.4771   8.0295   5.6350   6.0513
      137   2.74   7.4224   7.9708   5.5938   6.0071
      138   2.76   7.3684   7.9127   5.5531   5.9633
      139   2.78   7.3150   7.8554   5.5128   5.9201
      140   2.80   7.2623   7.7988   5.4731   5.8775
      141   2.82   7.2103   7.7430   5.4339   5.8354
      142   2.84   7.1589   7.6878   5.3952   5.7938
      143   2.86   7.1081   7.6332   5.3569   5.7527
      144   2.88   7.0580   7.5794   5.3191   5.7121
      145   2.90   7.0084   7.5262   5.2818   5.6720
      146   2.92   6.9595   7.4736   5.2449   5.6324
      147   2.94   6.9111   7.4217   5.2085   5.5933
      148   2.96   6.8633   7.3704   5.1725   5.5546
      149   2.98   6.8161   7.3197   5.1369   5.5164
      150   3.00   6.7695   7.2696   5.1017   5.4787
      151   3.02   6.7234   7.2201   5.0670   5.4414
      152   3.04   6.6778   7.1712   5.0327   5.4045
      153   3.06   6.6328   7.1228   4.9987   5.3680
      154   3.08   6.5883   7.0750   4.9652   5.3320
      155   3.10   6.5443   7.0278   4.9320   5.2964
      156   3.12   6.5008   6.9811   4.8993   5.2612
      157   3.14   6.4578   6.9349   4.8669   5.2264
      158   3.16   6.4153   6.8893   4.8348   5.1920
      159   3.18   6.3733   6.8442   4.8032   5.1580
      160   3.20   6.3318   6.7996   4.7719   5.1244
      161   3.22   6.2907   6.7555   4.7409   5.0912
      162   3.24   6.2501   6.7119   4.7103   5.0583
      163   3.26   6.2099   6.6687   4.6800   5.0258
      164   3.28   6.1702   6.6261   4.6501   4.9936
      165   3.30   6.1309   6.5839   4.6205   4.9619
      166   3.32   6.0921   6.5421   4.5912   4.9304
      167   3.34   6.0537   6.5009   4.5623   4.8993
      168   3.36   6.0156   6.4601   4.5336   4.8685
      169   3.38   5.9780   6.4197   4.5053   4.8381
      170   3.40   5.9408   6.3797   4.4772   4.8080
      171   3.42   5.9040   6.3402   4.4495   4.7782
      172   3.44   5.8676   6.3011   4.4221   4.7488
      173   3.46   5.8316   6.2625   4.3949   4.7196
      174   3.48   5.7960   6.2242   4.3681   4.6908
      175   3.50   5.7607   6.1863   4.3415   4.6622
      176   3.52   5.7258   6.1489   4.3152   4.6340
      177   3.54   5.6913   6.1118   4.2892   4.6061
      178   3.56   5.6571   6.0751   4.2634   4.5784
      179   3.58   5.6233   6.0388   4.2379   4.5510
      180   3.60   5.5899   6.0028   4.2127   4.5240
      181   3.62   5.5567   5.9673   4.1878   4.4971
      182   3.64   5.5239   5.9320   4.1630   4.4706
      183   3.66   5.4915   5.8972   4.1386   4.4443
      184   3.68   5.4594   5.8627   4.1144   4.4183
      185   3.70   5.4276   5.8285   4.0904   4.3926
      186   3.72   5.3961   5.7947   4.0667   4.3671
      187   3.74   5.3649   5.7613   4.0432   4.3419
      188   3.76   5.3340   5.7281   4.0199   4.3169
      189   3.78   5.3035   5.6953   3.9969   4.2922
      190   3.80   5.2732   5.6628   3.9741   4.2677
      191   3.82   5.2433   5.6307   3.9515   4.2435
      192   3.84   5.2136   5.5988   3.9292   4.2195
      193   3.86   5.1843   5.5673   3.9070   4.1957
      194   3.88   5.1552   5.5360   3.8851   4.1722
      195   3.90   5.1264   5.5051   3.8634   4.1488
      196   3.92   5.0979   5.4745   3.8419   4.1258
      197   3.94   5.0696   5.4441   3.8206   4.1029
      198   3.96   5.0416   5.4141   3.7995   4.0802
      199   3.98   5.0139   5.3843   3.7786   4.0578
      200   4.00   4.9864   5.3548   3.7580   4.0356
