# Caditz 2017, A&A, 608, A64: corrected apparent error in K correction of Palanque-Delabrouille et al. 2016, A&A, 587, A41
# I calculated the QSO emissivity for his parametric PLE+LEDE model (same parametrization as PD16)
# Cosmology rescaled to our values, conversion from Mg(z=2) to M1450 with Lusso et al. spectral index
# emissivity calculated for M1450<-21 and M1450<-18 in units of 1e24 erg/s/Hz/Mpc^3
# counter   z      e1450_21 e1450_18 e912_21  e912_18
        1   0.68   2.2241   3.0659   1.6762   2.3106
        2   0.70   2.3694   3.2330   1.7857   2.4365
        3   0.72   2.5208   3.4062   1.8998   2.5670
        4   0.74   2.6784   3.5857   2.0185   2.7023
        5   0.76   2.8420   3.7715   2.1419   2.8423
        6   0.78   3.0119   3.9636   2.2699   2.9871
        7   0.80   3.1880   4.1619   2.4026   3.1366
        8   0.82   3.3702   4.3666   2.5399   3.2909
        9   0.84   3.5587   4.5776   2.6820   3.4499
       10   0.86   3.7533   4.7948   2.8286   3.6136
       11   0.88   3.9541   5.0183   2.9799   3.7819
       12   0.90   4.1609   5.2478   3.1358   3.9549
       13   0.92   4.3737   5.4833   3.2962   4.1324
       14   0.94   4.5924   5.7248   3.4610   4.3144
       15   0.96   4.8168   5.9721   3.6301   4.5008
       16   0.98   5.0470   6.2250   3.8036   4.6914
       17   1.00   5.2826   6.4835   3.9812   4.8862
       18   1.02   5.5236   6.7472   4.1628   5.0849
       19   1.04   5.7697   7.0161   4.3483   5.2876
       20   1.06   6.0208   7.2898   4.5375   5.4939
       21   1.08   6.2766   7.5682   4.7303   5.7037
       22   1.10   6.5369   7.8510   4.9265   5.9168
       23   1.12   6.8014   8.1378   5.1258   6.1330
       24   1.14   7.0698   8.4285   5.3281   6.3520
       25   1.16   7.3419   8.7226   5.5331   6.5737
       26   1.18   7.6172   9.0199   5.7406   6.7978
       27   1.20   7.8956   9.3200   5.9504   7.0239
       28   1.22   8.1765   9.6225   6.1621   7.2519
       29   1.24   8.4597   9.9270   6.3755   7.4813
       30   1.26   8.7447  10.2331   6.5903   7.7120
       31   1.28   9.0311  10.5403   6.8062   7.9436
       32   1.30   9.3185  10.8484   7.0228   8.1757
       33   1.32   9.6065  11.1566   7.2398   8.4080
       34   1.34   9.8946  11.4647   7.4570   8.6402
       35   1.36  10.1824  11.7722   7.6738   8.8719
       36   1.38  10.4694  12.0784   7.8901   9.1027
       37   1.40  10.7550  12.3830   8.1053   9.3323
       38   1.42  11.0388  12.6854   8.3192   9.5602
       39   1.44  11.3203  12.9851   8.5314   9.7860
       40   1.46  11.5990  13.2815   8.7414  10.0094
       41   1.48  11.8743  13.5742   8.9489  10.2300
       42   1.50  12.1458  13.8625   9.1536  10.4473
       43   1.52  12.4130  14.1462   9.3549  10.6611
       44   1.54  12.6752  14.4243   9.5525  10.8707
       45   1.56  12.9321  14.6966   9.7461  11.0759
       46   1.58  13.1830  14.9625   9.9352  11.2763
       47   1.60  13.4275  15.2214  10.1195  11.4714
       48   1.62  13.6652  15.4729  10.2986  11.6610
       49   1.64  13.8953  15.7164  10.4720  11.8444
       50   1.66  14.1175  15.9513  10.6395  12.0215
       51   1.68  14.3314  16.1774  10.8007  12.1919
       52   1.70  14.5365  16.3940  10.9552  12.3551
       53   1.72  14.7322  16.6007  11.1027  12.5109
       54   1.74  14.9182  16.7970  11.2429  12.6589
       55   1.76  15.0942  16.9827  11.3755  12.7988
       56   1.78  15.2595  17.1571  11.5002  12.9303
       57   1.80  15.4140  17.3200  11.6166  13.0530
       58   1.82  15.5573  17.4711  11.7246  13.1669
       59   1.84  15.6891  17.6099  11.8239  13.2715
       60   1.86  15.8089  17.7362  11.9142  13.3667
       61   1.88  15.9166  17.8496  11.9953  13.4521
       62   1.90  16.0119  17.9500  12.0672  13.5278
       63   1.92  16.0947  18.0372  12.1296  13.5935
       64   1.94  16.1645  18.1107  12.1822  13.6489
       65   1.96  16.2215  18.1707  12.2251  13.6941
       66   1.98  16.2654  18.2168  12.2582  13.7288
       67   2.00  16.2960  18.2490  12.2813  13.7531
       68   2.02  16.3134  18.2673  12.2944  13.7669
       69   2.04  16.3175  18.2715  12.2975  13.7701
       70   2.06  16.3083  18.2618  12.2906  13.7628
       71   2.08  16.2858  18.2379  12.2736  13.7448
       72   2.10  16.2500  18.2002  12.2466  13.7163
       73   2.12  16.2011  18.1486  12.2097  13.6774
       74   2.14  16.1391  18.0832  12.1631  13.6282
       75   2.16  16.0643  18.0043  12.1066  13.5687
       76   2.18  15.9766  17.9119  12.0406  13.4990
       77   2.20  15.8765  17.8063  11.9651  13.4195
       78   2.22  15.7364  17.6359  11.8596  13.2911
       79   2.24  15.5942  17.4633  11.7523  13.1610
       80   2.26  15.4499  17.2888  11.6436  13.0295
       81   2.28  15.3037  17.1125  11.5334  12.8966
       82   2.30  15.1557  16.9345  11.4219  12.7625
       83   2.32  15.0059  16.7548  11.3090  12.6270
       84   2.34  14.8543  16.5734  11.1948  12.4903
       85   2.36  14.7012  16.3906  11.0794  12.3526
       86   2.38  14.5465  16.2065  10.9628  12.2138
       87   2.40  14.3904  16.0210  10.8452  12.0740
       88   2.42  14.2331  15.8344  10.7266  11.9334
       89   2.44  14.0743  15.6467  10.6069  11.7919
       90   2.46  13.9144  15.4579  10.4864  11.6497
       91   2.48  13.7534  15.2683  10.3651  11.5067
       92   2.50  13.5914  15.0778  10.2430  11.3632
       93   2.52  13.4284  14.8867  10.1202  11.2191
       94   2.54  13.2647  14.6949   9.9967  11.0746
       95   2.56  13.1001  14.5025   9.8727  10.9296
       96   2.58  12.9348  14.3097   9.7482  10.7843
       97   2.60  12.7690  14.1166   9.6232  10.6388
       98   2.62  12.6025  13.9231   9.4977  10.4929
       99   2.64  12.4357  13.7295   9.3720  10.3470
      100   2.66  12.2686  13.5358   9.2460  10.2011
      101   2.68  12.1010  13.3420   9.1198  10.0550
      102   2.70  11.9333  13.1483   8.9934   9.9090
      103   2.72  11.7655  12.9547   8.8669   9.7632
      104   2.74  11.5976  12.7614   8.7404   9.6175
      105   2.76  11.4297  12.5684   8.6139   9.4720
      106   2.78  11.2619  12.3758   8.4874   9.3268
      107   2.80  11.0942  12.1836   8.3610   9.1820
      108   2.82  10.9268  11.9919   8.2349   9.0375
      109   2.84  10.7597  11.8009   8.1089   8.8936
      110   2.86  10.5929  11.6105   7.9832   8.7501
      111   2.88  10.4265  11.4208   7.8578   8.6071
      112   2.90  10.2607  11.2320   7.7328   8.4648
      113   2.92  10.0954  11.0440   7.6083   8.3232
      114   2.94   9.9307  10.8570   7.4841   8.1822
      115   2.96   9.7667  10.6710   7.3605   8.0420
      116   2.98   9.6034  10.4860   7.2375   7.9026
      117   3.00   9.4409  10.3022   7.1150   7.7641
      118   3.02   9.2792  10.1195   6.9932   7.6264
      119   3.04   9.1185   9.9380   6.8720   7.4897
      120   3.06   8.9587   9.7579   6.7516   7.3539
      121   3.08   8.7999   9.5791   6.6319   7.2192
      122   3.10   8.6421   9.4016   6.5130   7.0854
      123   3.12   8.4855   9.2256   6.3950   6.9528
      124   3.14   8.3300   9.0511   6.2778   6.8213
      125   3.16   8.1757   8.8781   6.1615   6.6909
      126   3.18   8.0226   8.7066   6.0461   6.5617
      127   3.20   7.8708   8.5369   5.9317   6.4337
      128   3.22   7.7203   8.3687   5.8183   6.3069
      129   3.24   7.5712   8.2022   5.7059   6.1815
      130   3.26   7.4234   8.0374   5.5946   6.0573
      131   3.28   7.2771   7.8743   5.4843   5.9344
      132   3.30   7.1322   7.7131   5.3751   5.8129
      133   3.32   6.9888   7.5536   5.2670   5.6927
      134   3.34   6.8469   7.3960   5.1601   5.5739
      135   3.36   6.7065   7.2402   5.0543   5.4565
      136   3.38   6.5678   7.0863   4.9497   5.3405
      137   3.40   6.4306   6.9344   4.8463   5.2260
      138   3.42   6.2950   6.7843   4.7441   5.1129
      139   3.44   6.1610   6.6362   4.6432   5.0013
      140   3.46   6.0288   6.4901   4.5435   4.8912
      141   3.48   5.8981   6.3459   4.4451   4.7825
      142   3.50   5.7692   6.2037   4.3479   4.6754
      143   3.52   5.6420   6.0636   4.2520   4.5697
      144   3.54   5.5165   5.9254   4.1574   4.4656
      145   3.56   5.3927   5.7893   4.0642   4.3630
      146   3.58   5.2707   5.6552   3.9722   4.2620
      147   3.60   5.1504   5.5232   3.8816   4.1625
      148   3.62   5.0319   5.3931   3.7922   4.0645
      149   3.64   4.9152   5.2652   3.7043   3.9680
      150   3.66   4.8002   5.1392   3.6176   3.8731
      151   3.68   4.6870   5.0154   3.5323   3.7798
      152   3.70   4.5756   4.8935   3.4483   3.6879
      153   3.72   4.4660   4.7737   3.3657   3.5977
      154   3.74   4.3581   4.6560   3.2844   3.5089
      155   3.76   4.2521   4.5403   3.2045   3.4217
      156   3.78   4.1478   4.4266   3.1259   3.3361
      157   3.80   4.0453   4.3150   3.0487   3.2519
      158   3.82   3.9446   4.2053   2.9728   3.1693
      159   3.84   3.8456   4.0977   2.8982   3.0882
      160   3.86   3.7484   3.9921   2.8249   3.0086
      161   3.88   3.6530   3.8885   2.7530   2.9305
      162   3.90   3.5593   3.7868   2.6824   2.8539
      163   3.92   3.4674   3.6871   2.6131   2.7787
      164   3.94   3.3771   3.5894   2.5451   2.7051
      165   3.96   3.2887   3.4936   2.4785   2.6329
      166   3.98   3.2019   3.3997   2.4131   2.5621
      167   4.00   3.1168   3.3077   2.3490   2.4928
