# Palanque-Delabrouille et al. 2013, A&A, 551, A29: QLF of variability-selected QSOs in BOSS+MMT survey
# I calculated the QSO emissivity for their parametric PLE model across the quoted redshift range 0.68<z<4
# Attention: 1. K correction is uncertain at z>2.6 due to Lya forest
#            2. They fit binned LFs and report just their parametric model fit instead of individual fits
#            3. They assume constant LF slopes with breaks at z=2.2, faint-end slope poorly constrained at z>2.6
#               -> discontinuity in emissivity at z=2.2
# Cosmology rescaled to our values, conversion from Mg(z=2) to M1450 with Lusso et al. spectral index
# emissivity calculated for M1450<-21 and M1450<-18 in units of 1e24 erg/s/Hz/Mpc^3
# counter   z      e1450_21 e1450_18 e912_21  e912_18
        1   0.68   1.2092   1.6621   0.9113   1.2526
        2   0.70   1.2858   1.7490   0.9690   1.3181
        3   0.72   1.3656   1.8391   1.0292   1.3860
        4   0.74   1.4486   1.9325   1.0918   1.4564
        5   0.76   1.5349   2.0292   1.1568   1.5293
        6   0.78   1.6245   2.1292   1.2243   1.6047
        7   0.80   1.7174   2.2327   1.2943   1.6826
        8   0.82   1.8136   2.3395   1.3668   1.7631
        9   0.84   1.9132   2.4497   1.4419   1.8462
       10   0.86   2.0162   2.5634   1.5195   1.9319
       11   0.88   2.1226   2.6805   1.5997   2.0201
       12   0.90   2.2324   2.8011   1.6824   2.1110
       13   0.92   2.3455   2.9250   1.7677   2.2044
       14   0.94   2.4621   3.0524   1.8555   2.3004
       15   0.96   2.5820   3.1832   1.9459   2.3990
       16   0.98   2.7053   3.3174   2.0388   2.5001
       17   1.00   2.8319   3.4548   2.1342   2.6037
       18   1.02   2.9617   3.5956   2.2321   2.7098
       19   1.04   3.0948   3.7396   2.3324   2.8183
       20   1.06   3.2311   3.8867   2.4351   2.9292
       21   1.08   3.3705   4.0370   2.5401   3.0424
       22   1.10   3.5129   4.1902   2.6474   3.1579
       23   1.12   3.6582   4.3464   2.7570   3.2756
       24   1.14   3.8064   4.5055   2.8687   3.3955
       25   1.16   3.9574   4.6672   2.9825   3.5174
       26   1.18   4.1111   4.8316   3.0983   3.6413
       27   1.20   4.2673   4.9985   3.2160   3.7671
       28   1.22   4.4259   5.1678   3.3355   3.8946
       29   1.24   4.5868   5.3393   3.4568   4.0239
       30   1.26   4.7498   5.5129   3.5796   4.1547
       31   1.28   4.9148   5.6884   3.7040   4.2870
       32   1.30   5.0817   5.8656   3.8297   4.4206
       33   1.32   5.2502   6.0444   3.9567   4.5553
       34   1.34   5.4202   6.2247   4.0849   4.6911
       35   1.36   5.5915   6.4061   4.2140   4.8279
       36   1.38   5.7639   6.5885   4.3439   4.9654
       37   1.40   5.9372   6.7718   4.4745   5.1035
       38   1.42   6.1113   6.9556   4.6057   5.2420
       39   1.44   6.2858   7.1398   4.7372   5.3808
       40   1.46   6.4606   7.3241   4.8689   5.5197
       41   1.48   6.6354   7.5083   5.0007   5.6586
       42   1.50   6.8100   7.6922   5.1323   5.7971
       43   1.52   6.9842   7.8755   5.2636   5.9353
       44   1.54   7.1577   8.0580   5.3943   6.0728
       45   1.56   7.3303   8.2394   5.5244   6.2095
       46   1.58   7.5017   8.4195   5.6536   6.3452
       47   1.60   7.6718   8.5980   5.7817   6.4798
       48   1.62   7.8401   8.7746   5.9086   6.6129
       49   1.64   8.0065   8.9491   6.0340   6.7444
       50   1.66   8.1707   9.1212   6.1577   6.8741
       51   1.68   8.3325   9.2907   6.2796   7.0018
       52   1.70   8.4915   9.4572   6.3995   7.1273
       53   1.72   8.6476   9.6206   6.5171   7.2504
       54   1.74   8.8004   9.7805   6.6323   7.3709
       55   1.76   8.9498   9.9367   6.7449   7.4887
       56   1.78   9.0954  10.0890   6.8546   7.6034
       57   1.80   9.2370  10.2370   6.9614   7.7150
       58   1.82   9.3744  10.3806   7.0649   7.8232
       59   1.84   9.5074  10.5195   7.1651   7.9279
       60   1.86   9.6356  10.6534   7.2618   8.0288
       61   1.88   9.7589  10.7822   7.3547   8.1259
       62   1.90   9.8771  10.9055   7.4437   8.2188
       63   1.92   9.9899  11.0233   7.5288   8.3075
       64   1.94  10.0971  11.1351   7.6095   8.3918
       65   1.96  10.1985  11.2410   7.6860   8.4716
       66   1.98  10.2940  11.3406   7.7579   8.5467
       67   2.00  10.3834  11.4339   7.8253   8.6170
       68   2.02  10.4664  11.5205   7.8879   8.6823
       69   2.04  10.5430  11.6004   7.9456   8.7425
       70   2.06  10.6130  11.6734   7.9984   8.7975
       71   2.08  10.6763  11.7395   8.0461   8.8473
       72   2.10  10.7327  11.7983   8.0885   8.8916
       73   2.12  10.7821  11.8500   8.1258   8.9306
       74   2.14  10.8245  11.8942   8.1578   8.9639
       75   2.16  10.8598  11.9311   8.1844   8.9917
       76   2.18  10.8878  11.9605   8.2055   9.0138
       77   2.20  10.9086  11.9823   8.2211   9.0303
       78   2.22   9.4319   9.7554   7.1082   7.3521
       79   2.24   9.2767   9.5995   6.9913   7.2345
       80   2.26   9.1237   9.4457   6.8760   7.1186
       81   2.28   8.9728   9.2939   6.7622   7.0043
       82   2.30   8.8239   9.1443   6.6500   6.8915
       83   2.32   8.6771   8.9967   6.5394   6.7802
       84   2.34   8.5324   8.8511   6.4303   6.6705
       85   2.36   8.3897   8.7076   6.3228   6.5624
       86   2.38   8.2489   8.5660   6.2167   6.4557
       87   2.40   8.1102   8.4265   6.1121   6.3505
       88   2.42   7.9733   8.2888   6.0090   6.2468
       89   2.44   7.8384   8.1531   5.9073   6.1445
       90   2.46   7.7055   8.0193   5.8071   6.0437
       91   2.48   7.5744   7.8874   5.7083   5.9443
       92   2.50   7.4452   7.7574   5.6110   5.8463
       93   2.52   7.3178   7.6292   5.5150   5.7497
       94   2.54   7.1922   7.5028   5.4203   5.6544
       95   2.56   7.0685   7.3783   5.3271   5.5606
       96   2.58   6.9466   7.2555   5.2352   5.4680
       97   2.60   6.8264   7.1345   5.1446   5.3768
       98   2.62   6.7079   7.0153   5.0553   5.2870
       99   2.64   6.5912   6.8977   4.9674   5.1984
      100   2.66   6.4762   6.7819   4.8807   5.1111
      101   2.68   6.3629   6.6677   4.7953   5.0250
      102   2.70   6.2512   6.5552   4.7111   4.9403
      103   2.72   6.1412   6.4444   4.6282   4.8567
      104   2.74   6.0328   6.3352   4.5465   4.7744
      105   2.76   5.9260   6.2276   4.4661   4.6933
      106   2.78   5.8208   6.1216   4.3868   4.6135
      107   2.80   5.7172   6.0171   4.3087   4.5347
      108   2.82   5.6151   5.9142   4.2318   4.4572
      109   2.84   5.5146   5.8129   4.1560   4.3808
      110   2.86   5.4156   5.7130   4.0814   4.3055
      111   2.88   5.3181   5.6147   4.0079   4.2314
      112   2.90   5.2220   5.5178   3.9355   4.1584
      113   2.92   5.1274   5.4224   3.8642   4.0865
      114   2.94   5.0343   5.3284   3.7940   4.0157
      115   2.96   4.9425   5.2358   3.7249   3.9459
      116   2.98   4.8522   5.1447   3.6568   3.8772
      117   3.00   4.7633   5.0549   3.5898   3.8096
      118   3.02   4.6757   4.9665   3.5238   3.7430
      119   3.04   4.5895   4.8795   3.4589   3.6774
      120   3.06   4.5047   4.7938   3.3949   3.6128
      121   3.08   4.4211   4.7095   3.3319   3.5492
      122   3.10   4.3389   4.6264   3.2700   3.4866
      123   3.12   4.2579   4.5446   3.2089   3.4250
      124   3.14   4.1783   4.4641   3.1489   3.3643
      125   3.16   4.0998   4.3848   3.0898   3.3046
      126   3.18   4.0226   4.3068   3.0316   3.2457
      127   3.20   3.9467   4.2300   2.9744   3.1879
      128   3.22   3.8719   4.1544   2.9180   3.1309
      129   3.24   3.7983   4.0800   2.8626   3.0748
      130   3.26   3.7259   4.0068   2.8080   3.0196
      131   3.28   3.6547   3.9347   2.7543   2.9653
      132   3.30   3.5846   3.8638   2.7015   2.9119
      133   3.32   3.5156   3.7940   2.6495   2.8593
      134   3.34   3.4478   3.7253   2.5984   2.8075
      135   3.36   3.3810   3.6577   2.5481   2.7566
      136   3.38   3.3154   3.5912   2.4986   2.7064
      137   3.40   3.2508   3.5257   2.4499   2.6571
      138   3.42   3.1872   3.4614   2.4020   2.6086
      139   3.44   3.1247   3.3980   2.3549   2.5609
      140   3.46   3.0632   3.3357   2.3086   2.5139
      141   3.48   3.0028   3.2744   2.2630   2.4677
      142   3.50   2.9433   3.2141   2.2182   2.4223
      143   3.52   2.8848   3.1548   2.1741   2.3776
      144   3.54   2.8273   3.0964   2.1308   2.3336
      145   3.56   2.7708   3.0390   2.0882   2.2903
      146   3.58   2.7152   2.9826   2.0463   2.2478
      147   3.60   2.6605   2.9271   2.0050   2.2060
      148   3.62   2.6067   2.8725   1.9645   2.1648
      149   3.64   2.5539   2.8188   1.9247   2.1244
      150   3.66   2.5019   2.7660   1.8855   2.0846
      151   3.68   2.4508   2.7141   1.8470   2.0454
      152   3.70   2.4006   2.6630   1.8092   2.0070
      153   3.72   2.3513   2.6128   1.7720   1.9691
      154   3.74   2.3028   2.5635   1.7354   1.9319
      155   3.76   2.2551   2.5149   1.6995   1.8954
      156   3.78   2.2082   2.4672   1.6642   1.8594
      157   3.80   2.1622   2.4203   1.6295   1.8241
      158   3.82   2.1169   2.3742   1.5954   1.7893
      159   3.84   2.0724   2.3289   1.5618   1.7552
      160   3.86   2.0287   2.2844   1.5289   1.7216
      161   3.88   1.9858   2.2406   1.4965   1.6886
      162   3.90   1.9436   2.1975   1.4647   1.6561
      163   3.92   1.9021   2.1552   1.4335   1.6243
      164   3.94   1.8614   2.1137   1.4028   1.5929
      165   3.96   1.8214   2.0728   1.3727   1.5621
      166   3.98   1.7821   2.0326   1.3430   1.5319
      167   4.00   1.7435   1.9932   1.3139   1.5021
