# Selection function for SDSS Stripe 82 z~6 survey (Jiang et al. 2016, arXiv:1610.05369)
# provided by Linhua Jiang
# counter  z     M1450  p
        1  5.600 -27.30 0.00100
        2  5.600 -27.20 0.00000
        3  5.600 -27.10 0.00000
        4  5.600 -27.00 0.00000
        5  5.600 -26.90 0.00000
        6  5.600 -26.80 0.00000
        7  5.600 -26.70 0.00000
        8  5.600 -26.60 0.00700
        9  5.600 -26.50 0.00700
       10  5.600 -26.40 0.00100
       11  5.600 -26.30 0.00100
       12  5.600 -26.20 0.00000
       13  5.600 -26.10 0.00000
       14  5.600 -26.00 0.00000
       15  5.600 -25.90 0.00000
       16  5.600 -25.80 0.00000
       17  5.600 -25.70 0.00000
       18  5.600 -25.60 0.00000
       19  5.600 -25.50 0.00000
       20  5.600 -25.40 0.00000
       21  5.600 -25.30 0.00000
       22  5.600 -25.20 0.00100
       23  5.600 -25.10 0.00100
       24  5.600 -25.00 0.00000
       25  5.600 -24.90 0.00000
       26  5.600 -24.80 0.00000
       27  5.600 -24.70 0.00000
       28  5.600 -24.60 0.00000
       29  5.600 -24.50 0.00000
       30  5.600 -24.40 0.00000
       31  5.600 -24.30 0.00000
       32  5.600 -24.20 0.00000
       33  5.600 -24.10 0.00000
       34  5.600 -24.00 0.00000
       35  5.600 -23.90 0.00000
       36  5.650 -27.30 0.00800
       37  5.650 -27.20 0.01200
       38  5.650 -27.10 0.00900
       39  5.650 -27.00 0.00200
       40  5.650 -26.90 0.00300
       41  5.650 -26.80 0.00400
       42  5.650 -26.70 0.00200
       43  5.650 -26.60 0.00400
       44  5.650 -26.50 0.00300
       45  5.650 -26.40 0.00100
       46  5.650 -26.30 0.00200
       47  5.650 -26.20 0.00200
       48  5.650 -26.10 0.00500
       49  5.650 -26.00 0.00600
       50  5.650 -25.90 0.00600
       51  5.650 -25.80 0.00200
       52  5.650 -25.70 0.00300
       53  5.650 -25.60 0.00400
       54  5.650 -25.50 0.00100
       55  5.650 -25.40 0.00200
       56  5.650 -25.30 0.00300
       57  5.650 -25.20 0.00600
       58  5.650 -25.10 0.01000
       59  5.650 -25.00 0.00700
       60  5.650 -24.90 0.00300
       61  5.650 -24.80 0.00300
       62  5.650 -24.70 0.00300
       63  5.650 -24.60 0.00500
       64  5.650 -24.50 0.00400
       65  5.650 -24.40 0.00200
       66  5.650 -24.30 0.00100
       67  5.650 -24.20 0.00100
       68  5.650 -24.10 0.00100
       69  5.650 -24.00 0.00100
       70  5.650 -23.90 0.00100
       71  5.700 -27.30 0.14900
       72  5.700 -27.20 0.18500
       73  5.700 -27.10 0.17700
       74  5.700 -27.00 0.14700
       75  5.700 -26.90 0.13100
       76  5.700 -26.80 0.13600
       77  5.700 -26.70 0.13100
       78  5.700 -26.60 0.11300
       79  5.700 -26.50 0.11300
       80  5.700 -26.40 0.11800
       81  5.700 -26.30 0.12100
       82  5.700 -26.20 0.11600
       83  5.700 -26.10 0.10700
       84  5.700 -26.00 0.08800
       85  5.700 -25.90 0.09600
       86  5.700 -25.80 0.11300
       87  5.700 -25.70 0.09500
       88  5.700 -25.60 0.07400
       89  5.700 -25.50 0.07000
       90  5.700 -25.40 0.07800
       91  5.700 -25.30 0.09500
       92  5.700 -25.20 0.09900
       93  5.700 -25.10 0.09100
       94  5.700 -25.00 0.09800
       95  5.700 -24.90 0.11000
       96  5.700 -24.80 0.10700
       97  5.700 -24.70 0.09700
       98  5.700 -24.60 0.08600
       99  5.700 -24.50 0.07400
      100  5.700 -24.40 0.04500
      101  5.700 -24.30 0.02500
      102  5.700 -24.20 0.01200
      103  5.700 -24.10 0.00700
      104  5.700 -24.00 0.00700
      105  5.700 -23.90 0.00700
      106  5.750 -27.30 0.61700
      107  5.750 -27.20 0.66300
      108  5.750 -27.10 0.63200
      109  5.750 -27.00 0.58400
      110  5.750 -26.90 0.58900
      111  5.750 -26.80 0.59100
      112  5.750 -26.70 0.58000
      113  5.750 -26.60 0.58900
      114  5.750 -26.50 0.57600
      115  5.750 -26.40 0.56600
      116  5.750 -26.30 0.56000
      117  5.750 -26.20 0.54000
      118  5.750 -26.10 0.55500
      119  5.750 -26.00 0.53900
      120  5.750 -25.90 0.52500
      121  5.750 -25.80 0.52200
      122  5.750 -25.70 0.52700
      123  5.750 -25.60 0.51400
      124  5.750 -25.50 0.46900
      125  5.750 -25.40 0.46900
      126  5.750 -25.30 0.49000
      127  5.750 -25.20 0.47300
      128  5.750 -25.10 0.46500
      129  5.750 -25.00 0.48100
      130  5.750 -24.90 0.45700
      131  5.750 -24.80 0.44600
      132  5.750 -24.70 0.43500
      133  5.750 -24.60 0.38200
      134  5.750 -24.50 0.31500
      135  5.750 -24.40 0.22100
      136  5.750 -24.30 0.12600
      137  5.750 -24.20 0.06100
      138  5.750 -24.10 0.02900
      139  5.750 -24.00 0.02500
      140  5.750 -23.90 0.02500
      141  5.800 -27.30 0.97400
      142  5.800 -27.20 0.97200
      143  5.800 -27.10 0.96400
      144  5.800 -27.00 0.96500
      145  5.800 -26.90 0.96200
      146  5.800 -26.80 0.96000
      147  5.800 -26.70 0.95300
      148  5.800 -26.60 0.95200
      149  5.800 -26.50 0.95000
      150  5.800 -26.40 0.95100
      151  5.800 -26.30 0.94800
      152  5.800 -26.20 0.93600
      153  5.800 -26.10 0.93800
      154  5.800 -26.00 0.94700
      155  5.800 -25.90 0.94800
      156  5.800 -25.80 0.93200
      157  5.800 -25.70 0.92400
      158  5.800 -25.60 0.92200
      159  5.800 -25.50 0.89800
      160  5.800 -25.40 0.87800
      161  5.800 -25.30 0.87200
      162  5.800 -25.20 0.87500
      163  5.800 -25.10 0.87300
      164  5.800 -25.00 0.85700
      165  5.800 -24.90 0.82600
      166  5.800 -24.80 0.80100
      167  5.800 -24.70 0.78600
      168  5.800 -24.60 0.72400
      169  5.800 -24.50 0.57800
      170  5.800 -24.40 0.39700
      171  5.800 -24.30 0.23500
      172  5.800 -24.20 0.11900
      173  5.800 -24.10 0.06100
      174  5.800 -24.00 0.04300
      175  5.800 -23.90 0.04100
      176  5.850 -27.30 1.00000
      177  5.850 -27.20 1.00000
      178  5.850 -27.10 1.00000
      179  5.850 -27.00 1.00000
      180  5.850 -26.90 1.00000
      181  5.850 -26.80 1.00000
      182  5.850 -26.70 1.00000
      183  5.850 -26.60 1.00000
      184  5.850 -26.50 1.00000
      185  5.850 -26.40 1.00000
      186  5.850 -26.30 1.00000
      187  5.850 -26.20 1.00000
      188  5.850 -26.10 1.00000
      189  5.850 -26.00 0.99900
      190  5.850 -25.90 0.99900
      191  5.850 -25.80 0.99700
      192  5.850 -25.70 0.99600
      193  5.850 -25.60 0.99300
      194  5.850 -25.50 0.98800
      195  5.850 -25.40 0.98600
      196  5.850 -25.30 0.98500
      197  5.850 -25.20 0.98100
      198  5.850 -25.10 0.97000
      199  5.850 -25.00 0.96100
      200  5.850 -24.90 0.95000
      201  5.850 -24.80 0.92700
      202  5.850 -24.70 0.89700
      203  5.850 -24.60 0.81700
      204  5.850 -24.50 0.68900
      205  5.850 -24.40 0.47900
      206  5.850 -24.30 0.27700
      207  5.850 -24.20 0.13900
      208  5.850 -24.10 0.07200
      209  5.850 -24.00 0.05300
      210  5.850 -23.90 0.05000
      211  5.900 -27.30 1.00000
      212  5.900 -27.20 1.00000
      213  5.900 -27.10 1.00000
      214  5.900 -27.00 1.00000
      215  5.900 -26.90 1.00000
      216  5.900 -26.80 1.00000
      217  5.900 -26.70 1.00000
      218  5.900 -26.60 1.00000
      219  5.900 -26.50 1.00000
      220  5.900 -26.40 1.00000
      221  5.900 -26.30 1.00000
      222  5.900 -26.20 1.00000
      223  5.900 -26.10 1.00000
      224  5.900 -26.00 1.00000
      225  5.900 -25.90 1.00000
      226  5.900 -25.80 0.99900
      227  5.900 -25.70 0.99900
      228  5.900 -25.60 0.99800
      229  5.900 -25.50 0.99700
      230  5.900 -25.40 0.99500
      231  5.900 -25.30 0.99200
      232  5.900 -25.20 0.98800
      233  5.900 -25.10 0.98100
      234  5.900 -25.00 0.97400
      235  5.900 -24.90 0.96500
      236  5.900 -24.80 0.94500
      237  5.900 -24.70 0.89800
      238  5.900 -24.60 0.79000
      239  5.900 -24.50 0.66200
      240  5.900 -24.40 0.45100
      241  5.900 -24.30 0.25400
      242  5.900 -24.20 0.13400
      243  5.900 -24.10 0.06500
      244  5.900 -24.00 0.05500
      245  5.900 -23.90 0.05300
      246  5.950 -27.30 1.00000
      247  5.950 -27.20 1.00000
      248  5.950 -27.10 1.00000
      249  5.950 -27.00 1.00000
      250  5.950 -26.90 1.00000
      251  5.950 -26.80 1.00000
      252  5.950 -26.70 1.00000
      253  5.950 -26.60 1.00000
      254  5.950 -26.50 1.00000
      255  5.950 -26.40 1.00000
      256  5.950 -26.30 1.00000
      257  5.950 -26.20 1.00000
      258  5.950 -26.10 1.00000
      259  5.950 -26.00 1.00000
      260  5.950 -25.90 0.99800
      261  5.950 -25.80 0.99800
      262  5.950 -25.70 0.99900
      263  5.950 -25.60 0.99900
      264  5.950 -25.50 0.99700
      265  5.950 -25.40 0.99500
      266  5.950 -25.30 0.99300
      267  5.950 -25.20 0.98800
      268  5.950 -25.10 0.98400
      269  5.950 -25.00 0.97700
      270  5.950 -24.90 0.96200
      271  5.950 -24.80 0.93400
      272  5.950 -24.70 0.87000
      273  5.950 -24.60 0.71700
      274  5.950 -24.50 0.56100
      275  5.950 -24.40 0.36600
      276  5.950 -24.30 0.19800
      277  5.950 -24.20 0.10300
      278  5.950 -24.10 0.06100
      279  5.950 -24.00 0.05500
      280  5.950 -23.90 0.05400
      281  6.000 -27.30 1.00000
      282  6.000 -27.20 1.00000
      283  6.000 -27.10 1.00000
      284  6.000 -27.00 1.00000
      285  6.000 -26.90 1.00000
      286  6.000 -26.80 1.00000
      287  6.000 -26.70 1.00000
      288  6.000 -26.60 1.00000
      289  6.000 -26.50 1.00000
      290  6.000 -26.40 1.00000
      291  6.000 -26.30 1.00000
      292  6.000 -26.20 1.00000
      293  6.000 -26.10 1.00000
      294  6.000 -26.00 0.99900
      295  6.000 -25.90 0.99800
      296  6.000 -25.80 0.99800
      297  6.000 -25.70 0.99900
      298  6.000 -25.60 0.99800
      299  6.000 -25.50 0.99700
      300  6.000 -25.40 0.99400
      301  6.000 -25.30 0.99200
      302  6.000 -25.20 0.98700
      303  6.000 -25.10 0.98300
      304  6.000 -25.00 0.97300
      305  6.000 -24.90 0.94600
      306  6.000 -24.80 0.89400
      307  6.000 -24.70 0.78700
      308  6.000 -24.60 0.61000
      309  6.000 -24.50 0.44900
      310  6.000 -24.40 0.26400
      311  6.000 -24.30 0.13800
      312  6.000 -24.20 0.07500
      313  6.000 -24.10 0.06100
      314  6.000 -24.00 0.05600
      315  6.000 -23.90 0.05600
      316  6.050 -27.30 0.99900
      317  6.050 -27.20 1.00000
      318  6.050 -27.10 1.00000
      319  6.050 -27.00 0.99900
      320  6.050 -26.90 0.99900
      321  6.050 -26.80 1.00000
      322  6.050 -26.70 1.00000
      323  6.050 -26.60 1.00000
      324  6.050 -26.50 1.00000
      325  6.050 -26.40 1.00000
      326  6.050 -26.30 0.99900
      327  6.050 -26.20 0.99900
      328  6.050 -26.10 0.99900
      329  6.050 -26.00 0.99800
      330  6.050 -25.90 0.99800
      331  6.050 -25.80 0.99900
      332  6.050 -25.70 0.99800
      333  6.050 -25.60 0.99600
      334  6.050 -25.50 0.99500
      335  6.050 -25.40 0.99300
      336  6.050 -25.30 0.98800
      337  6.050 -25.20 0.98300
      338  6.050 -25.10 0.97600
      339  6.050 -25.00 0.95600
      340  6.050 -24.90 0.91300
      341  6.050 -24.80 0.80600
      342  6.050 -24.70 0.64500
      343  6.050 -24.60 0.46900
      344  6.050 -24.50 0.31800
      345  6.050 -24.40 0.17800
      346  6.050 -24.30 0.10100
      347  6.050 -24.20 0.06300
      348  6.050 -24.10 0.05700
      349  6.050 -24.00 0.05600
      350  6.050 -23.90 0.05600
      351  6.100 -27.30 0.99900
      352  6.100 -27.20 1.00000
      353  6.100 -27.10 0.99700
      354  6.100 -27.00 0.99600
      355  6.100 -26.90 0.99900
      356  6.100 -26.80 0.99900
      357  6.100 -26.70 0.99800
      358  6.100 -26.60 0.99900
      359  6.100 -26.50 1.00000
      360  6.100 -26.40 1.00000
      361  6.100 -26.30 0.99700
      362  6.100 -26.20 0.99700
      363  6.100 -26.10 0.99800
      364  6.100 -26.00 0.99700
      365  6.100 -25.90 0.99500
      366  6.100 -25.80 0.99400
      367  6.100 -25.70 0.99500
      368  6.100 -25.60 0.99400
      369  6.100 -25.50 0.99100
      370  6.100 -25.40 0.98700
      371  6.100 -25.30 0.98200
      372  6.100 -25.20 0.97700
      373  6.100 -25.10 0.95400
      374  6.100 -25.00 0.90800
      375  6.100 -24.90 0.83400
      376  6.100 -24.80 0.68400
      377  6.100 -24.70 0.51100
      378  6.100 -24.60 0.31800
      379  6.100 -24.50 0.18900
      380  6.100 -24.40 0.11200
      381  6.100 -24.30 0.07200
      382  6.100 -24.20 0.05900
      383  6.100 -24.10 0.05500
      384  6.100 -24.00 0.05600
      385  6.100 -23.90 0.05600
      386  6.150 -27.30 0.99400
      387  6.150 -27.20 0.99500
      388  6.150 -27.10 0.99500
      389  6.150 -27.00 0.99500
      390  6.150 -26.90 0.99400
      391  6.150 -26.80 0.99100
      392  6.150 -26.70 0.99100
      393  6.150 -26.60 0.99400
      394  6.150 -26.50 0.99900
      395  6.150 -26.40 0.99800
      396  6.150 -26.30 0.99400
      397  6.150 -26.20 0.99500
      398  6.150 -26.10 0.99700
      399  6.150 -26.00 0.99700
      400  6.150 -25.90 0.99400
      401  6.150 -25.80 0.99000
      402  6.150 -25.70 0.98900
      403  6.150 -25.60 0.98700
      404  6.150 -25.50 0.98400
      405  6.150 -25.40 0.97900
      406  6.150 -25.30 0.96800
      407  6.150 -25.20 0.94500
      408  6.150 -25.10 0.89800
      409  6.150 -25.00 0.83100
      410  6.150 -24.90 0.69900
      411  6.150 -24.80 0.51000
      412  6.150 -24.70 0.34700
      413  6.150 -24.60 0.19000
      414  6.150 -24.50 0.10700
      415  6.150 -24.40 0.07500
      416  6.150 -24.30 0.05800
      417  6.150 -24.20 0.05500
      418  6.150 -24.10 0.05500
      419  6.150 -24.00 0.05500
      420  6.150 -23.90 0.05600
      421  6.200 -27.30 0.98700
      422  6.200 -27.20 0.98500
      423  6.200 -27.10 0.98800
      424  6.200 -27.00 0.98900
      425  6.200 -26.90 0.98300
      426  6.200 -26.80 0.98400
      427  6.200 -26.70 0.98200
      428  6.200 -26.60 0.98400
      429  6.200 -26.50 0.98900
      430  6.200 -26.40 0.99000
      431  6.200 -26.30 0.98900
      432  6.200 -26.20 0.98500
      433  6.200 -26.10 0.98700
      434  6.200 -26.00 0.99100
      435  6.200 -25.90 0.98700
      436  6.200 -25.80 0.97900
      437  6.200 -25.70 0.97500
      438  6.200 -25.60 0.97500
      439  6.200 -25.50 0.97000
      440  6.200 -25.40 0.95800
      441  6.200 -25.30 0.93700
      442  6.200 -25.20 0.88200
      443  6.200 -25.10 0.78700
      444  6.200 -25.00 0.67000
      445  6.200 -24.90 0.51100
      446  6.200 -24.80 0.32500
      447  6.200 -24.70 0.19100
      448  6.200 -24.60 0.10900
      449  6.200 -24.50 0.06900
      450  6.200 -24.40 0.05800
      451  6.200 -24.30 0.05500
      452  6.200 -24.20 0.05500
      453  6.200 -24.10 0.05500
      454  6.200 -24.00 0.05500
      455  6.200 -23.90 0.05500
      456  6.250 -27.30 0.97700
      457  6.250 -27.20 0.97500
      458  6.250 -27.10 0.96800
      459  6.250 -27.00 0.96900
      460  6.250 -26.90 0.96700
      461  6.250 -26.80 0.96800
      462  6.250 -26.70 0.96800
      463  6.250 -26.60 0.97100
      464  6.250 -26.50 0.97100
      465  6.250 -26.40 0.97000
      466  6.250 -26.30 0.96900
      467  6.250 -26.20 0.96700
      468  6.250 -26.10 0.96400
      469  6.250 -26.00 0.96000
      470  6.250 -25.90 0.96000
      471  6.250 -25.80 0.95500
      472  6.250 -25.70 0.95000
      473  6.250 -25.60 0.95100
      474  6.250 -25.50 0.94100
      475  6.250 -25.40 0.90800
      476  6.250 -25.30 0.85600
      477  6.250 -25.20 0.76400
      478  6.250 -25.10 0.63000
      479  6.250 -25.00 0.46300
      480  6.250 -24.90 0.28100
      481  6.250 -24.80 0.16900
      482  6.250 -24.70 0.10300
      483  6.250 -24.60 0.06800
      484  6.250 -24.50 0.05600
      485  6.250 -24.40 0.05400
      486  6.250 -24.30 0.05300
      487  6.250 -24.20 0.05400
      488  6.250 -24.10 0.05400
      489  6.250 -24.00 0.05400
      490  6.250 -23.90 0.05500
      491  6.300 -27.30 0.92100
      492  6.300 -27.20 0.92400
      493  6.300 -27.10 0.91400
      494  6.300 -27.00 0.92100
      495  6.300 -26.90 0.92400
      496  6.300 -26.80 0.91300
      497  6.300 -26.70 0.91100
      498  6.300 -26.60 0.91200
      499  6.300 -26.50 0.92200
      500  6.300 -26.40 0.92700
      501  6.300 -26.30 0.92400
      502  6.300 -26.20 0.92500
      503  6.300 -26.10 0.92000
      504  6.300 -26.00 0.90800
      505  6.300 -25.90 0.90100
      506  6.300 -25.80 0.89600
      507  6.300 -25.70 0.89400
      508  6.300 -25.60 0.89800
      509  6.300 -25.50 0.85700
      510  6.300 -25.40 0.81700
      511  6.300 -25.30 0.73500
      512  6.300 -25.20 0.55500
      513  6.300 -25.10 0.41600
      514  6.300 -25.00 0.26500
      515  6.300 -24.90 0.13900
      516  6.300 -24.80 0.09100
      517  6.300 -24.70 0.06200
      518  6.300 -24.60 0.05400
      519  6.300 -24.50 0.05200
      520  6.300 -24.40 0.05100
      521  6.300 -24.30 0.05100
      522  6.300 -24.20 0.05100
      523  6.300 -24.10 0.05200
      524  6.300 -24.00 0.05300
      525  6.300 -23.90 0.05300
      526  6.350 -27.30 0.80600
      527  6.350 -27.20 0.81300
      528  6.350 -27.10 0.80400
      529  6.350 -27.00 0.81100
      530  6.350 -26.90 0.83000
      531  6.350 -26.80 0.82500
      532  6.350 -26.70 0.80700
      533  6.350 -26.60 0.81700
      534  6.350 -26.50 0.84000
      535  6.350 -26.40 0.84000
      536  6.350 -26.30 0.82900
      537  6.350 -26.20 0.83300
      538  6.350 -26.10 0.83300
      539  6.350 -26.00 0.81900
      540  6.350 -25.90 0.82500
      541  6.350 -25.80 0.80600
      542  6.350 -25.70 0.79100
      543  6.350 -25.60 0.79000
      544  6.350 -25.50 0.72500
      545  6.350 -25.40 0.64300
      546  6.350 -25.30 0.50900
      547  6.350 -25.20 0.32900
      548  6.350 -25.10 0.21600
      549  6.350 -25.00 0.11300
      550  6.350 -24.90 0.07200
      551  6.350 -24.80 0.05800
      552  6.350 -24.70 0.04900
      553  6.350 -24.60 0.04800
      554  6.350 -24.50 0.04800
      555  6.350 -24.40 0.04800
      556  6.350 -24.30 0.04900
      557  6.350 -24.20 0.04900
      558  6.350 -24.10 0.04900
      559  6.350 -24.00 0.05000
      560  6.350 -23.90 0.05000
      561  6.400 -27.30 0.65100
      562  6.400 -27.20 0.66700
      563  6.400 -27.10 0.67100
      564  6.400 -27.00 0.68000
      565  6.400 -26.90 0.68900
      566  6.400 -26.80 0.69600
      567  6.400 -26.70 0.70800
      568  6.400 -26.60 0.70500
      569  6.400 -26.50 0.71300
      570  6.400 -26.40 0.70400
      571  6.400 -26.30 0.68900
      572  6.400 -26.20 0.70000
      573  6.400 -26.10 0.71200
      574  6.400 -26.00 0.71700
      575  6.400 -25.90 0.71100
      576  6.400 -25.80 0.68300
      577  6.400 -25.70 0.66500
      578  6.400 -25.60 0.62700
      579  6.400 -25.50 0.56000
      580  6.400 -25.40 0.43600
      581  6.400 -25.30 0.29100
      582  6.400 -25.20 0.17900
      583  6.400 -25.10 0.09700
      584  6.400 -25.00 0.05400
      585  6.400 -24.90 0.04700
      586  6.400 -24.80 0.04500
      587  6.400 -24.70 0.04400
      588  6.400 -24.60 0.04400
      589  6.400 -24.50 0.04400
      590  6.400 -24.40 0.04500
      591  6.400 -24.30 0.04500
      592  6.400 -24.20 0.04600
      593  6.400 -24.10 0.04500
      594  6.400 -24.00 0.04500
      595  6.400 -23.90 0.04600
      596  6.450 -27.30 0.46500
      597  6.450 -27.20 0.47900
      598  6.450 -27.10 0.50100
      599  6.450 -27.00 0.51500
      600  6.450 -26.90 0.51800
      601  6.450 -26.80 0.50000
      602  6.450 -26.70 0.51400
      603  6.450 -26.60 0.53100
      604  6.450 -26.50 0.54900
      605  6.450 -26.40 0.54200
      606  6.450 -26.30 0.53100
      607  6.450 -26.20 0.55000
      608  6.450 -26.10 0.55700
      609  6.450 -26.00 0.57500
      610  6.450 -25.90 0.56900
      611  6.450 -25.80 0.53000
      612  6.450 -25.70 0.50000
      613  6.450 -25.60 0.44200
      614  6.450 -25.50 0.36000
      615  6.450 -25.40 0.23000
      616  6.450 -25.30 0.14200
      617  6.450 -25.20 0.09100
      618  6.450 -25.10 0.05000
      619  6.450 -25.00 0.03800
      620  6.450 -24.90 0.03600
      621  6.450 -24.80 0.03700
      622  6.450 -24.70 0.03800
      623  6.450 -24.60 0.03900
      624  6.450 -24.50 0.03900
      625  6.450 -24.40 0.03900
      626  6.450 -24.30 0.03900
      627  6.450 -24.20 0.04000
      628  6.450 -24.10 0.04000
      629  6.450 -24.00 0.04000
      630  6.450 -23.90 0.04100
      631  6.500 -27.30 0.26000
      632  6.500 -27.20 0.27200
      633  6.500 -27.10 0.29300
      634  6.500 -27.00 0.31600
      635  6.500 -26.90 0.32200
      636  6.500 -26.80 0.32200
      637  6.500 -26.70 0.32400
      638  6.500 -26.60 0.31900
      639  6.500 -26.50 0.34000
      640  6.500 -26.40 0.37200
      641  6.500 -26.30 0.37900
      642  6.500 -26.20 0.39400
      643  6.500 -26.10 0.40200
      644  6.500 -26.00 0.40500
      645  6.500 -25.90 0.40300
      646  6.500 -25.80 0.38900
      647  6.500 -25.70 0.34100
      648  6.500 -25.60 0.25500
      649  6.500 -25.50 0.17700
      650  6.500 -25.40 0.11000
      651  6.500 -25.30 0.05900
      652  6.500 -25.20 0.03500
      653  6.500 -25.10 0.02900
      654  6.500 -25.00 0.02900
      655  6.500 -24.90 0.03100
      656  6.500 -24.80 0.03100
      657  6.500 -24.70 0.03100
      658  6.500 -24.60 0.03100
      659  6.500 -24.50 0.03100
      660  6.500 -24.40 0.03200
      661  6.500 -24.30 0.03300
      662  6.500 -24.20 0.03200
      663  6.500 -24.10 0.03200
      664  6.500 -24.00 0.03400
      665  6.500 -23.90 0.03400
      666  6.550 -27.30 0.12000
      667  6.550 -27.20 0.12500
      668  6.550 -27.10 0.13600
      669  6.550 -27.00 0.14700
      670  6.550 -26.90 0.15700
      671  6.550 -26.80 0.16600
      672  6.550 -26.70 0.18200
      673  6.550 -26.60 0.18100
      674  6.550 -26.50 0.19200
      675  6.550 -26.40 0.22100
      676  6.550 -26.30 0.24000
      677  6.550 -26.20 0.25900
      678  6.550 -26.10 0.26700
      679  6.550 -26.00 0.25100
      680  6.550 -25.90 0.23100
      681  6.550 -25.80 0.21400
      682  6.550 -25.70 0.17900
      683  6.550 -25.60 0.11800
      684  6.550 -25.50 0.07300
      685  6.550 -25.40 0.04400
      686  6.550 -25.30 0.02400
      687  6.550 -25.20 0.02100
      688  6.550 -25.10 0.02100
      689  6.550 -25.00 0.02300
      690  6.550 -24.90 0.02300
      691  6.550 -24.80 0.02300
      692  6.550 -24.70 0.02300
      693  6.550 -24.60 0.02300
      694  6.550 -24.50 0.02400
      695  6.550 -24.40 0.02500
      696  6.550 -24.30 0.02500
      697  6.550 -24.20 0.02400
      698  6.550 -24.10 0.02400
      699  6.550 -24.00 0.02500
      700  6.550 -23.90 0.02700
      701  6.600 -27.30 0.07100
      702  6.600 -27.20 0.07200
      703  6.600 -27.10 0.08900
      704  6.600 -27.00 0.09500
      705  6.600 -26.90 0.08500
      706  6.600 -26.80 0.09100
      707  6.600 -26.70 0.12900
      708  6.600 -26.60 0.13100
      709  6.600 -26.50 0.13500
      710  6.600 -26.40 0.16000
      711  6.600 -26.30 0.18100
      712  6.600 -26.20 0.19100
      713  6.600 -26.10 0.18400
      714  6.600 -26.00 0.18500
      715  6.600 -25.90 0.16800
      716  6.600 -25.80 0.12800
      717  6.600 -25.70 0.09500
      718  6.600 -25.60 0.05400
      719  6.600 -25.50 0.03000
      720  6.600 -25.40 0.01900
      721  6.600 -25.30 0.01700
      722  6.600 -25.20 0.01700
      723  6.600 -25.10 0.01800
      724  6.600 -25.00 0.01900
      725  6.600 -24.90 0.01900
      726  6.600 -24.80 0.01800
      727  6.600 -24.70 0.01800
      728  6.600 -24.60 0.01800
      729  6.600 -24.50 0.02000
      730  6.600 -24.40 0.02100
      731  6.600 -24.30 0.02100
      732  6.600 -24.20 0.02100
      733  6.600 -24.10 0.02100
      734  6.600 -24.00 0.02100
      735  6.600 -23.90 0.02300
