# Selection function for SDSS Main z~6 survey (Jiang et al. 2016, arXiv:1610.05369)
# provided by Linhua Jiang
# counter  z     M1450  p
        1  5.600 -29.30 0.00000
        2  5.600 -29.20 0.00000
        3  5.600 -29.10 0.00000
        4  5.600 -29.00 0.00000
        5  5.600 -28.90 0.00400
        6  5.600 -28.80 0.00500
        7  5.600 -28.70 0.00600
        8  5.600 -28.60 0.00600
        9  5.600 -28.50 0.00000
       10  5.600 -28.40 0.00000
       11  5.600 -28.30 0.00000
       12  5.600 -28.20 0.00000
       13  5.600 -28.10 0.00000
       14  5.600 -28.00 0.00000
       15  5.600 -27.90 0.00000
       16  5.600 -27.80 0.00000
       17  5.600 -27.70 0.00400
       18  5.600 -27.60 0.00400
       19  5.600 -27.50 0.00000
       20  5.600 -27.40 0.00400
       21  5.600 -27.30 0.00400
       22  5.600 -27.20 0.00100
       23  5.600 -27.10 0.00300
       24  5.600 -27.00 0.00300
       25  5.600 -26.90 0.00000
       26  5.600 -26.80 0.00000
       27  5.600 -26.70 0.00000
       28  5.600 -26.60 0.00300
       29  5.600 -26.50 0.00400
       30  5.600 -26.40 0.00100
       31  5.600 -26.30 0.00100
       32  5.600 -26.20 0.00000
       33  5.600 -26.10 0.00000
       34  5.600 -26.00 0.00000
       35  5.600 -25.90 0.00000
       36  5.650 -29.30 0.01000
       37  5.650 -29.20 0.01400
       38  5.650 -29.10 0.01200
       39  5.650 -29.00 0.00600
       40  5.650 -28.90 0.01300
       41  5.650 -28.80 0.02200
       42  5.650 -28.70 0.01900
       43  5.650 -28.60 0.00700
       44  5.650 -28.50 0.00300
       45  5.650 -28.40 0.00300
       46  5.650 -28.30 0.00100
       47  5.650 -28.20 0.00400
       48  5.650 -28.10 0.01100
       49  5.650 -28.00 0.01000
       50  5.650 -27.90 0.00500
       51  5.650 -27.80 0.01600
       52  5.650 -27.70 0.01700
       53  5.650 -27.60 0.00900
       54  5.650 -27.50 0.00900
       55  5.650 -27.40 0.00800
       56  5.650 -27.30 0.01200
       57  5.650 -27.20 0.01500
       58  5.650 -27.10 0.01400
       59  5.650 -27.00 0.01000
       60  5.650 -26.90 0.01000
       61  5.650 -26.80 0.00900
       62  5.650 -26.70 0.00800
       63  5.650 -26.60 0.01000
       64  5.650 -26.50 0.00800
       65  5.650 -26.40 0.00500
       66  5.650 -26.30 0.00400
       67  5.650 -26.20 0.00200
       68  5.650 -26.10 0.00100
       69  5.650 -26.00 0.00000
       70  5.650 -25.90 0.00000
       71  5.700 -29.30 0.23900
       72  5.700 -29.20 0.23500
       73  5.700 -29.10 0.23100
       74  5.700 -29.00 0.20400
       75  5.700 -28.90 0.21800
       76  5.700 -28.80 0.23300
       77  5.700 -28.70 0.21500
       78  5.700 -28.60 0.20400
       79  5.700 -28.50 0.18700
       80  5.700 -28.40 0.18700
       81  5.700 -28.30 0.20100
       82  5.700 -28.20 0.19300
       83  5.700 -28.10 0.20100
       84  5.700 -28.00 0.20200
       85  5.700 -27.90 0.17200
       86  5.700 -27.80 0.18100
       87  5.700 -27.70 0.17000
       88  5.700 -27.60 0.14400
       89  5.700 -27.50 0.18300
       90  5.700 -27.40 0.18200
       91  5.700 -27.30 0.16400
       92  5.700 -27.20 0.19100
       93  5.700 -27.10 0.19000
       94  5.700 -27.00 0.18200
       95  5.700 -26.90 0.16900
       96  5.700 -26.80 0.15900
       97  5.700 -26.70 0.13400
       98  5.700 -26.60 0.10600
       99  5.700 -26.50 0.09400
      100  5.700 -26.40 0.06900
      101  5.700 -26.30 0.04500
      102  5.700 -26.20 0.02100
      103  5.700 -26.10 0.00800
      104  5.700 -26.00 0.00200
      105  5.700 -25.90 0.00000
      106  5.750 -29.30 0.73000
      107  5.750 -29.20 0.73700
      108  5.750 -29.10 0.71500
      109  5.750 -29.00 0.70900
      110  5.750 -28.90 0.69900
      111  5.750 -28.80 0.66600
      112  5.750 -28.70 0.67300
      113  5.750 -28.60 0.68200
      114  5.750 -28.50 0.66700
      115  5.750 -28.40 0.66100
      116  5.750 -28.30 0.66000
      117  5.750 -28.20 0.65600
      118  5.750 -28.10 0.67400
      119  5.750 -28.00 0.68000
      120  5.750 -27.90 0.62500
      121  5.750 -27.80 0.62100
      122  5.750 -27.70 0.61400
      123  5.750 -27.60 0.57600
      124  5.750 -27.50 0.61400
      125  5.750 -27.40 0.62200
      126  5.750 -27.30 0.59800
      127  5.750 -27.20 0.62100
      128  5.750 -27.10 0.59800
      129  5.750 -27.00 0.56900
      130  5.750 -26.90 0.56900
      131  5.750 -26.80 0.53200
      132  5.750 -26.70 0.46500
      133  5.750 -26.60 0.39800
      134  5.750 -26.50 0.31900
      135  5.750 -26.40 0.22100
      136  5.750 -26.30 0.14800
      137  5.750 -26.20 0.07000
      138  5.750 -26.10 0.02700
      139  5.750 -26.00 0.00800
      140  5.750 -25.90 0.00100
      141  5.800 -29.30 0.99100
      142  5.800 -29.20 0.99000
      143  5.800 -29.10 0.99300
      144  5.800 -29.00 0.99800
      145  5.800 -28.90 0.99400
      146  5.800 -28.80 0.98500
      147  5.800 -28.70 0.98700
      148  5.800 -28.60 0.98100
      149  5.800 -28.50 0.97400
      150  5.800 -28.40 0.97700
      151  5.800 -28.30 0.98000
      152  5.800 -28.20 0.97800
      153  5.800 -28.10 0.96500
      154  5.800 -28.00 0.96600
      155  5.800 -27.90 0.96300
      156  5.800 -27.80 0.95300
      157  5.800 -27.70 0.95000
      158  5.800 -27.60 0.95000
      159  5.800 -27.50 0.94900
      160  5.800 -27.40 0.94100
      161  5.800 -27.30 0.93400
      162  5.800 -27.20 0.92000
      163  5.800 -27.10 0.90900
      164  5.800 -27.00 0.90600
      165  5.800 -26.90 0.88300
      166  5.800 -26.80 0.83200
      167  5.800 -26.70 0.74500
      168  5.800 -26.60 0.62400
      169  5.800 -26.50 0.49600
      170  5.800 -26.40 0.34800
      171  5.800 -26.30 0.22300
      172  5.800 -26.20 0.11200
      173  5.800 -26.10 0.04800
      174  5.800 -26.00 0.01400
      175  5.800 -25.90 0.00200
      176  5.850 -29.30 1.00000
      177  5.850 -29.20 1.00000
      178  5.850 -29.10 1.00000
      179  5.850 -29.00 1.00000
      180  5.850 -28.90 1.00000
      181  5.850 -28.80 1.00000
      182  5.850 -28.70 1.00000
      183  5.850 -28.60 1.00000
      184  5.850 -28.50 1.00000
      185  5.850 -28.40 1.00000
      186  5.850 -28.30 1.00000
      187  5.850 -28.20 1.00000
      188  5.850 -28.10 0.99900
      189  5.850 -28.00 0.99900
      190  5.850 -27.90 0.99900
      191  5.850 -27.80 0.99900
      192  5.850 -27.70 0.99800
      193  5.850 -27.60 0.99600
      194  5.850 -27.50 0.99500
      195  5.850 -27.40 0.99400
      196  5.850 -27.30 0.99000
      197  5.850 -27.20 0.98700
      198  5.850 -27.10 0.98300
      199  5.850 -27.00 0.97400
      200  5.850 -26.90 0.94800
      201  5.850 -26.80 0.89100
      202  5.850 -26.70 0.79800
      203  5.850 -26.60 0.67500
      204  5.850 -26.50 0.52300
      205  5.850 -26.40 0.36500
      206  5.850 -26.30 0.22500
      207  5.850 -26.20 0.11400
      208  5.850 -26.10 0.04900
      209  5.850 -26.00 0.01400
      210  5.850 -25.90 0.00300
      211  5.900 -29.30 1.00000
      212  5.900 -29.20 1.00000
      213  5.900 -29.10 1.00000
      214  5.900 -29.00 1.00000
      215  5.900 -28.90 1.00000
      216  5.900 -28.80 1.00000
      217  5.900 -28.70 1.00000
      218  5.900 -28.60 1.00000
      219  5.900 -28.50 1.00000
      220  5.900 -28.40 1.00000
      221  5.900 -28.30 1.00000
      222  5.900 -28.20 1.00000
      223  5.900 -28.10 1.00000
      224  5.900 -28.00 1.00000
      225  5.900 -27.90 1.00000
      226  5.900 -27.80 1.00000
      227  5.900 -27.70 0.99900
      228  5.900 -27.60 0.99900
      229  5.900 -27.50 0.99800
      230  5.900 -27.40 0.99700
      231  5.900 -27.30 0.99600
      232  5.900 -27.20 0.99400
      233  5.900 -27.10 0.98800
      234  5.900 -27.00 0.97600
      235  5.900 -26.90 0.94400
      236  5.900 -26.80 0.86800
      237  5.900 -26.70 0.76100
      238  5.900 -26.60 0.62900
      239  5.900 -26.50 0.46100
      240  5.900 -26.40 0.31900
      241  5.900 -26.30 0.19700
      242  5.900 -26.20 0.09400
      243  5.900 -26.10 0.03400
      244  5.900 -26.00 0.00900
      245  5.900 -25.90 0.00200
      246  5.950 -29.30 1.00000
      247  5.950 -29.20 1.00000
      248  5.950 -29.10 1.00000
      249  5.950 -29.00 1.00000
      250  5.950 -28.90 1.00000
      251  5.950 -28.80 1.00000
      252  5.950 -28.70 1.00000
      253  5.950 -28.60 1.00000
      254  5.950 -28.50 1.00000
      255  5.950 -28.40 1.00000
      256  5.950 -28.30 1.00000
      257  5.950 -28.20 1.00000
      258  5.950 -28.10 1.00000
      259  5.950 -28.00 1.00000
      260  5.950 -27.90 1.00000
      261  5.950 -27.80 1.00000
      262  5.950 -27.70 1.00000
      263  5.950 -27.60 0.99900
      264  5.950 -27.50 0.99900
      265  5.950 -27.40 0.99800
      266  5.950 -27.30 0.99700
      267  5.950 -27.20 0.99500
      268  5.950 -27.10 0.98600
      269  5.950 -27.00 0.96200
      270  5.950 -26.90 0.90700
      271  5.950 -26.80 0.81500
      272  5.950 -26.70 0.68500
      273  5.950 -26.60 0.54600
      274  5.950 -26.50 0.38000
      275  5.950 -26.40 0.24300
      276  5.950 -26.30 0.13800
      277  5.950 -26.20 0.06100
      278  5.950 -26.10 0.02100
      279  5.950 -26.00 0.00500
      280  5.950 -25.90 0.00100
      281  6.000 -29.30 1.00000
      282  6.000 -29.20 1.00000
      283  6.000 -29.10 1.00000
      284  6.000 -29.00 1.00000
      285  6.000 -28.90 1.00000
      286  6.000 -28.80 0.99800
      287  6.000 -28.70 0.99800
      288  6.000 -28.60 1.00000
      289  6.000 -28.50 1.00000
      290  6.000 -28.40 1.00000
      291  6.000 -28.30 1.00000
      292  6.000 -28.20 1.00000
      293  6.000 -28.10 1.00000
      294  6.000 -28.00 1.00000
      295  6.000 -27.90 0.99900
      296  6.000 -27.80 0.99900
      297  6.000 -27.70 0.99900
      298  6.000 -27.60 0.99800
      299  6.000 -27.50 0.99900
      300  6.000 -27.40 0.99800
      301  6.000 -27.30 0.99400
      302  6.000 -27.20 0.99000
      303  6.000 -27.10 0.97100
      304  6.000 -27.00 0.92400
      305  6.000 -26.90 0.84900
      306  6.000 -26.80 0.74300
      307  6.000 -26.70 0.59600
      308  6.000 -26.60 0.44300
      309  6.000 -26.50 0.29700
      310  6.000 -26.40 0.17200
      311  6.000 -26.30 0.08100
      312  6.000 -26.20 0.03000
      313  6.000 -26.10 0.01000
      314  6.000 -26.00 0.00200
      315  6.000 -25.90 0.00000
      316  6.050 -29.30 0.99700
      317  6.050 -29.20 0.99700
      318  6.050 -29.10 0.99800
      319  6.050 -29.00 1.00000
      320  6.050 -28.90 0.99900
      321  6.050 -28.80 0.99700
      322  6.050 -28.70 0.99800
      323  6.050 -28.60 1.00000
      324  6.050 -28.50 1.00000
      325  6.050 -28.40 1.00000
      326  6.050 -28.30 1.00000
      327  6.050 -28.20 1.00000
      328  6.050 -28.10 1.00000
      329  6.050 -28.00 0.99900
      330  6.050 -27.90 0.99900
      331  6.050 -27.80 0.99900
      332  6.050 -27.70 0.99800
      333  6.050 -27.60 0.99600
      334  6.050 -27.50 0.99600
      335  6.050 -27.40 0.99400
      336  6.050 -27.30 0.98900
      337  6.050 -27.20 0.97500
      338  6.050 -27.10 0.94300
      339  6.050 -27.00 0.86600
      340  6.050 -26.90 0.75900
      341  6.050 -26.80 0.63600
      342  6.050 -26.70 0.48000
      343  6.050 -26.60 0.32000
      344  6.050 -26.50 0.21100
      345  6.050 -26.40 0.10800
      346  6.050 -26.30 0.04400
      347  6.050 -26.20 0.01300
      348  6.050 -26.10 0.00300
      349  6.050 -26.00 0.00100
      350  6.050 -25.90 0.00000
      351  6.100 -29.30 0.99500
      352  6.100 -29.20 0.99500
      353  6.100 -29.10 0.99800
      354  6.100 -29.00 0.99800
      355  6.100 -28.90 0.99700
      356  6.100 -28.80 0.99800
      357  6.100 -28.70 0.99900
      358  6.100 -28.60 0.99800
      359  6.100 -28.50 0.99800
      360  6.100 -28.40 0.99800
      361  6.100 -28.30 0.99900
      362  6.100 -28.20 0.99900
      363  6.100 -28.10 0.99800
      364  6.100 -28.00 0.99800
      365  6.100 -27.90 0.99700
      366  6.100 -27.80 0.99600
      367  6.100 -27.70 0.99600
      368  6.100 -27.60 0.99500
      369  6.100 -27.50 0.99300
      370  6.100 -27.40 0.98800
      371  6.100 -27.30 0.97200
      372  6.100 -27.20 0.94100
      373  6.100 -27.10 0.87200
      374  6.100 -27.00 0.76000
      375  6.100 -26.90 0.63600
      376  6.100 -26.80 0.49600
      377  6.100 -26.70 0.32500
      378  6.100 -26.60 0.20700
      379  6.100 -26.50 0.12100
      380  6.100 -26.40 0.04700
      381  6.100 -26.30 0.01800
      382  6.100 -26.20 0.00400
      383  6.100 -26.10 0.00100
      384  6.100 -26.00 0.00000
      385  6.100 -25.90 0.00000
      386  6.150 -29.30 0.99700
      387  6.150 -29.20 0.99700
      388  6.150 -29.10 0.99000
      389  6.150 -29.00 0.99000
      390  6.150 -28.90 0.99500
      391  6.150 -28.80 0.99500
      392  6.150 -28.70 0.99600
      393  6.150 -28.60 0.99100
      394  6.150 -28.50 0.98900
      395  6.150 -28.40 0.99400
      396  6.150 -28.30 0.99300
      397  6.150 -28.20 0.99400
      398  6.150 -28.10 0.99500
      399  6.150 -28.00 0.99500
      400  6.150 -27.90 0.99300
      401  6.150 -27.80 0.99100
      402  6.150 -27.70 0.99100
      403  6.150 -27.60 0.98800
      404  6.150 -27.50 0.98200
      405  6.150 -27.40 0.96400
      406  6.150 -27.30 0.92100
      407  6.150 -27.20 0.85800
      408  6.150 -27.10 0.73700
      409  6.150 -27.00 0.62400
      410  6.150 -26.90 0.49500
      411  6.150 -26.80 0.32400
      412  6.150 -26.70 0.20100
      413  6.150 -26.60 0.11100
      414  6.150 -26.50 0.05300
      415  6.150 -26.40 0.01900
      416  6.150 -26.30 0.00500
      417  6.150 -26.20 0.00100
      418  6.150 -26.10 0.00000
      419  6.150 -26.00 0.00000
      420  6.150 -25.90 0.00000
      421  6.200 -29.30 0.98500
      422  6.200 -29.20 0.98500
      423  6.200 -29.10 0.97800
      424  6.200 -29.00 0.97500
      425  6.200 -28.90 0.97200
      426  6.200 -28.80 0.97600
      427  6.200 -28.70 0.98900
      428  6.200 -28.60 0.98200
      429  6.200 -28.50 0.97700
      430  6.200 -28.40 0.97600
      431  6.200 -28.30 0.97500
      432  6.200 -28.20 0.98100
      433  6.200 -28.10 0.98200
      434  6.200 -28.00 0.98200
      435  6.200 -27.90 0.97400
      436  6.200 -27.80 0.96800
      437  6.200 -27.70 0.96900
      438  6.200 -27.60 0.96400
      439  6.200 -27.50 0.94800
      440  6.200 -27.40 0.90600
      441  6.200 -27.30 0.83600
      442  6.200 -27.20 0.74900
      443  6.200 -27.10 0.59600
      444  6.200 -27.00 0.44700
      445  6.200 -26.90 0.32100
      446  6.200 -26.80 0.19700
      447  6.200 -26.70 0.11200
      448  6.200 -26.60 0.04300
      449  6.200 -26.50 0.01700
      450  6.200 -26.40 0.00600
      451  6.200 -26.30 0.00100
      452  6.200 -26.20 0.00000
      453  6.200 -26.10 0.00000
      454  6.200 -26.00 0.00000
      455  6.200 -25.90 0.00000
      456  6.250 -29.30 0.94700
      457  6.250 -29.20 0.94400
      458  6.250 -29.10 0.94600
      459  6.250 -29.00 0.95000
      460  6.250 -28.90 0.93900
      461  6.250 -28.80 0.93300
      462  6.250 -28.70 0.93100
      463  6.250 -28.60 0.93400
      464  6.250 -28.50 0.95200
      465  6.250 -28.40 0.93700
      466  6.250 -28.30 0.92700
      467  6.250 -28.20 0.94200
      468  6.250 -28.10 0.94500
      469  6.250 -28.00 0.94200
      470  6.250 -27.90 0.94000
      471  6.250 -27.80 0.93200
      472  6.250 -27.70 0.92500
      473  6.250 -27.60 0.90900
      474  6.250 -27.50 0.86400
      475  6.250 -27.40 0.79300
      476  6.250 -27.30 0.71100
      477  6.250 -27.20 0.58600
      478  6.250 -27.10 0.42300
      479  6.250 -27.00 0.28900
      480  6.250 -26.90 0.19000
      481  6.250 -26.80 0.10200
      482  6.250 -26.70 0.04700
      483  6.250 -26.60 0.01400
      484  6.250 -26.50 0.00300
      485  6.250 -26.40 0.00100
      486  6.250 -26.30 0.00000
      487  6.250 -26.20 0.00000
      488  6.250 -26.10 0.00000
      489  6.250 -26.00 0.00000
      490  6.250 -25.90 0.00000
      491  6.300 -29.30 0.86000
      492  6.300 -29.20 0.84800
      493  6.300 -29.10 0.84100
      494  6.300 -29.00 0.85000
      495  6.300 -28.90 0.86800
      496  6.300 -28.80 0.86000
      497  6.300 -28.70 0.84500
      498  6.300 -28.60 0.84500
      499  6.300 -28.50 0.87200
      500  6.300 -28.40 0.85800
      501  6.300 -28.30 0.85200
      502  6.300 -28.20 0.86700
      503  6.300 -28.10 0.85300
      504  6.300 -28.00 0.85900
      505  6.300 -27.90 0.86300
      506  6.300 -27.80 0.84700
      507  6.300 -27.70 0.82600
      508  6.300 -27.60 0.80500
      509  6.300 -27.50 0.72500
      510  6.300 -27.40 0.61800
      511  6.300 -27.30 0.50400
      512  6.300 -27.20 0.37700
      513  6.300 -27.10 0.25300
      514  6.300 -27.00 0.14800
      515  6.300 -26.90 0.08500
      516  6.300 -26.80 0.03700
      517  6.300 -26.70 0.01400
      518  6.300 -26.60 0.00400
      519  6.300 -26.50 0.00100
      520  6.300 -26.40 0.00000
      521  6.300 -26.30 0.00000
      522  6.300 -26.20 0.00000
      523  6.300 -26.10 0.00000
      524  6.300 -26.00 0.00000
      525  6.300 -25.90 0.00000
      526  6.350 -29.30 0.67200
      527  6.350 -29.20 0.69700
      528  6.350 -29.10 0.71800
      529  6.350 -29.00 0.72200
      530  6.350 -28.90 0.72800
      531  6.350 -28.80 0.71400
      532  6.350 -28.70 0.71400
      533  6.350 -28.60 0.72900
      534  6.350 -28.50 0.74500
      535  6.350 -28.40 0.72700
      536  6.350 -28.30 0.74800
      537  6.350 -28.20 0.75600
      538  6.350 -28.10 0.73600
      539  6.350 -28.00 0.74100
      540  6.350 -27.90 0.72300
      541  6.350 -27.80 0.70500
      542  6.350 -27.70 0.69200
      543  6.350 -27.60 0.62600
      544  6.350 -27.50 0.51800
      545  6.350 -27.40 0.42000
      546  6.350 -27.30 0.31200
      547  6.350 -27.20 0.20300
      548  6.350 -27.10 0.11400
      549  6.350 -27.00 0.05300
      550  6.350 -26.90 0.02200
      551  6.350 -26.80 0.00900
      552  6.350 -26.70 0.00300
      553  6.350 -26.60 0.00100
      554  6.350 -26.50 0.00000
      555  6.350 -26.40 0.00000
      556  6.350 -26.30 0.00000
      557  6.350 -26.20 0.00000
      558  6.350 -26.10 0.00000
      559  6.350 -26.00 0.00000
      560  6.350 -25.90 0.00000
      561  6.400 -29.30 0.50700
      562  6.400 -29.20 0.52600
      563  6.400 -29.10 0.53700
      564  6.400 -29.00 0.55200
      565  6.400 -28.90 0.54800
      566  6.400 -28.80 0.52600
      567  6.400 -28.70 0.53400
      568  6.400 -28.60 0.56500
      569  6.400 -28.50 0.57200
      570  6.400 -28.40 0.57200
      571  6.400 -28.30 0.59200
      572  6.400 -28.20 0.60300
      573  6.400 -28.10 0.60200
      574  6.400 -28.00 0.59400
      575  6.400 -27.90 0.56700
      576  6.400 -27.80 0.55400
      577  6.400 -27.70 0.52300
      578  6.400 -27.60 0.43800
      579  6.400 -27.50 0.33500
      580  6.400 -27.40 0.24300
      581  6.400 -27.30 0.16600
      582  6.400 -27.20 0.08700
      583  6.400 -27.10 0.04200
      584  6.400 -27.00 0.01800
      585  6.400 -26.90 0.00400
      586  6.400 -26.80 0.00100
      587  6.400 -26.70 0.00000
      588  6.400 -26.60 0.00000
      589  6.400 -26.50 0.00000
      590  6.400 -26.40 0.00000
      591  6.400 -26.30 0.00000
      592  6.400 -26.20 0.00000
      593  6.400 -26.10 0.00000
      594  6.400 -26.00 0.00000
      595  6.400 -25.90 0.00000
      596  6.450 -29.30 0.33000
      597  6.450 -29.20 0.32800
      598  6.450 -29.10 0.30800
      599  6.450 -29.00 0.30500
      600  6.450 -28.90 0.33000
      601  6.450 -28.80 0.33300
      602  6.450 -28.70 0.33000
      603  6.450 -28.60 0.36500
      604  6.450 -28.50 0.37400
      605  6.450 -28.40 0.39600
      606  6.450 -28.30 0.42300
      607  6.450 -28.20 0.41400
      608  6.450 -28.10 0.40700
      609  6.450 -28.00 0.39600
      610  6.450 -27.90 0.39000
      611  6.450 -27.80 0.37300
      612  6.450 -27.70 0.32800
      613  6.450 -27.60 0.27100
      614  6.450 -27.50 0.18600
      615  6.450 -27.40 0.11200
      616  6.450 -27.30 0.06800
      617  6.450 -27.20 0.03300
      618  6.450 -27.10 0.01400
      619  6.450 -27.00 0.00300
      620  6.450 -26.90 0.00100
      621  6.450 -26.80 0.00000
      622  6.450 -26.70 0.00000
      623  6.450 -26.60 0.00000
      624  6.450 -26.50 0.00000
      625  6.450 -26.40 0.00000
      626  6.450 -26.30 0.00000
      627  6.450 -26.20 0.00000
      628  6.450 -26.10 0.00000
      629  6.450 -26.00 0.00000
      630  6.450 -25.90 0.00000
      631  6.500 -29.30 0.13000
      632  6.500 -29.20 0.14600
      633  6.500 -29.10 0.16000
      634  6.500 -29.00 0.15400
      635  6.500 -28.90 0.16800
      636  6.500 -28.80 0.18700
      637  6.500 -28.70 0.20200
      638  6.500 -28.60 0.20300
      639  6.500 -28.50 0.19100
      640  6.500 -28.40 0.21300
      641  6.500 -28.30 0.24000
      642  6.500 -28.20 0.25000
      643  6.500 -28.10 0.25300
      644  6.500 -28.00 0.23300
      645  6.500 -27.90 0.21700
      646  6.500 -27.80 0.19500
      647  6.500 -27.70 0.15800
      648  6.500 -27.60 0.11900
      649  6.500 -27.50 0.07700
      650  6.500 -27.40 0.03800
      651  6.500 -27.30 0.01800
      652  6.500 -27.20 0.00900
      653  6.500 -27.10 0.00300
      654  6.500 -27.00 0.00100
      655  6.500 -26.90 0.00000
      656  6.500 -26.80 0.00000
      657  6.500 -26.70 0.00000
      658  6.500 -26.60 0.00000
      659  6.500 -26.50 0.00000
      660  6.500 -26.40 0.00000
      661  6.500 -26.30 0.00000
      662  6.500 -26.20 0.00000
      663  6.500 -26.10 0.00000
      664  6.500 -26.00 0.00000
      665  6.500 -25.90 0.00000
      666  6.550 -29.30 0.04900
      667  6.550 -29.20 0.05900
      668  6.550 -29.10 0.06800
      669  6.550 -29.00 0.07300
      670  6.550 -28.90 0.08600
      671  6.550 -28.80 0.09500
      672  6.550 -28.70 0.10400
      673  6.550 -28.60 0.09900
      674  6.550 -28.50 0.09100
      675  6.550 -28.40 0.10000
      676  6.550 -28.30 0.12600
      677  6.550 -28.20 0.14100
      678  6.550 -28.10 0.14200
      679  6.550 -28.00 0.12900
      680  6.550 -27.90 0.10200
      681  6.550 -27.80 0.08200
      682  6.550 -27.70 0.06000
      683  6.550 -27.60 0.03400
      684  6.550 -27.50 0.02000
      685  6.550 -27.40 0.01100
      686  6.550 -27.30 0.00400
      687  6.550 -27.20 0.00100
      688  6.550 -27.10 0.00000
      689  6.550 -27.00 0.00000
      690  6.550 -26.90 0.00000
      691  6.550 -26.80 0.00000
      692  6.550 -26.70 0.00000
      693  6.550 -26.60 0.00000
      694  6.550 -26.50 0.00000
      695  6.550 -26.40 0.00000
      696  6.550 -26.30 0.00000
      697  6.550 -26.20 0.00000
      698  6.550 -26.10 0.00000
      699  6.550 -26.00 0.00000
      700  6.550 -25.90 0.00000
      701  6.600 -29.30 0.04200
      702  6.600 -29.20 0.03600
      703  6.600 -29.10 0.03200
      704  6.600 -29.00 0.04000
      705  6.600 -28.90 0.04400
      706  6.600 -28.80 0.05100
      707  6.600 -28.70 0.05400
      708  6.600 -28.60 0.05300
      709  6.600 -28.50 0.05600
      710  6.600 -28.40 0.06500
      711  6.600 -28.30 0.09300
      712  6.600 -28.20 0.09300
      713  6.600 -28.10 0.08100
      714  6.600 -28.00 0.08400
      715  6.600 -27.90 0.06300
      716  6.600 -27.80 0.04100
      717  6.600 -27.70 0.02800
      718  6.600 -27.60 0.01500
      719  6.600 -27.50 0.00700
      720  6.600 -27.40 0.00500
      721  6.600 -27.30 0.00100
      722  6.600 -27.20 0.00000
      723  6.600 -27.10 0.00000
      724  6.600 -27.00 0.00000
      725  6.600 -26.90 0.00000
      726  6.600 -26.80 0.00000
      727  6.600 -26.70 0.00000
      728  6.600 -26.60 0.00000
      729  6.600 -26.50 0.00000
      730  6.600 -26.40 0.00000
      731  6.600 -26.30 0.00000
      732  6.600 -26.20 0.00000
      733  6.600 -26.10 0.00000
      734  6.600 -26.00 0.00000
      735  6.600 -25.90 0.00000
