# Selection function for SDSS Overlap Region z~6 survey (Jiang et al. 2016, arXiv:1610.05369)
# provided by Linhua Jiang
# counter  z     M1450  p
        1  5.600 -28.30 0.00000
        2  5.600 -28.20 0.00000
        3  5.600 -28.10 0.00000
        4  5.600 -28.00 0.00000
        5  5.600 -27.90 0.00000
        6  5.600 -27.80 0.00000
        7  5.600 -27.70 0.00000
        8  5.600 -27.60 0.00000
        9  5.600 -27.50 0.00000
       10  5.600 -27.40 0.00000
       11  5.600 -27.30 0.00000
       12  5.600 -27.20 0.00000
       13  5.600 -27.10 0.00000
       14  5.600 -27.00 0.00000
       15  5.600 -26.90 0.00000
       16  5.600 -26.80 0.00000
       17  5.600 -26.70 0.00000
       18  5.600 -26.60 0.00000
       19  5.600 -26.50 0.00000
       20  5.600 -26.40 0.00000
       21  5.600 -26.30 0.00000
       22  5.600 -26.20 0.00000
       23  5.600 -26.10 0.00000
       24  5.600 -26.00 0.00000
       25  5.600 -25.90 0.00000
       26  5.600 -25.80 0.00000
       27  5.600 -25.70 0.00000
       28  5.600 -25.60 0.00000
       29  5.600 -25.50 0.00000
       30  5.600 -25.40 0.00000
       31  5.600 -25.30 0.00000
       32  5.600 -25.20 0.00000
       33  5.600 -25.10 0.00000
       34  5.600 -25.00 0.00000
       35  5.600 -24.90 0.00000
       36  5.650 -28.30 0.00000
       37  5.650 -28.20 0.00000
       38  5.650 -28.10 0.00000
       39  5.650 -28.00 0.00000
       40  5.650 -27.90 0.00000
       41  5.650 -27.80 0.00000
       42  5.650 -27.70 0.00000
       43  5.650 -27.60 0.00000
       44  5.650 -27.50 0.00000
       45  5.650 -27.40 0.00000
       46  5.650 -27.30 0.00000
       47  5.650 -27.20 0.00000
       48  5.650 -27.10 0.00000
       49  5.650 -27.00 0.00000
       50  5.650 -26.90 0.00000
       51  5.650 -26.80 0.00000
       52  5.650 -26.70 0.00000
       53  5.650 -26.60 0.00000
       54  5.650 -26.50 0.00000
       55  5.650 -26.40 0.00000
       56  5.650 -26.30 0.00000
       57  5.650 -26.20 0.00000
       58  5.650 -26.10 0.00000
       59  5.650 -26.00 0.00000
       60  5.650 -25.90 0.00000
       61  5.650 -25.80 0.00000
       62  5.650 -25.70 0.00000
       63  5.650 -25.60 0.00000
       64  5.650 -25.50 0.00000
       65  5.650 -25.40 0.00000
       66  5.650 -25.30 0.00000
       67  5.650 -25.20 0.00000
       68  5.650 -25.10 0.00000
       69  5.650 -25.00 0.00000
       70  5.650 -24.90 0.00000
       71  5.700 -28.30 0.00000
       72  5.700 -28.20 0.00000
       73  5.700 -28.10 0.00000
       74  5.700 -28.00 0.00000
       75  5.700 -27.90 0.00000
       76  5.700 -27.80 0.00000
       77  5.700 -27.70 0.00000
       78  5.700 -27.60 0.00000
       79  5.700 -27.50 0.00000
       80  5.700 -27.40 0.00000
       81  5.700 -27.30 0.00000
       82  5.700 -27.20 0.00000
       83  5.700 -27.10 0.00000
       84  5.700 -27.00 0.00000
       85  5.700 -26.90 0.00000
       86  5.700 -26.80 0.00100
       87  5.700 -26.70 0.00300
       88  5.700 -26.60 0.00500
       89  5.700 -26.50 0.00700
       90  5.700 -26.40 0.01100
       91  5.700 -26.30 0.01600
       92  5.700 -26.20 0.01600
       93  5.700 -26.10 0.01400
       94  5.700 -26.00 0.01000
       95  5.700 -25.90 0.00800
       96  5.700 -25.80 0.00400
       97  5.700 -25.70 0.00100
       98  5.700 -25.60 0.00000
       99  5.700 -25.50 0.00000
      100  5.700 -25.40 0.00000
      101  5.700 -25.30 0.00000
      102  5.700 -25.20 0.00000
      103  5.700 -25.10 0.00000
      104  5.700 -25.00 0.00000
      105  5.700 -24.90 0.00000
      106  5.750 -28.30 0.00000
      107  5.750 -28.20 0.00000
      108  5.750 -28.10 0.00000
      109  5.750 -28.00 0.00000
      110  5.750 -27.90 0.00000
      111  5.750 -27.80 0.00000
      112  5.750 -27.70 0.00000
      113  5.750 -27.60 0.00000
      114  5.750 -27.50 0.00000
      115  5.750 -27.40 0.00000
      116  5.750 -27.30 0.00000
      117  5.750 -27.20 0.00000
      118  5.750 -27.10 0.00000
      119  5.750 -27.00 0.00000
      120  5.750 -26.90 0.00400
      121  5.750 -26.80 0.02000
      122  5.750 -26.70 0.04700
      123  5.750 -26.60 0.09200
      124  5.750 -26.50 0.13300
      125  5.750 -26.40 0.17400
      126  5.750 -26.30 0.20800
      127  5.750 -26.20 0.20800
      128  5.750 -26.10 0.19900
      129  5.750 -26.00 0.15800
      130  5.750 -25.90 0.10300
      131  5.750 -25.80 0.04500
      132  5.750 -25.70 0.01000
      133  5.750 -25.60 0.00000
      134  5.750 -25.50 0.00000
      135  5.750 -25.40 0.00000
      136  5.750 -25.30 0.00000
      137  5.750 -25.20 0.00000
      138  5.750 -25.10 0.00000
      139  5.750 -25.00 0.00000
      140  5.750 -24.90 0.00000
      141  5.800 -28.30 0.00000
      142  5.800 -28.20 0.00000
      143  5.800 -28.10 0.00000
      144  5.800 -28.00 0.00000
      145  5.800 -27.90 0.00000
      146  5.800 -27.80 0.00000
      147  5.800 -27.70 0.00000
      148  5.800 -27.60 0.00000
      149  5.800 -27.50 0.00000
      150  5.800 -27.40 0.00000
      151  5.800 -27.30 0.00000
      152  5.800 -27.20 0.00000
      153  5.800 -27.10 0.00000
      154  5.800 -27.00 0.00100
      155  5.800 -26.90 0.01200
      156  5.800 -26.80 0.04800
      157  5.800 -26.70 0.12000
      158  5.800 -26.60 0.21700
      159  5.800 -26.50 0.32600
      160  5.800 -26.40 0.44500
      161  5.800 -26.30 0.51800
      162  5.800 -26.20 0.53800
      163  5.800 -26.10 0.49600
      164  5.800 -26.00 0.40900
      165  5.800 -25.90 0.27800
      166  5.800 -25.80 0.12200
      167  5.800 -25.70 0.02600
      168  5.800 -25.60 0.00100
      169  5.800 -25.50 0.00000
      170  5.800 -25.40 0.00000
      171  5.800 -25.30 0.00000
      172  5.800 -25.20 0.00000
      173  5.800 -25.10 0.00000
      174  5.800 -25.00 0.00000
      175  5.800 -24.90 0.00000
      176  5.850 -28.30 0.00000
      177  5.850 -28.20 0.00000
      178  5.850 -28.10 0.00000
      179  5.850 -28.00 0.00000
      180  5.850 -27.90 0.00000
      181  5.850 -27.80 0.00000
      182  5.850 -27.70 0.00000
      183  5.850 -27.60 0.00000
      184  5.850 -27.50 0.00000
      185  5.850 -27.40 0.00000
      186  5.850 -27.30 0.00000
      187  5.850 -27.20 0.00000
      188  5.850 -27.10 0.00100
      189  5.850 -27.00 0.00600
      190  5.850 -26.90 0.02400
      191  5.850 -26.80 0.07500
      192  5.850 -26.70 0.16100
      193  5.850 -26.60 0.27500
      194  5.850 -26.50 0.41900
      195  5.850 -26.40 0.55700
      196  5.850 -26.30 0.64300
      197  5.850 -26.20 0.65700
      198  5.850 -26.10 0.59100
      199  5.850 -26.00 0.46800
      200  5.850 -25.90 0.31000
      201  5.850 -25.80 0.13300
      202  5.850 -25.70 0.02400
      203  5.850 -25.60 0.00100
      204  5.850 -25.50 0.00000
      205  5.850 -25.40 0.00000
      206  5.850 -25.30 0.00000
      207  5.850 -25.20 0.00000
      208  5.850 -25.10 0.00000
      209  5.850 -25.00 0.00000
      210  5.850 -24.90 0.00000
      211  5.900 -28.30 0.00000
      212  5.900 -28.20 0.00000
      213  5.900 -28.10 0.00000
      214  5.900 -28.00 0.00000
      215  5.900 -27.90 0.00000
      216  5.900 -27.80 0.00000
      217  5.900 -27.70 0.00000
      218  5.900 -27.60 0.00000
      219  5.900 -27.50 0.00000
      220  5.900 -27.40 0.00000
      221  5.900 -27.30 0.00000
      222  5.900 -27.20 0.00000
      223  5.900 -27.10 0.00300
      224  5.900 -27.00 0.01300
      225  5.900 -26.90 0.04200
      226  5.900 -26.80 0.11300
      227  5.900 -26.70 0.21500
      228  5.900 -26.60 0.34100
      229  5.900 -26.50 0.49600
      230  5.900 -26.40 0.60900
      231  5.900 -26.30 0.67500
      232  5.900 -26.20 0.66400
      233  5.900 -26.10 0.57200
      234  5.900 -26.00 0.44600
      235  5.900 -25.90 0.25300
      236  5.900 -25.80 0.08100
      237  5.900 -25.70 0.01100
      238  5.900 -25.60 0.00000
      239  5.900 -25.50 0.00000
      240  5.900 -25.40 0.00000
      241  5.900 -25.30 0.00000
      242  5.900 -25.20 0.00000
      243  5.900 -25.10 0.00000
      244  5.900 -25.00 0.00000
      245  5.900 -24.90 0.00000
      246  5.950 -28.30 0.00000
      247  5.950 -28.20 0.00000
      248  5.950 -28.10 0.00000
      249  5.950 -28.00 0.00000
      250  5.950 -27.90 0.00000
      251  5.950 -27.80 0.00000
      252  5.950 -27.70 0.00000
      253  5.950 -27.60 0.00000
      254  5.950 -27.50 0.00000
      255  5.950 -27.40 0.00000
      256  5.950 -27.30 0.00000
      257  5.950 -27.20 0.00100
      258  5.950 -27.10 0.00700
      259  5.950 -27.00 0.02900
      260  5.950 -26.90 0.08300
      261  5.950 -26.80 0.17100
      262  5.950 -26.70 0.29500
      263  5.950 -26.60 0.42700
      264  5.950 -26.50 0.57100
      265  5.950 -26.40 0.66200
      266  5.950 -26.30 0.68700
      267  5.950 -26.20 0.63000
      268  5.950 -26.10 0.52600
      269  5.950 -26.00 0.37700
      270  5.950 -25.90 0.14700
      271  5.950 -25.80 0.03100
      272  5.950 -25.70 0.00300
      273  5.950 -25.60 0.00000
      274  5.950 -25.50 0.00000
      275  5.950 -25.40 0.00000
      276  5.950 -25.30 0.00000
      277  5.950 -25.20 0.00000
      278  5.950 -25.10 0.00000
      279  5.950 -25.00 0.00000
      280  5.950 -24.90 0.00000
      281  6.000 -28.30 0.00000
      282  6.000 -28.20 0.00000
      283  6.000 -28.10 0.00000
      284  6.000 -28.00 0.00000
      285  6.000 -27.90 0.00000
      286  6.000 -27.80 0.00000
      287  6.000 -27.70 0.00000
      288  6.000 -27.60 0.00000
      289  6.000 -27.50 0.00000
      290  6.000 -27.40 0.00000
      291  6.000 -27.30 0.00200
      292  6.000 -27.20 0.00500
      293  6.000 -27.10 0.02200
      294  6.000 -27.00 0.06700
      295  6.000 -26.90 0.14000
      296  6.000 -26.80 0.24400
      297  6.000 -26.70 0.38400
      298  6.000 -26.60 0.52100
      299  6.000 -26.50 0.63400
      300  6.000 -26.40 0.68900
      301  6.000 -26.30 0.66000
      302  6.000 -26.20 0.56800
      303  6.000 -26.10 0.40600
      304  6.000 -26.00 0.20600
      305  6.000 -25.90 0.05300
      306  6.000 -25.80 0.00700
      307  6.000 -25.70 0.00100
      308  6.000 -25.60 0.00000
      309  6.000 -25.50 0.00000
      310  6.000 -25.40 0.00000
      311  6.000 -25.30 0.00000
      312  6.000 -25.20 0.00000
      313  6.000 -25.10 0.00000
      314  6.000 -25.00 0.00000
      315  6.000 -24.90 0.00000
      316  6.050 -28.30 0.00000
      317  6.050 -28.20 0.00000
      318  6.050 -28.10 0.00000
      319  6.050 -28.00 0.00000
      320  6.050 -27.90 0.00000
      321  6.050 -27.80 0.00000
      322  6.050 -27.70 0.00000
      323  6.050 -27.60 0.00000
      324  6.050 -27.50 0.00000
      325  6.050 -27.40 0.00100
      326  6.050 -27.30 0.00500
      327  6.050 -27.20 0.01800
      328  6.050 -27.10 0.04900
      329  6.050 -27.00 0.12300
      330  6.050 -26.90 0.22800
      331  6.050 -26.80 0.34800
      332  6.050 -26.70 0.49000
      333  6.050 -26.60 0.61800
      334  6.050 -26.50 0.68100
      335  6.050 -26.40 0.67900
      336  6.050 -26.30 0.58500
      337  6.050 -26.20 0.43300
      338  6.050 -26.10 0.22900
      339  6.050 -26.00 0.08300
      340  6.050 -25.90 0.01300
      341  6.050 -25.80 0.00100
      342  6.050 -25.70 0.00000
      343  6.050 -25.60 0.00000
      344  6.050 -25.50 0.00000
      345  6.050 -25.40 0.00000
      346  6.050 -25.30 0.00000
      347  6.050 -25.20 0.00000
      348  6.050 -25.10 0.00000
      349  6.050 -25.00 0.00000
      350  6.050 -24.90 0.00000
      351  6.100 -28.30 0.00000
      352  6.100 -28.20 0.00000
      353  6.100 -28.10 0.00000
      354  6.100 -28.00 0.00000
      355  6.100 -27.90 0.00000
      356  6.100 -27.80 0.00000
      357  6.100 -27.70 0.00000
      358  6.100 -27.60 0.00000
      359  6.100 -27.50 0.00100
      360  6.100 -27.40 0.00500
      361  6.100 -27.30 0.01900
      362  6.100 -27.20 0.04900
      363  6.100 -27.10 0.11600
      364  6.100 -27.00 0.22400
      365  6.100 -26.90 0.34400
      366  6.100 -26.80 0.47400
      367  6.100 -26.70 0.60800
      368  6.100 -26.60 0.67900
      369  6.100 -26.50 0.67600
      370  6.100 -26.40 0.61500
      371  6.100 -26.30 0.46200
      372  6.100 -26.20 0.25500
      373  6.100 -26.10 0.10200
      374  6.100 -26.00 0.02500
      375  6.100 -25.90 0.00200
      376  6.100 -25.80 0.00000
      377  6.100 -25.70 0.00000
      378  6.100 -25.60 0.00000
      379  6.100 -25.50 0.00000
      380  6.100 -25.40 0.00000
      381  6.100 -25.30 0.00000
      382  6.100 -25.20 0.00000
      383  6.100 -25.10 0.00000
      384  6.100 -25.00 0.00000
      385  6.100 -24.90 0.00000
      386  6.150 -28.30 0.00000
      387  6.150 -28.20 0.00000
      388  6.150 -28.10 0.00000
      389  6.150 -28.00 0.00000
      390  6.150 -27.90 0.00000
      391  6.150 -27.80 0.00000
      392  6.150 -27.70 0.00000
      393  6.150 -27.60 0.00100
      394  6.150 -27.50 0.00400
      395  6.150 -27.40 0.02000
      396  6.150 -27.30 0.06000
      397  6.150 -27.20 0.12200
      398  6.150 -27.10 0.24000
      399  6.150 -27.00 0.35100
      400  6.150 -26.90 0.46800
      401  6.150 -26.80 0.59900
      402  6.150 -26.70 0.66200
      403  6.150 -26.60 0.66400
      404  6.150 -26.50 0.60000
      405  6.150 -26.40 0.44100
      406  6.150 -26.30 0.25000
      407  6.150 -26.20 0.09200
      408  6.150 -26.10 0.02400
      409  6.150 -26.00 0.00300
      410  6.150 -25.90 0.00000
      411  6.150 -25.80 0.00000
      412  6.150 -25.70 0.00000
      413  6.150 -25.60 0.00000
      414  6.150 -25.50 0.00000
      415  6.150 -25.40 0.00000
      416  6.150 -25.30 0.00000
      417  6.150 -25.20 0.00000
      418  6.150 -25.10 0.00000
      419  6.150 -25.00 0.00000
      420  6.150 -24.90 0.00000
      421  6.200 -28.30 0.00000
      422  6.200 -28.20 0.00000
      423  6.200 -28.10 0.00000
      424  6.200 -28.00 0.00000
      425  6.200 -27.90 0.00000
      426  6.200 -27.80 0.00000
      427  6.200 -27.70 0.00100
      428  6.200 -27.60 0.00700
      429  6.200 -27.50 0.02100
      430  6.200 -27.40 0.06000
      431  6.200 -27.30 0.13000
      432  6.200 -27.20 0.21700
      433  6.200 -27.10 0.36200
      434  6.200 -27.00 0.49700
      435  6.200 -26.90 0.59400
      436  6.200 -26.80 0.65600
      437  6.200 -26.70 0.63800
      438  6.200 -26.60 0.55300
      439  6.200 -26.50 0.40400
      440  6.200 -26.40 0.23000
      441  6.200 -26.30 0.09100
      442  6.200 -26.20 0.01400
      443  6.200 -26.10 0.00200
      444  6.200 -26.00 0.00000
      445  6.200 -25.90 0.00000
      446  6.200 -25.80 0.00000
      447  6.200 -25.70 0.00000
      448  6.200 -25.60 0.00000
      449  6.200 -25.50 0.00000
      450  6.200 -25.40 0.00000
      451  6.200 -25.30 0.00000
      452  6.200 -25.20 0.00000
      453  6.200 -25.10 0.00000
      454  6.200 -25.00 0.00000
      455  6.200 -24.90 0.00000
      456  6.250 -28.30 0.00000
      457  6.250 -28.20 0.00000
      458  6.250 -28.10 0.00000
      459  6.250 -28.00 0.00000
      460  6.250 -27.90 0.00000
      461  6.250 -27.80 0.00200
      462  6.250 -27.70 0.00600
      463  6.250 -27.60 0.02300
      464  6.250 -27.50 0.06800
      465  6.250 -27.40 0.13900
      466  6.250 -27.30 0.22900
      467  6.250 -27.20 0.35300
      468  6.250 -27.10 0.49200
      469  6.250 -27.00 0.59300
      470  6.250 -26.90 0.63800
      471  6.250 -26.80 0.62100
      472  6.250 -26.70 0.52900
      473  6.250 -26.60 0.37000
      474  6.250 -26.50 0.18900
      475  6.250 -26.40 0.07600
      476  6.250 -26.30 0.01500
      477  6.250 -26.20 0.00100
      478  6.250 -26.10 0.00000
      479  6.250 -26.00 0.00000
      480  6.250 -25.90 0.00000
      481  6.250 -25.80 0.00000
      482  6.250 -25.70 0.00000
      483  6.250 -25.60 0.00000
      484  6.250 -25.50 0.00000
      485  6.250 -25.40 0.00000
      486  6.250 -25.30 0.00000
      487  6.250 -25.20 0.00000
      488  6.250 -25.10 0.00000
      489  6.250 -25.00 0.00000
      490  6.250 -24.90 0.00000
      491  6.300 -28.30 0.00000
      492  6.300 -28.20 0.00000
      493  6.300 -28.10 0.00000
      494  6.300 -28.00 0.00000
      495  6.300 -27.90 0.00200
      496  6.300 -27.80 0.01000
      497  6.300 -27.70 0.03000
      498  6.300 -27.60 0.06600
      499  6.300 -27.50 0.15200
      500  6.300 -27.40 0.25200
      501  6.300 -27.30 0.36800
      502  6.300 -27.20 0.48600
      503  6.300 -27.10 0.56800
      504  6.300 -27.00 0.60600
      505  6.300 -26.90 0.57700
      506  6.300 -26.80 0.48200
      507  6.300 -26.70 0.31700
      508  6.300 -26.60 0.14500
      509  6.300 -26.50 0.04700
      510  6.300 -26.40 0.00900
      511  6.300 -26.30 0.00100
      512  6.300 -26.20 0.00000
      513  6.300 -26.10 0.00000
      514  6.300 -26.00 0.00000
      515  6.300 -25.90 0.00000
      516  6.300 -25.80 0.00000
      517  6.300 -25.70 0.00000
      518  6.300 -25.60 0.00000
      519  6.300 -25.50 0.00000
      520  6.300 -25.40 0.00000
      521  6.300 -25.30 0.00000
      522  6.300 -25.20 0.00000
      523  6.300 -25.10 0.00000
      524  6.300 -25.00 0.00000
      525  6.300 -24.90 0.00000
      526  6.350 -28.30 0.00000
      527  6.350 -28.20 0.00000
      528  6.350 -28.10 0.00100
      529  6.350 -28.00 0.00200
      530  6.350 -27.90 0.01000
      531  6.350 -27.80 0.03300
      532  6.350 -27.70 0.07600
      533  6.350 -27.60 0.15100
      534  6.350 -27.50 0.25300
      535  6.350 -27.40 0.34900
      536  6.350 -27.30 0.44300
      537  6.350 -27.20 0.51500
      538  6.350 -27.10 0.52700
      539  6.350 -27.00 0.48600
      540  6.350 -26.90 0.39200
      541  6.350 -26.80 0.24200
      542  6.350 -26.70 0.10300
      543  6.350 -26.60 0.02900
      544  6.350 -26.50 0.00500
      545  6.350 -26.40 0.00000
      546  6.350 -26.30 0.00000
      547  6.350 -26.20 0.00000
      548  6.350 -26.10 0.00000
      549  6.350 -26.00 0.00000
      550  6.350 -25.90 0.00000
      551  6.350 -25.80 0.00000
      552  6.350 -25.70 0.00000
      553  6.350 -25.60 0.00000
      554  6.350 -25.50 0.00000
      555  6.350 -25.40 0.00000
      556  6.350 -25.30 0.00000
      557  6.350 -25.20 0.00000
      558  6.350 -25.10 0.00000
      559  6.350 -25.00 0.00000
      560  6.350 -24.90 0.00000
      561  6.400 -28.30 0.00000
      562  6.400 -28.20 0.00000
      563  6.400 -28.10 0.00100
      564  6.400 -28.00 0.00800
      565  6.400 -27.90 0.03100
      566  6.400 -27.80 0.07200
      567  6.400 -27.70 0.13900
      568  6.400 -27.60 0.22100
      569  6.400 -27.50 0.30400
      570  6.400 -27.40 0.38500
      571  6.400 -27.30 0.44200
      572  6.400 -27.20 0.45100
      573  6.400 -27.10 0.40700
      574  6.400 -27.00 0.32300
      575  6.400 -26.90 0.18900
      576  6.400 -26.80 0.07500
      577  6.400 -26.70 0.01700
      578  6.400 -26.60 0.00200
      579  6.400 -26.50 0.00000
      580  6.400 -26.40 0.00000
      581  6.400 -26.30 0.00000
      582  6.400 -26.20 0.00000
      583  6.400 -26.10 0.00000
      584  6.400 -26.00 0.00000
      585  6.400 -25.90 0.00000
      586  6.400 -25.80 0.00000
      587  6.400 -25.70 0.00000
      588  6.400 -25.60 0.00000
      589  6.400 -25.50 0.00000
      590  6.400 -25.40 0.00000
      591  6.400 -25.30 0.00000
      592  6.400 -25.20 0.00000
      593  6.400 -25.10 0.00000
      594  6.400 -25.00 0.00000
      595  6.400 -24.90 0.00000
      596  6.450 -28.30 0.00000
      597  6.450 -28.20 0.00300
      598  6.450 -28.10 0.00800
      599  6.450 -28.00 0.02600
      600  6.450 -27.90 0.05500
      601  6.450 -27.80 0.10900
      602  6.450 -27.70 0.16900
      603  6.450 -27.60 0.23200
      604  6.450 -27.50 0.29100
      605  6.450 -27.40 0.33000
      606  6.450 -27.30 0.35400
      607  6.450 -27.20 0.31800
      608  6.450 -27.10 0.25100
      609  6.450 -27.00 0.14900
      610  6.450 -26.90 0.05800
      611  6.450 -26.80 0.01200
      612  6.450 -26.70 0.00100
      613  6.450 -26.60 0.00000
      614  6.450 -26.50 0.00000
      615  6.450 -26.40 0.00000
      616  6.450 -26.30 0.00000
      617  6.450 -26.20 0.00000
      618  6.450 -26.10 0.00000
      619  6.450 -26.00 0.00000
      620  6.450 -25.90 0.00000
      621  6.450 -25.80 0.00000
      622  6.450 -25.70 0.00000
      623  6.450 -25.60 0.00000
      624  6.450 -25.50 0.00000
      625  6.450 -25.40 0.00000
      626  6.450 -25.30 0.00000
      627  6.450 -25.20 0.00000
      628  6.450 -25.10 0.00000
      629  6.450 -25.00 0.00000
      630  6.450 -24.90 0.00000
      631  6.500 -28.30 0.00200
      632  6.500 -28.20 0.00800
      633  6.500 -28.10 0.02000
      634  6.500 -28.00 0.03900
      635  6.500 -27.90 0.06500
      636  6.500 -27.80 0.11100
      637  6.500 -27.70 0.14300
      638  6.500 -27.60 0.18600
      639  6.500 -27.50 0.21200
      640  6.500 -27.40 0.21500
      641  6.500 -27.30 0.20900
      642  6.500 -27.20 0.14300
      643  6.500 -27.10 0.08200
      644  6.500 -27.00 0.03100
      645  6.500 -26.90 0.00600
      646  6.500 -26.80 0.00100
      647  6.500 -26.70 0.00000
      648  6.500 -26.60 0.00000
      649  6.500 -26.50 0.00000
      650  6.500 -26.40 0.00000
      651  6.500 -26.30 0.00000
      652  6.500 -26.20 0.00000
      653  6.500 -26.10 0.00000
      654  6.500 -26.00 0.00000
      655  6.500 -25.90 0.00000
      656  6.500 -25.80 0.00000
      657  6.500 -25.70 0.00000
      658  6.500 -25.60 0.00000
      659  6.500 -25.50 0.00000
      660  6.500 -25.40 0.00000
      661  6.500 -25.30 0.00000
      662  6.500 -25.20 0.00000
      663  6.500 -25.10 0.00000
      664  6.500 -25.00 0.00000
      665  6.500 -24.90 0.00000
      666  6.550 -28.30 0.00500
      667  6.550 -28.20 0.01300
      668  6.550 -28.10 0.02600
      669  6.550 -28.00 0.04500
      670  6.550 -27.90 0.05900
      671  6.550 -27.80 0.08100
      672  6.550 -27.70 0.09700
      673  6.550 -27.60 0.11000
      674  6.550 -27.50 0.11600
      675  6.550 -27.40 0.11600
      676  6.550 -27.30 0.08400
      677  6.550 -27.20 0.03400
      678  6.550 -27.10 0.00900
      679  6.550 -27.00 0.00100
      680  6.550 -26.90 0.00000
      681  6.550 -26.80 0.00000
      682  6.550 -26.70 0.00000
      683  6.550 -26.60 0.00000
      684  6.550 -26.50 0.00000
      685  6.550 -26.40 0.00000
      686  6.550 -26.30 0.00000
      687  6.550 -26.20 0.00000
      688  6.550 -26.10 0.00000
      689  6.550 -26.00 0.00000
      690  6.550 -25.90 0.00000
      691  6.550 -25.80 0.00000
      692  6.550 -25.70 0.00000
      693  6.550 -25.60 0.00000
      694  6.550 -25.50 0.00000
      695  6.550 -25.40 0.00000
      696  6.550 -25.30 0.00000
      697  6.550 -25.20 0.00000
      698  6.550 -25.10 0.00000
      699  6.550 -25.00 0.00000
      700  6.550 -24.90 0.00000
      701  6.600 -28.30 0.00600
      702  6.600 -28.20 0.01200
      703  6.600 -28.10 0.02000
      704  6.600 -28.00 0.03900
      705  6.600 -27.90 0.04800
      706  6.600 -27.80 0.05500
      707  6.600 -27.70 0.07500
      708  6.600 -27.60 0.08000
      709  6.600 -27.50 0.08200
      710  6.600 -27.40 0.07900
      711  6.600 -27.30 0.03900
      712  6.600 -27.20 0.01100
      713  6.600 -27.10 0.00200
      714  6.600 -27.00 0.00000
      715  6.600 -26.90 0.00000
      716  6.600 -26.80 0.00000
      717  6.600 -26.70 0.00000
      718  6.600 -26.60 0.00000
      719  6.600 -26.50 0.00000
      720  6.600 -26.40 0.00000
      721  6.600 -26.30 0.00000
      722  6.600 -26.20 0.00000
      723  6.600 -26.10 0.00000
      724  6.600 -26.00 0.00000
      725  6.600 -25.90 0.00000
      726  6.600 -25.80 0.00000
      727  6.600 -25.70 0.00000
      728  6.600 -25.60 0.00000
      729  6.600 -25.50 0.00000
      730  6.600 -25.40 0.00000
      731  6.600 -25.30 0.00000
      732  6.600 -25.20 0.00000
      733  6.600 -25.10 0.00000
      734  6.600 -25.00 0.00000
      735  6.600 -24.90 0.00000
