# Kashikawa et al. (2015, ApJ, 798, 28) selection function for Subaru High-z Quasar Survey (6.5deg2)
# provided by Nobunari Kashikawa
# cosmology is H_0=70km/s/Mpc, Omega_M=0.3, Omega_Lambda=0.7
# counter  z     M1450  p
        1  5.600 -27.50 0.00000
        2  5.600 -27.45 0.00000
        3  5.600 -27.40 0.00000
        4  5.600 -27.35 0.00000
        5  5.600 -27.30 0.00000
        6  5.600 -27.25 0.00000
        7  5.600 -27.20 0.00000
        8  5.600 -27.15 0.00000
        9  5.600 -27.10 0.00000
       10  5.600 -27.05 0.00000
       11  5.600 -27.00 0.00000
       12  5.600 -26.95 0.00000
       13  5.600 -26.90 0.00000
       14  5.600 -26.85 0.00000
       15  5.600 -26.80 0.00000
       16  5.600 -26.75 0.00000
       17  5.600 -26.70 0.00000
       18  5.600 -26.65 0.00000
       19  5.600 -26.60 0.00000
       20  5.600 -26.55 0.00000
       21  5.600 -26.50 0.00000
       22  5.600 -26.45 0.00000
       23  5.600 -26.40 0.00000
       24  5.600 -26.35 0.00000
       25  5.600 -26.30 0.00000
       26  5.600 -26.25 0.00000
       27  5.600 -26.20 0.00000
       28  5.600 -26.15 0.00000
       29  5.600 -26.10 0.00000
       30  5.600 -26.05 0.00000
       31  5.600 -26.00 0.00000
       32  5.600 -25.95 0.00000
       33  5.600 -25.90 0.00000
       34  5.600 -25.85 0.00000
       35  5.600 -25.80 0.00000
       36  5.600 -25.75 0.00000
       37  5.600 -25.70 0.00000
       38  5.600 -25.65 0.00000
       39  5.600 -25.60 0.00000
       40  5.600 -25.55 0.00000
       41  5.600 -25.50 0.00000
       42  5.600 -25.45 0.00000
       43  5.600 -25.40 0.00000
       44  5.600 -25.35 0.00000
       45  5.600 -25.30 0.00000
       46  5.600 -25.25 0.00000
       47  5.600 -25.20 0.00000
       48  5.600 -25.15 0.00000
       49  5.600 -25.10 0.00000
       50  5.600 -25.05 0.00000
       51  5.600 -25.00 0.00000
       52  5.600 -24.95 0.00000
       53  5.600 -24.90 0.00000
       54  5.600 -24.85 0.00000
       55  5.600 -24.80 0.00000
       56  5.600 -24.75 0.00000
       57  5.600 -24.70 0.00000
       58  5.600 -24.65 0.00000
       59  5.600 -24.60 0.00000
       60  5.600 -24.55 0.00000
       61  5.600 -24.50 0.00000
       62  5.600 -24.45 0.00000
       63  5.600 -24.40 0.00000
       64  5.600 -24.35 0.00000
       65  5.600 -24.30 0.00000
       66  5.600 -24.25 0.00000
       67  5.600 -24.20 0.00000
       68  5.600 -24.15 0.00000
       69  5.600 -24.10 0.00000
       70  5.600 -24.05 0.00000
       71  5.600 -24.00 0.00000
       72  5.600 -23.95 0.00000
       73  5.600 -23.90 0.00000
       74  5.600 -23.85 0.00000
       75  5.600 -23.80 0.00000
       76  5.600 -23.75 0.00000
       77  5.600 -23.70 0.00000
       78  5.600 -23.65 0.00000
       79  5.600 -23.60 0.00000
       80  5.600 -23.55 0.00000
       81  5.600 -23.50 0.00000
       82  5.600 -23.45 0.00000
       83  5.600 -23.40 0.00000
       84  5.600 -23.35 0.00000
       85  5.600 -23.30 0.00000
       86  5.600 -23.25 0.00000
       87  5.600 -23.20 0.00000
       88  5.600 -23.15 0.00000
       89  5.600 -23.10 0.00000
       90  5.600 -23.05 0.00000
       91  5.600 -23.00 0.00000
       92  5.600 -22.95 0.00000
       93  5.600 -22.90 0.00000
       94  5.600 -22.85 0.00000
       95  5.600 -22.80 0.00000
       96  5.600 -22.75 0.00000
       97  5.600 -22.70 0.00000
       98  5.600 -22.65 0.00000
       99  5.600 -22.60 0.00000
      100  5.600 -22.55 0.00000
      101  5.600 -22.50 0.00000
      102  5.600 -22.45 0.00000
      103  5.600 -22.40 0.00000
      104  5.600 -22.35 0.00000
      105  5.600 -22.30 0.00000
      106  5.600 -22.25 0.00000
      107  5.600 -22.20 0.00000
      108  5.600 -22.15 0.00000
      109  5.600 -22.10 0.00000
      110  5.600 -22.05 0.00000
      111  5.600 -22.00 0.00000
      112  5.600 -21.95 0.00000
      113  5.600 -21.90 0.00000
      114  5.600 -21.85 0.00000
      115  5.600 -21.80 0.00000
      116  5.600 -21.75 0.00000
      117  5.600 -21.70 0.00000
      118  5.600 -21.65 0.00000
      119  5.600 -21.60 0.00000
      120  5.600 -21.55 0.00000
      121  5.600 -21.50 0.00000
      122  5.600 -21.45 0.00000
      123  5.600 -21.40 0.00000
      124  5.600 -21.35 0.00000
      125  5.600 -21.30 0.00000
      126  5.600 -21.25 0.00000
      127  5.600 -21.20 0.00000
      128  5.600 -21.15 0.00000
      129  5.600 -21.10 0.00000
      130  5.600 -21.05 0.00000
      131  5.650 -27.50 0.00309
      132  5.650 -27.45 0.00309
      133  5.650 -27.40 0.00309
      134  5.650 -27.35 0.00309
      135  5.650 -27.30 0.00309
      136  5.650 -27.25 0.00309
      137  5.650 -27.20 0.00309
      138  5.650 -27.15 0.00309
      139  5.650 -27.10 0.00309
      140  5.650 -27.05 0.00315
      141  5.650 -27.00 0.00323
      142  5.650 -26.95 0.00330
      143  5.650 -26.90 0.00338
      144  5.650 -26.85 0.00346
      145  5.650 -26.80 0.00353
      146  5.650 -26.75 0.00361
      147  5.650 -26.70 0.00369
      148  5.650 -26.65 0.00377
      149  5.650 -26.60 0.00384
      150  5.650 -26.55 0.00392
      151  5.650 -26.50 0.00400
      152  5.650 -26.45 0.00407
      153  5.650 -26.40 0.00415
      154  5.650 -26.35 0.00423
      155  5.650 -26.30 0.00431
      156  5.650 -26.25 0.00438
      157  5.650 -26.20 0.00446
      158  5.650 -26.15 0.00454
      159  5.650 -26.10 0.00461
      160  5.650 -26.05 0.00464
      161  5.650 -26.00 0.00466
      162  5.650 -25.95 0.00467
      163  5.650 -25.90 0.00469
      164  5.650 -25.85 0.00470
      165  5.650 -25.80 0.00472
      166  5.650 -25.75 0.00473
      167  5.650 -25.70 0.00475
      168  5.650 -25.65 0.00477
      169  5.650 -25.60 0.00478
      170  5.650 -25.55 0.00480
      171  5.650 -25.50 0.00481
      172  5.650 -25.45 0.00483
      173  5.650 -25.40 0.00484
      174  5.650 -25.35 0.00486
      175  5.650 -25.30 0.00487
      176  5.650 -25.25 0.00489
      177  5.650 -25.20 0.00490
      178  5.650 -25.15 0.00492
      179  5.650 -25.10 0.00494
      180  5.650 -25.05 0.00497
      181  5.650 -25.00 0.00502
      182  5.650 -24.95 0.00507
      183  5.650 -24.90 0.00511
      184  5.650 -24.85 0.00516
      185  5.650 -24.80 0.00521
      186  5.650 -24.75 0.00525
      187  5.650 -24.70 0.00530
      188  5.650 -24.65 0.00534
      189  5.650 -24.60 0.00539
      190  5.650 -24.55 0.00544
      191  5.650 -24.50 0.00548
      192  5.650 -24.45 0.00553
      193  5.650 -24.40 0.00558
      194  5.650 -24.35 0.00562
      195  5.650 -24.30 0.00567
      196  5.650 -24.25 0.00572
      197  5.650 -24.20 0.00576
      198  5.650 -24.15 0.00581
      199  5.650 -24.10 0.00586
      200  5.650 -24.05 0.00584
      201  5.650 -24.00 0.00581
      202  5.650 -23.95 0.00578
      203  5.650 -23.90 0.00575
      204  5.650 -23.85 0.00572
      205  5.650 -23.80 0.00569
      206  5.650 -23.75 0.00565
      207  5.650 -23.70 0.00562
      208  5.650 -23.65 0.00559
      209  5.650 -23.60 0.00556
      210  5.650 -23.55 0.00553
      211  5.650 -23.50 0.00550
      212  5.650 -23.45 0.00547
      213  5.650 -23.40 0.00544
      214  5.650 -23.35 0.00541
      215  5.650 -23.30 0.00538
      216  5.650 -23.25 0.00535
      217  5.650 -23.20 0.00532
      218  5.650 -23.15 0.00528
      219  5.650 -23.10 0.00525
      220  5.650 -23.05 0.00511
      221  5.650 -23.00 0.00494
      222  5.650 -22.95 0.00477
      223  5.650 -22.90 0.00460
      224  5.650 -22.85 0.00443
      225  5.650 -22.80 0.00426
      226  5.650 -22.75 0.00409
      227  5.650 -22.70 0.00392
      228  5.650 -22.65 0.00375
      229  5.650 -22.60 0.00358
      230  5.650 -22.55 0.00341
      231  5.650 -22.50 0.00324
      232  5.650 -22.45 0.00307
      233  5.650 -22.40 0.00290
      234  5.650 -22.35 0.00274
      235  5.650 -22.30 0.00256
      236  5.650 -22.25 0.00240
      237  5.650 -22.20 0.00222
      238  5.650 -22.15 0.00206
      239  5.650 -22.10 0.00189
      240  5.650 -22.05 0.00178
      241  5.650 -22.00 0.00169
      242  5.650 -21.95 0.00159
      243  5.650 -21.90 0.00150
      244  5.650 -21.85 0.00141
      245  5.650 -21.80 0.00132
      246  5.650 -21.75 0.00122
      247  5.650 -21.70 0.00113
      248  5.650 -21.65 0.00104
      249  5.650 -21.60 0.00094
      250  5.650 -21.55 0.00085
      251  5.650 -21.50 0.00076
      252  5.650 -21.45 0.00067
      253  5.650 -21.40 0.00057
      254  5.650 -21.35 0.00048
      255  5.650 -21.30 0.00039
      256  5.650 -21.25 0.00030
      257  5.650 -21.20 0.00020
      258  5.650 -21.15 0.00011
      259  5.650 -21.10 0.00002
      260  5.650 -21.05 0.00000
      261  5.700 -27.50 0.00394
      262  5.700 -27.45 0.00394
      263  5.700 -27.40 0.00394
      264  5.700 -27.35 0.00394
      265  5.700 -27.30 0.00394
      266  5.700 -27.25 0.00394
      267  5.700 -27.20 0.00394
      268  5.700 -27.15 0.00394
      269  5.700 -27.10 0.00394
      270  5.700 -27.05 0.00397
      271  5.700 -27.00 0.00399
      272  5.700 -26.95 0.00403
      273  5.700 -26.90 0.00405
      274  5.700 -26.85 0.00409
      275  5.700 -26.80 0.00411
      276  5.700 -26.75 0.00415
      277  5.700 -26.70 0.00417
      278  5.700 -26.65 0.00421
      279  5.700 -26.60 0.00423
      280  5.700 -26.55 0.00427
      281  5.700 -26.50 0.00429
      282  5.700 -26.45 0.00433
      283  5.700 -26.40 0.00435
      284  5.700 -26.35 0.00439
      285  5.700 -26.30 0.00441
      286  5.700 -26.25 0.00445
      287  5.700 -26.20 0.00447
      288  5.700 -26.15 0.00451
      289  5.700 -26.10 0.00453
      290  5.700 -26.05 0.00461
      291  5.700 -26.00 0.00469
      292  5.700 -25.95 0.00478
      293  5.700 -25.90 0.00486
      294  5.700 -25.85 0.00495
      295  5.700 -25.80 0.00503
      296  5.700 -25.75 0.00512
      297  5.700 -25.70 0.00520
      298  5.700 -25.65 0.00529
      299  5.700 -25.60 0.00537
      300  5.700 -25.55 0.00546
      301  5.700 -25.50 0.00554
      302  5.700 -25.45 0.00563
      303  5.700 -25.40 0.00571
      304  5.700 -25.35 0.00580
      305  5.700 -25.30 0.00588
      306  5.700 -25.25 0.00597
      307  5.700 -25.20 0.00605
      308  5.700 -25.15 0.00613
      309  5.700 -25.10 0.00622
      310  5.700 -25.05 0.00636
      311  5.700 -25.00 0.00652
      312  5.700 -24.95 0.00668
      313  5.700 -24.90 0.00685
      314  5.700 -24.85 0.00701
      315  5.700 -24.80 0.00716
      316  5.700 -24.75 0.00733
      317  5.700 -24.70 0.00748
      318  5.700 -24.65 0.00764
      319  5.700 -24.60 0.00781
      320  5.700 -24.55 0.00797
      321  5.700 -24.50 0.00813
      322  5.700 -24.45 0.00829
      323  5.700 -24.40 0.00845
      324  5.700 -24.35 0.00861
      325  5.700 -24.30 0.00877
      326  5.700 -24.25 0.00893
      327  5.700 -24.20 0.00909
      328  5.700 -24.15 0.00925
      329  5.700 -24.10 0.00941
      330  5.700 -24.05 0.00971
      331  5.700 -24.00 0.01004
      332  5.700 -23.95 0.01038
      333  5.700 -23.90 0.01071
      334  5.700 -23.85 0.01105
      335  5.700 -23.80 0.01139
      336  5.700 -23.75 0.01172
      337  5.700 -23.70 0.01206
      338  5.700 -23.65 0.01239
      339  5.700 -23.60 0.01273
      340  5.700 -23.55 0.01306
      341  5.700 -23.50 0.01340
      342  5.700 -23.45 0.01374
      343  5.700 -23.40 0.01407
      344  5.700 -23.35 0.01441
      345  5.700 -23.30 0.01474
      346  5.700 -23.25 0.01508
      347  5.700 -23.20 0.01541
      348  5.700 -23.15 0.01575
      349  5.700 -23.10 0.01608
      350  5.700 -23.05 0.01567
      351  5.700 -23.00 0.01507
      352  5.700 -22.95 0.01448
      353  5.700 -22.90 0.01388
      354  5.700 -22.85 0.01328
      355  5.700 -22.80 0.01268
      356  5.700 -22.75 0.01208
      357  5.700 -22.70 0.01148
      358  5.700 -22.65 0.01088
      359  5.700 -22.60 0.01029
      360  5.700 -22.55 0.00969
      361  5.700 -22.50 0.00909
      362  5.700 -22.45 0.00849
      363  5.700 -22.40 0.00789
      364  5.700 -22.35 0.00729
      365  5.700 -22.30 0.00669
      366  5.700 -22.25 0.00610
      367  5.700 -22.20 0.00550
      368  5.700 -22.15 0.00490
      369  5.700 -22.10 0.00430
      370  5.700 -22.05 0.00403
      371  5.700 -22.00 0.00383
      372  5.700 -21.95 0.00364
      373  5.700 -21.90 0.00345
      374  5.700 -21.85 0.00326
      375  5.700 -21.80 0.00307
      376  5.700 -21.75 0.00288
      377  5.700 -21.70 0.00268
      378  5.700 -21.65 0.00249
      379  5.700 -21.60 0.00230
      380  5.700 -21.55 0.00211
      381  5.700 -21.50 0.00192
      382  5.700 -21.45 0.00172
      383  5.700 -21.40 0.00153
      384  5.700 -21.35 0.00134
      385  5.700 -21.30 0.00115
      386  5.700 -21.25 0.00096
      387  5.700 -21.20 0.00077
      388  5.700 -21.15 0.00057
      389  5.700 -21.10 0.00038
      390  5.700 -21.05 0.00000
      391  5.750 -27.50 0.00479
      392  5.750 -27.45 0.00479
      393  5.750 -27.40 0.00479
      394  5.750 -27.35 0.00479
      395  5.750 -27.30 0.00479
      396  5.750 -27.25 0.00479
      397  5.750 -27.20 0.00479
      398  5.750 -27.15 0.00479
      399  5.750 -27.10 0.00479
      400  5.750 -27.05 0.00477
      401  5.750 -27.00 0.00475
      402  5.750 -26.95 0.00474
      403  5.750 -26.90 0.00472
      404  5.750 -26.85 0.00470
      405  5.750 -26.80 0.00469
      406  5.750 -26.75 0.00467
      407  5.750 -26.70 0.00465
      408  5.750 -26.65 0.00463
      409  5.750 -26.60 0.00462
      410  5.750 -26.55 0.00460
      411  5.750 -26.50 0.00458
      412  5.750 -26.45 0.00457
      413  5.750 -26.40 0.00455
      414  5.750 -26.35 0.00453
      415  5.750 -26.30 0.00451
      416  5.750 -26.25 0.00450
      417  5.750 -26.20 0.00448
      418  5.750 -26.15 0.00446
      419  5.750 -26.10 0.00451
      420  5.750 -26.05 0.00467
      421  5.750 -26.00 0.00482
      422  5.750 -25.95 0.00498
      423  5.750 -25.90 0.00513
      424  5.750 -25.85 0.00528
      425  5.750 -25.80 0.00544
      426  5.750 -25.75 0.00559
      427  5.750 -25.70 0.00575
      428  5.750 -25.65 0.00590
      429  5.750 -25.60 0.00605
      430  5.750 -25.55 0.00621
      431  5.750 -25.50 0.00636
      432  5.750 -25.45 0.00652
      433  5.750 -25.40 0.00667
      434  5.750 -25.35 0.00683
      435  5.750 -25.30 0.00698
      436  5.750 -25.25 0.00713
      437  5.750 -25.20 0.00729
      438  5.750 -25.15 0.00744
      439  5.750 -25.10 0.00764
      440  5.750 -25.05 0.00792
      441  5.750 -25.00 0.00819
      442  5.750 -24.95 0.00847
      443  5.750 -24.90 0.00874
      444  5.750 -24.85 0.00901
      445  5.750 -24.80 0.00929
      446  5.750 -24.75 0.00956
      447  5.750 -24.70 0.00984
      448  5.750 -24.65 0.01011
      449  5.750 -24.60 0.01038
      450  5.750 -24.55 0.01066
      451  5.750 -24.50 0.01093
      452  5.750 -24.45 0.01121
      453  5.750 -24.40 0.01148
      454  5.750 -24.35 0.01175
      455  5.750 -24.30 0.01203
      456  5.750 -24.25 0.01230
      457  5.750 -24.20 0.01258
      458  5.750 -24.15 0.01285
      459  5.750 -24.10 0.01330
      460  5.750 -24.05 0.01400
      461  5.750 -24.00 0.01470
      462  5.750 -23.95 0.01540
      463  5.750 -23.90 0.01610
      464  5.750 -23.85 0.01681
      465  5.750 -23.80 0.01751
      466  5.750 -23.75 0.01821
      467  5.750 -23.70 0.01891
      468  5.750 -23.65 0.01961
      469  5.750 -23.60 0.02032
      470  5.750 -23.55 0.02102
      471  5.750 -23.50 0.02172
      472  5.750 -23.45 0.02242
      473  5.750 -23.40 0.02312
      474  5.750 -23.35 0.02383
      475  5.750 -23.30 0.02453
      476  5.750 -23.25 0.02523
      477  5.750 -23.20 0.02593
      478  5.750 -23.15 0.02663
      479  5.750 -23.10 0.02664
      480  5.750 -23.05 0.02562
      481  5.750 -23.00 0.02459
      482  5.750 -22.95 0.02356
      483  5.750 -22.90 0.02253
      484  5.750 -22.85 0.02151
      485  5.750 -22.80 0.02048
      486  5.750 -22.75 0.01945
      487  5.750 -22.70 0.01843
      488  5.750 -22.65 0.01740
      489  5.750 -22.60 0.01637
      490  5.750 -22.55 0.01534
      491  5.750 -22.50 0.01431
      492  5.750 -22.45 0.01329
      493  5.750 -22.40 0.01226
      494  5.750 -22.35 0.01123
      495  5.750 -22.30 0.01021
      496  5.750 -22.25 0.00918
      497  5.750 -22.20 0.00815
      498  5.750 -22.15 0.00712
      499  5.750 -22.10 0.00639
      500  5.750 -22.05 0.00610
      501  5.750 -22.00 0.00581
      502  5.750 -21.95 0.00552
      503  5.750 -21.90 0.00523
      504  5.750 -21.85 0.00494
      505  5.750 -21.80 0.00464
      506  5.750 -21.75 0.00435
      507  5.750 -21.70 0.00406
      508  5.750 -21.65 0.00377
      509  5.750 -21.60 0.00348
      510  5.750 -21.55 0.00319
      511  5.750 -21.50 0.00290
      512  5.750 -21.45 0.00261
      513  5.750 -21.40 0.00231
      514  5.750 -21.35 0.00202
      515  5.750 -21.30 0.00173
      516  5.750 -21.25 0.00144
      517  5.750 -21.20 0.00115
      518  5.750 -21.15 0.00086
      519  5.750 -21.10 0.00000
      520  5.750 -21.05 0.00000
      521  5.800 -27.50 0.18387
      522  5.800 -27.45 0.18387
      523  5.800 -27.40 0.18387
      524  5.800 -27.35 0.18387
      525  5.800 -27.30 0.18387
      526  5.800 -27.25 0.18387
      527  5.800 -27.20 0.18387
      528  5.800 -27.15 0.18387
      529  5.800 -27.10 0.18370
      530  5.800 -27.05 0.18328
      531  5.800 -27.00 0.18285
      532  5.800 -26.95 0.18242
      533  5.800 -26.90 0.18200
      534  5.800 -26.85 0.18157
      535  5.800 -26.80 0.18114
      536  5.800 -26.75 0.18072
      537  5.800 -26.70 0.18029
      538  5.800 -26.65 0.17986
      539  5.800 -26.60 0.17944
      540  5.800 -26.55 0.17901
      541  5.800 -26.50 0.17858
      542  5.800 -26.45 0.17816
      543  5.800 -26.40 0.17773
      544  5.800 -26.35 0.17730
      545  5.800 -26.30 0.17688
      546  5.800 -26.25 0.17645
      547  5.800 -26.20 0.17602
      548  5.800 -26.15 0.17560
      549  5.800 -26.10 0.17535
      550  5.800 -26.05 0.17538
      551  5.800 -26.00 0.17541
      552  5.800 -25.95 0.17544
      553  5.800 -25.90 0.17546
      554  5.800 -25.85 0.17549
      555  5.800 -25.80 0.17552
      556  5.800 -25.75 0.17555
      557  5.800 -25.70 0.17558
      558  5.800 -25.65 0.17560
      559  5.800 -25.60 0.17563
      560  5.800 -25.55 0.17566
      561  5.800 -25.50 0.17569
      562  5.800 -25.45 0.17571
      563  5.800 -25.40 0.17574
      564  5.800 -25.35 0.17577
      565  5.800 -25.30 0.17580
      566  5.800 -25.25 0.17583
      567  5.800 -25.20 0.17585
      568  5.800 -25.15 0.17588
      569  5.800 -25.10 0.17587
      570  5.800 -25.05 0.17579
      571  5.800 -25.00 0.17572
      572  5.800 -24.95 0.17564
      573  5.800 -24.90 0.17556
      574  5.800 -24.85 0.17549
      575  5.800 -24.80 0.17541
      576  5.800 -24.75 0.17534
      577  5.800 -24.70 0.17526
      578  5.800 -24.65 0.17518
      579  5.800 -24.60 0.17511
      580  5.800 -24.55 0.17503
      581  5.800 -24.50 0.17495
      582  5.800 -24.45 0.17488
      583  5.800 -24.40 0.17480
      584  5.800 -24.35 0.17473
      585  5.800 -24.30 0.17465
      586  5.800 -24.25 0.17458
      587  5.800 -24.20 0.17450
      588  5.800 -24.15 0.17442
      589  5.800 -24.10 0.17399
      590  5.800 -24.05 0.17302
      591  5.800 -24.00 0.17205
      592  5.800 -23.95 0.17108
      593  5.800 -23.90 0.17011
      594  5.800 -23.85 0.16915
      595  5.800 -23.80 0.16818
      596  5.800 -23.75 0.16721
      597  5.800 -23.70 0.16624
      598  5.800 -23.65 0.16527
      599  5.800 -23.60 0.16430
      600  5.800 -23.55 0.16333
      601  5.800 -23.50 0.16237
      602  5.800 -23.45 0.16140
      603  5.800 -23.40 0.16043
      604  5.800 -23.35 0.15946
      605  5.800 -23.30 0.15849
      606  5.800 -23.25 0.15752
      607  5.800 -23.20 0.15655
      608  5.800 -23.15 0.15559
      609  5.800 -23.10 0.15236
      610  5.800 -23.05 0.14576
      611  5.800 -23.00 0.13915
      612  5.800 -22.95 0.13255
      613  5.800 -22.90 0.12595
      614  5.800 -22.85 0.11934
      615  5.800 -22.80 0.11274
      616  5.800 -22.75 0.10614
      617  5.800 -22.70 0.09953
      618  5.800 -22.65 0.09293
      619  5.800 -22.60 0.08632
      620  5.800 -22.55 0.07972
      621  5.800 -22.50 0.07311
      622  5.800 -22.45 0.06651
      623  5.800 -22.40 0.05991
      624  5.800 -22.35 0.05330
      625  5.800 -22.30 0.04670
      626  5.800 -22.25 0.04010
      627  5.800 -22.20 0.03349
      628  5.800 -22.15 0.02689
      629  5.800 -22.10 0.02249
      630  5.800 -22.05 0.02139
      631  5.800 -22.00 0.02029
      632  5.800 -21.95 0.01920
      633  5.800 -21.90 0.01810
      634  5.800 -21.85 0.01701
      635  5.800 -21.80 0.01591
      636  5.800 -21.75 0.01481
      637  5.800 -21.70 0.01372
      638  5.800 -21.65 0.01262
      639  5.800 -21.60 0.01152
      640  5.800 -21.55 0.01043
      641  5.800 -21.50 0.00933
      642  5.800 -21.45 0.00823
      643  5.800 -21.40 0.00714
      644  5.800 -21.35 0.00604
      645  5.800 -21.30 0.00495
      646  5.800 -21.25 0.00385
      647  5.800 -21.20 0.00275
      648  5.800 -21.15 0.00166
      649  5.800 -21.10 0.00000
      650  5.800 -21.05 0.00000
      651  5.850 -27.50 0.36295
      652  5.850 -27.45 0.36295
      653  5.850 -27.40 0.36295
      654  5.850 -27.35 0.36295
      655  5.850 -27.30 0.36295
      656  5.850 -27.25 0.36295
      657  5.850 -27.20 0.36295
      658  5.850 -27.15 0.36278
      659  5.850 -27.10 0.36195
      660  5.850 -27.05 0.36111
      661  5.850 -27.00 0.36028
      662  5.850 -26.95 0.35944
      663  5.850 -26.90 0.35860
      664  5.850 -26.85 0.35777
      665  5.850 -26.80 0.35693
      666  5.850 -26.75 0.35609
      667  5.850 -26.70 0.35526
      668  5.850 -26.65 0.35442
      669  5.850 -26.60 0.35359
      670  5.850 -26.55 0.35275
      671  5.850 -26.50 0.35192
      672  5.850 -26.45 0.35108
      673  5.850 -26.40 0.35024
      674  5.850 -26.35 0.34941
      675  5.850 -26.30 0.34857
      676  5.850 -26.25 0.34773
      677  5.850 -26.20 0.34690
      678  5.850 -26.15 0.34621
      679  5.850 -26.10 0.34611
      680  5.850 -26.05 0.34601
      681  5.850 -26.00 0.34591
      682  5.850 -25.95 0.34582
      683  5.850 -25.90 0.34572
      684  5.850 -25.85 0.34562
      685  5.850 -25.80 0.34552
      686  5.850 -25.75 0.34542
      687  5.850 -25.70 0.34532
      688  5.850 -25.65 0.34523
      689  5.850 -25.60 0.34513
      690  5.850 -25.55 0.34503
      691  5.850 -25.50 0.34493
      692  5.850 -25.45 0.34483
      693  5.850 -25.40 0.34473
      694  5.850 -25.35 0.34464
      695  5.850 -25.30 0.34454
      696  5.850 -25.25 0.34444
      697  5.850 -25.20 0.34434
      698  5.850 -25.15 0.34418
      699  5.850 -25.10 0.34375
      700  5.850 -25.05 0.34332
      701  5.850 -25.00 0.34290
      702  5.850 -24.95 0.34247
      703  5.850 -24.90 0.34205
      704  5.850 -24.85 0.34162
      705  5.850 -24.80 0.34119
      706  5.850 -24.75 0.34077
      707  5.850 -24.70 0.34034
      708  5.850 -24.65 0.33992
      709  5.850 -24.60 0.33949
      710  5.850 -24.55 0.33906
      711  5.850 -24.50 0.33864
      712  5.850 -24.45 0.33821
      713  5.850 -24.40 0.33778
      714  5.850 -24.35 0.33736
      715  5.850 -24.30 0.33693
      716  5.850 -24.25 0.33650
      717  5.850 -24.20 0.33608
      718  5.850 -24.15 0.33521
      719  5.850 -24.10 0.33257
      720  5.850 -24.05 0.32993
      721  5.850 -24.00 0.32729
      722  5.850 -23.95 0.32465
      723  5.850 -23.90 0.32201
      724  5.850 -23.85 0.31937
      725  5.850 -23.80 0.31673
      726  5.850 -23.75 0.31409
      727  5.850 -23.70 0.31146
      728  5.850 -23.65 0.30882
      729  5.850 -23.60 0.30618
      730  5.850 -23.55 0.30354
      731  5.850 -23.50 0.30090
      732  5.850 -23.45 0.29826
      733  5.850 -23.40 0.29562
      734  5.850 -23.35 0.29298
      735  5.850 -23.30 0.29034
      736  5.850 -23.25 0.28770
      737  5.850 -23.20 0.28506
      738  5.850 -23.15 0.28051
      739  5.850 -23.10 0.26834
      740  5.850 -23.05 0.25615
      741  5.850 -23.00 0.24397
      742  5.850 -22.95 0.23179
      743  5.850 -22.90 0.21961
      744  5.850 -22.85 0.20743
      745  5.850 -22.80 0.19525
      746  5.850 -22.75 0.18307
      747  5.850 -22.70 0.17089
      748  5.850 -22.65 0.15871
      749  5.850 -22.60 0.14653
      750  5.850 -22.55 0.13435
      751  5.850 -22.50 0.12217
      752  5.850 -22.45 0.10999
      753  5.850 -22.40 0.09781
      754  5.850 -22.35 0.08563
      755  5.850 -22.30 0.07345
      756  5.850 -22.25 0.06127
      757  5.850 -22.20 0.04909
      758  5.850 -22.15 0.03896
      759  5.850 -22.10 0.03706
      760  5.850 -22.05 0.03516
      761  5.850 -22.00 0.03326
      762  5.850 -21.95 0.03136
      763  5.850 -21.90 0.02946
      764  5.850 -21.85 0.02755
      765  5.850 -21.80 0.02565
      766  5.850 -21.75 0.02375
      767  5.850 -21.70 0.02185
      768  5.850 -21.65 0.01995
      769  5.850 -21.60 0.01805
      770  5.850 -21.55 0.01614
      771  5.850 -21.50 0.01424
      772  5.850 -21.45 0.01234
      773  5.850 -21.40 0.01044
      774  5.850 -21.35 0.00854
      775  5.850 -21.30 0.00664
      776  5.850 -21.25 0.00473
      777  5.850 -21.20 0.00283
      778  5.850 -21.15 0.00000
      779  5.850 -21.10 0.00000
      780  5.850 -21.05 0.00000
      781  5.900 -27.50 0.65953
      782  5.900 -27.45 0.65953
      783  5.900 -27.40 0.65953
      784  5.900 -27.35 0.65953
      785  5.900 -27.30 0.65953
      786  5.900 -27.25 0.65953
      787  5.900 -27.20 0.65953
      788  5.900 -27.15 0.65937
      789  5.900 -27.10 0.65853
      790  5.900 -27.05 0.65770
      791  5.900 -27.00 0.65687
      792  5.900 -26.95 0.65603
      793  5.900 -26.90 0.65520
      794  5.900 -26.85 0.65437
      795  5.900 -26.80 0.65353
      796  5.900 -26.75 0.65270
      797  5.900 -26.70 0.65187
      798  5.900 -26.65 0.65103
      799  5.900 -26.60 0.65020
      800  5.900 -26.55 0.64937
      801  5.900 -26.50 0.64853
      802  5.900 -26.45 0.64770
      803  5.900 -26.40 0.64687
      804  5.900 -26.35 0.64603
      805  5.900 -26.30 0.64520
      806  5.900 -26.25 0.64437
      807  5.900 -26.20 0.64353
      808  5.900 -26.15 0.64278
      809  5.900 -26.10 0.64233
      810  5.900 -26.05 0.64188
      811  5.900 -26.00 0.64143
      812  5.900 -25.95 0.64098
      813  5.900 -25.90 0.64053
      814  5.900 -25.85 0.64008
      815  5.900 -25.80 0.63963
      816  5.900 -25.75 0.63919
      817  5.900 -25.70 0.63874
      818  5.900 -25.65 0.63829
      819  5.900 -25.60 0.63784
      820  5.900 -25.55 0.63739
      821  5.900 -25.50 0.63694
      822  5.900 -25.45 0.63649
      823  5.900 -25.40 0.63604
      824  5.900 -25.35 0.63559
      825  5.900 -25.30 0.63515
      826  5.900 -25.25 0.63470
      827  5.900 -25.20 0.63425
      828  5.900 -25.15 0.63372
      829  5.900 -25.10 0.63286
      830  5.900 -25.05 0.63200
      831  5.900 -25.00 0.63115
      832  5.900 -24.95 0.63029
      833  5.900 -24.90 0.62944
      834  5.900 -24.85 0.62858
      835  5.900 -24.80 0.62773
      836  5.900 -24.75 0.62687
      837  5.900 -24.70 0.62602
      838  5.900 -24.65 0.62516
      839  5.900 -24.60 0.62430
      840  5.900 -24.55 0.62345
      841  5.900 -24.50 0.62259
      842  5.900 -24.45 0.62174
      843  5.900 -24.40 0.62088
      844  5.900 -24.35 0.62002
      845  5.900 -24.30 0.61917
      846  5.900 -24.25 0.61831
      847  5.900 -24.20 0.61746
      848  5.900 -24.15 0.61529
      849  5.900 -24.10 0.60789
      850  5.900 -24.05 0.60049
      851  5.900 -24.00 0.59309
      852  5.900 -23.95 0.58569
      853  5.900 -23.90 0.57829
      854  5.900 -23.85 0.57089
      855  5.900 -23.80 0.56348
      856  5.900 -23.75 0.55608
      857  5.900 -23.70 0.54868
      858  5.900 -23.65 0.54128
      859  5.900 -23.60 0.53388
      860  5.900 -23.55 0.52648
      861  5.900 -23.50 0.51908
      862  5.900 -23.45 0.51168
      863  5.900 -23.40 0.50428
      864  5.900 -23.35 0.49687
      865  5.900 -23.30 0.48947
      866  5.900 -23.25 0.48207
      867  5.900 -23.20 0.47467
      868  5.900 -23.15 0.46475
      869  5.900 -23.10 0.44475
      870  5.900 -23.05 0.42475
      871  5.900 -23.00 0.40475
      872  5.900 -22.95 0.38475
      873  5.900 -22.90 0.36474
      874  5.900 -22.85 0.34474
      875  5.900 -22.80 0.32474
      876  5.900 -22.75 0.30474
      877  5.900 -22.70 0.28474
      878  5.900 -22.65 0.26474
      879  5.900 -22.60 0.24474
      880  5.900 -22.55 0.22474
      881  5.900 -22.50 0.20474
      882  5.900 -22.45 0.18474
      883  5.900 -22.40 0.16474
      884  5.900 -22.35 0.14473
      885  5.900 -22.30 0.12473
      886  5.900 -22.25 0.10473
      887  5.900 -22.20 0.08473
      888  5.900 -22.15 0.06805
      889  5.900 -22.10 0.06467
      890  5.900 -22.05 0.06128
      891  5.900 -22.00 0.05789
      892  5.900 -21.95 0.05450
      893  5.900 -21.90 0.05111
      894  5.900 -21.85 0.04772
      895  5.900 -21.80 0.04434
      896  5.900 -21.75 0.04095
      897  5.900 -21.70 0.03756
      898  5.900 -21.65 0.03417
      899  5.900 -21.60 0.03078
      900  5.900 -21.55 0.02740
      901  5.900 -21.50 0.02401
      902  5.900 -21.45 0.02062
      903  5.900 -21.40 0.01723
      904  5.900 -21.35 0.01384
      905  5.900 -21.30 0.01046
      906  5.900 -21.25 0.00707
      907  5.900 -21.20 0.00368
      908  5.900 -21.15 0.00000
      909  5.900 -21.10 0.00000
      910  5.900 -21.05 0.00000
      911  5.950 -27.50 0.95611
      912  5.950 -27.45 0.95611
      913  5.950 -27.40 0.95611
      914  5.950 -27.35 0.95611
      915  5.950 -27.30 0.95611
      916  5.950 -27.25 0.95611
      917  5.950 -27.20 0.95611
      918  5.950 -27.15 0.95545
      919  5.950 -27.10 0.95462
      920  5.950 -27.05 0.95379
      921  5.950 -27.00 0.95296
      922  5.950 -26.95 0.95213
      923  5.950 -26.90 0.95130
      924  5.950 -26.85 0.95046
      925  5.950 -26.80 0.94963
      926  5.950 -26.75 0.94880
      927  5.950 -26.70 0.94797
      928  5.950 -26.65 0.94714
      929  5.950 -26.60 0.94631
      930  5.950 -26.55 0.94548
      931  5.950 -26.50 0.94465
      932  5.950 -26.45 0.94382
      933  5.950 -26.40 0.94299
      934  5.950 -26.35 0.94216
      935  5.950 -26.30 0.94133
      936  5.950 -26.25 0.94050
      937  5.950 -26.20 0.93966
      938  5.950 -26.15 0.93886
      939  5.950 -26.10 0.93806
      940  5.950 -26.05 0.93726
      941  5.950 -26.00 0.93646
      942  5.950 -25.95 0.93566
      943  5.950 -25.90 0.93486
      944  5.950 -25.85 0.93406
      945  5.950 -25.80 0.93326
      946  5.950 -25.75 0.93246
      947  5.950 -25.70 0.93166
      948  5.950 -25.65 0.93086
      949  5.950 -25.60 0.93007
      950  5.950 -25.55 0.92927
      951  5.950 -25.50 0.92847
      952  5.950 -25.45 0.92767
      953  5.950 -25.40 0.92687
      954  5.950 -25.35 0.92607
      955  5.950 -25.30 0.92527
      956  5.950 -25.25 0.92447
      957  5.950 -25.20 0.92367
      958  5.950 -25.15 0.92248
      959  5.950 -25.10 0.92120
      960  5.950 -25.05 0.91991
      961  5.950 -25.00 0.91863
      962  5.950 -24.95 0.91734
      963  5.950 -24.90 0.91606
      964  5.950 -24.85 0.91477
      965  5.950 -24.80 0.91349
      966  5.950 -24.75 0.91220
      967  5.950 -24.70 0.91092
      968  5.950 -24.65 0.90963
      969  5.950 -24.60 0.90834
      970  5.950 -24.55 0.90706
      971  5.950 -24.50 0.90578
      972  5.950 -24.45 0.90449
      973  5.950 -24.40 0.90320
      974  5.950 -24.35 0.90192
      975  5.950 -24.30 0.90063
      976  5.950 -24.25 0.89935
      977  5.950 -24.20 0.89806
      978  5.950 -24.15 0.88807
      979  5.950 -24.10 0.87591
      980  5.950 -24.05 0.86375
      981  5.950 -24.00 0.85159
      982  5.950 -23.95 0.83942
      983  5.950 -23.90 0.82726
      984  5.950 -23.85 0.81510
      985  5.950 -23.80 0.80293
      986  5.950 -23.75 0.79077
      987  5.950 -23.70 0.77861
      988  5.950 -23.65 0.76644
      989  5.950 -23.60 0.75428
      990  5.950 -23.55 0.74212
      991  5.950 -23.50 0.72996
      992  5.950 -23.45 0.71779
      993  5.950 -23.40 0.70563
      994  5.950 -23.35 0.69347
      995  5.950 -23.30 0.68130
      996  5.950 -23.25 0.66914
      997  5.950 -23.20 0.65698
      998  5.950 -23.15 0.63229
      999  5.950 -23.10 0.60447
     1000  5.950 -23.05 0.57665
     1001  5.950 -23.00 0.54882
     1002  5.950 -22.95 0.52100
     1003  5.950 -22.90 0.49318
     1004  5.950 -22.85 0.46536
     1005  5.950 -22.80 0.43754
     1006  5.950 -22.75 0.40972
     1007  5.950 -22.70 0.38190
     1008  5.950 -22.65 0.35407
     1009  5.950 -22.60 0.32625
     1010  5.950 -22.55 0.29843
     1011  5.950 -22.50 0.27061
     1012  5.950 -22.45 0.24279
     1013  5.950 -22.40 0.21497
     1014  5.950 -22.35 0.18715
     1015  5.950 -22.30 0.15933
     1016  5.950 -22.25 0.13150
     1017  5.950 -22.20 0.10368
     1018  5.950 -22.15 0.09422
     1019  5.950 -22.10 0.08935
     1020  5.950 -22.05 0.08447
     1021  5.950 -22.00 0.07959
     1022  5.950 -21.95 0.07472
     1023  5.950 -21.90 0.06985
     1024  5.950 -21.85 0.06497
     1025  5.950 -21.80 0.06010
     1026  5.950 -21.75 0.05522
     1027  5.950 -21.70 0.05035
     1028  5.950 -21.65 0.04547
     1029  5.950 -21.60 0.04060
     1030  5.950 -21.55 0.03572
     1031  5.950 -21.50 0.03085
     1032  5.950 -21.45 0.02598
     1033  5.950 -21.40 0.02110
     1034  5.950 -21.35 0.01623
     1035  5.950 -21.30 0.01135
     1036  5.950 -21.25 0.00648
     1037  5.950 -21.20 0.00160
     1038  5.950 -21.15 0.00000
     1039  5.950 -21.10 0.00000
     1040  5.950 -21.05 0.00000
     1041  6.000 -27.50 0.95479
     1042  6.000 -27.45 0.95479
     1043  6.000 -27.40 0.95479
     1044  6.000 -27.35 0.95479
     1045  6.000 -27.30 0.95479
     1046  6.000 -27.25 0.95479
     1047  6.000 -27.20 0.95479
     1048  6.000 -27.15 0.95421
     1049  6.000 -27.10 0.95348
     1050  6.000 -27.05 0.95275
     1051  6.000 -27.00 0.95203
     1052  6.000 -26.95 0.95130
     1053  6.000 -26.90 0.95057
     1054  6.000 -26.85 0.94984
     1055  6.000 -26.80 0.94911
     1056  6.000 -26.75 0.94839
     1057  6.000 -26.70 0.94766
     1058  6.000 -26.65 0.94693
     1059  6.000 -26.60 0.94620
     1060  6.000 -26.55 0.94548
     1061  6.000 -26.50 0.94475
     1062  6.000 -26.45 0.94402
     1063  6.000 -26.40 0.94329
     1064  6.000 -26.35 0.94256
     1065  6.000 -26.30 0.94184
     1066  6.000 -26.25 0.94111
     1067  6.000 -26.20 0.94038
     1068  6.000 -26.15 0.93976
     1069  6.000 -26.10 0.93916
     1070  6.000 -26.05 0.93856
     1071  6.000 -26.00 0.93796
     1072  6.000 -25.95 0.93736
     1073  6.000 -25.90 0.93676
     1074  6.000 -25.85 0.93616
     1075  6.000 -25.80 0.93556
     1076  6.000 -25.75 0.93496
     1077  6.000 -25.70 0.93436
     1078  6.000 -25.65 0.93376
     1079  6.000 -25.60 0.93316
     1080  6.000 -25.55 0.93256
     1081  6.000 -25.50 0.93196
     1082  6.000 -25.45 0.93137
     1083  6.000 -25.40 0.93077
     1084  6.000 -25.35 0.93017
     1085  6.000 -25.30 0.92957
     1086  6.000 -25.25 0.92897
     1087  6.000 -25.20 0.92837
     1088  6.000 -25.15 0.92696
     1089  6.000 -25.10 0.92536
     1090  6.000 -25.05 0.92375
     1091  6.000 -25.00 0.92215
     1092  6.000 -24.95 0.92054
     1093  6.000 -24.90 0.91893
     1094  6.000 -24.85 0.91733
     1095  6.000 -24.80 0.91572
     1096  6.000 -24.75 0.91411
     1097  6.000 -24.70 0.91251
     1098  6.000 -24.65 0.91090
     1099  6.000 -24.60 0.90930
     1100  6.000 -24.55 0.90769
     1101  6.000 -24.50 0.90608
     1102  6.000 -24.45 0.90448
     1103  6.000 -24.40 0.90287
     1104  6.000 -24.35 0.90127
     1105  6.000 -24.30 0.89966
     1106  6.000 -24.25 0.89805
     1107  6.000 -24.20 0.89645
     1108  6.000 -24.15 0.88754
     1109  6.000 -24.10 0.87682
     1110  6.000 -24.05 0.86609
     1111  6.000 -24.00 0.85537
     1112  6.000 -23.95 0.84464
     1113  6.000 -23.90 0.83392
     1114  6.000 -23.85 0.82319
     1115  6.000 -23.80 0.81247
     1116  6.000 -23.75 0.80174
     1117  6.000 -23.70 0.79101
     1118  6.000 -23.65 0.78029
     1119  6.000 -23.60 0.76956
     1120  6.000 -23.55 0.75884
     1121  6.000 -23.50 0.74811
     1122  6.000 -23.45 0.73739
     1123  6.000 -23.40 0.72666
     1124  6.000 -23.35 0.71593
     1125  6.000 -23.30 0.70521
     1126  6.000 -23.25 0.69448
     1127  6.000 -23.20 0.68376
     1128  6.000 -23.15 0.65844
     1129  6.000 -23.10 0.62948
     1130  6.000 -23.05 0.60052
     1131  6.000 -23.00 0.57155
     1132  6.000 -22.95 0.54259
     1133  6.000 -22.90 0.51363
     1134  6.000 -22.85 0.48467
     1135  6.000 -22.80 0.45570
     1136  6.000 -22.75 0.42674
     1137  6.000 -22.70 0.39778
     1138  6.000 -22.65 0.36882
     1139  6.000 -22.60 0.33985
     1140  6.000 -22.55 0.31089
     1141  6.000 -22.50 0.28193
     1142  6.000 -22.45 0.25296
     1143  6.000 -22.40 0.22400
     1144  6.000 -22.35 0.19504
     1145  6.000 -22.30 0.16608
     1146  6.000 -22.25 0.13711
     1147  6.000 -22.20 0.10815
     1148  6.000 -22.15 0.09831
     1149  6.000 -22.10 0.09325
     1150  6.000 -22.05 0.08819
     1151  6.000 -22.00 0.08313
     1152  6.000 -21.95 0.07808
     1153  6.000 -21.90 0.07302
     1154  6.000 -21.85 0.06796
     1155  6.000 -21.80 0.06290
     1156  6.000 -21.75 0.05784
     1157  6.000 -21.70 0.05278
     1158  6.000 -21.65 0.04772
     1159  6.000 -21.60 0.04266
     1160  6.000 -21.55 0.03760
     1161  6.000 -21.50 0.03255
     1162  6.000 -21.45 0.02749
     1163  6.000 -21.40 0.02243
     1164  6.000 -21.35 0.01737
     1165  6.000 -21.30 0.01231
     1166  6.000 -21.25 0.00725
     1167  6.000 -21.20 0.00219
     1168  6.000 -21.15 0.00000
     1169  6.000 -21.10 0.00000
     1170  6.000 -21.05 0.00000
     1171  6.050 -27.50 0.95347
     1172  6.050 -27.45 0.95347
     1173  6.050 -27.40 0.95347
     1174  6.050 -27.35 0.95347
     1175  6.050 -27.30 0.95347
     1176  6.050 -27.25 0.95347
     1177  6.050 -27.20 0.95310
     1178  6.050 -27.15 0.95247
     1179  6.050 -27.10 0.95185
     1180  6.050 -27.05 0.95122
     1181  6.050 -27.00 0.95060
     1182  6.050 -26.95 0.94997
     1183  6.050 -26.90 0.94935
     1184  6.050 -26.85 0.94872
     1185  6.050 -26.80 0.94810
     1186  6.050 -26.75 0.94747
     1187  6.050 -26.70 0.94685
     1188  6.050 -26.65 0.94622
     1189  6.050 -26.60 0.94560
     1190  6.050 -26.55 0.94497
     1191  6.050 -26.50 0.94435
     1192  6.050 -26.45 0.94372
     1193  6.050 -26.40 0.94310
     1194  6.050 -26.35 0.94247
     1195  6.050 -26.30 0.94185
     1196  6.050 -26.25 0.94122
     1197  6.050 -26.20 0.94073
     1198  6.050 -26.15 0.94033
     1199  6.050 -26.10 0.93993
     1200  6.050 -26.05 0.93953
     1201  6.050 -26.00 0.93914
     1202  6.050 -25.95 0.93874
     1203  6.050 -25.90 0.93834
     1204  6.050 -25.85 0.93794
     1205  6.050 -25.80 0.93754
     1206  6.050 -25.75 0.93714
     1207  6.050 -25.70 0.93674
     1208  6.050 -25.65 0.93634
     1209  6.050 -25.60 0.93594
     1210  6.050 -25.55 0.93554
     1211  6.050 -25.50 0.93514
     1212  6.050 -25.45 0.93474
     1213  6.050 -25.40 0.93434
     1214  6.050 -25.35 0.93394
     1215  6.050 -25.30 0.93354
     1216  6.050 -25.25 0.93315
     1217  6.050 -25.20 0.93183
     1218  6.050 -25.15 0.92990
     1219  6.050 -25.10 0.92798
     1220  6.050 -25.05 0.92605
     1221  6.050 -25.00 0.92412
     1222  6.050 -24.95 0.92219
     1223  6.050 -24.90 0.92027
     1224  6.050 -24.85 0.91834
     1225  6.050 -24.80 0.91641
     1226  6.050 -24.75 0.91449
     1227  6.050 -24.70 0.91256
     1228  6.050 -24.65 0.91063
     1229  6.050 -24.60 0.90870
     1230  6.050 -24.55 0.90678
     1231  6.050 -24.50 0.90485
     1232  6.050 -24.45 0.90292
     1233  6.050 -24.40 0.90100
     1234  6.050 -24.35 0.89907
     1235  6.050 -24.30 0.89714
     1236  6.050 -24.25 0.89521
     1237  6.050 -24.20 0.88887
     1238  6.050 -24.15 0.87958
     1239  6.050 -24.10 0.87029
     1240  6.050 -24.05 0.86101
     1241  6.050 -24.00 0.85172
     1242  6.050 -23.95 0.84243
     1243  6.050 -23.90 0.83314
     1244  6.050 -23.85 0.82385
     1245  6.050 -23.80 0.81457
     1246  6.050 -23.75 0.80528
     1247  6.050 -23.70 0.79599
     1248  6.050 -23.65 0.78670
     1249  6.050 -23.60 0.77741
     1250  6.050 -23.55 0.76812
     1251  6.050 -23.50 0.75884
     1252  6.050 -23.45 0.74955
     1253  6.050 -23.40 0.74026
     1254  6.050 -23.35 0.73097
     1255  6.050 -23.30 0.72168
     1256  6.050 -23.25 0.71240
     1257  6.050 -23.20 0.69062
     1258  6.050 -23.15 0.66051
     1259  6.050 -23.10 0.63041
     1260  6.050 -23.05 0.60031
     1261  6.050 -23.00 0.57020
     1262  6.050 -22.95 0.54010
     1263  6.050 -22.90 0.50999
     1264  6.050 -22.85 0.47989
     1265  6.050 -22.80 0.44978
     1266  6.050 -22.75 0.41968
     1267  6.050 -22.70 0.38958
     1268  6.050 -22.65 0.35947
     1269  6.050 -22.60 0.32937
     1270  6.050 -22.55 0.29926
     1271  6.050 -22.50 0.26916
     1272  6.050 -22.45 0.23906
     1273  6.050 -22.40 0.20895
     1274  6.050 -22.35 0.17885
     1275  6.050 -22.30 0.14874
     1276  6.050 -22.25 0.11864
     1277  6.050 -22.20 0.10345
     1278  6.050 -22.15 0.09821
     1279  6.050 -22.10 0.09296
     1280  6.050 -22.05 0.08772
     1281  6.050 -22.00 0.08248
     1282  6.050 -21.95 0.07724
     1283  6.050 -21.90 0.07199
     1284  6.050 -21.85 0.06675
     1285  6.050 -21.80 0.06151
     1286  6.050 -21.75 0.05626
     1287  6.050 -21.70 0.05102
     1288  6.050 -21.65 0.04578
     1289  6.050 -21.60 0.04053
     1290  6.050 -21.55 0.03529
     1291  6.050 -21.50 0.03005
     1292  6.050 -21.45 0.02481
     1293  6.050 -21.40 0.01956
     1294  6.050 -21.35 0.01432
     1295  6.050 -21.30 0.00908
     1296  6.050 -21.25 0.00383
     1297  6.050 -21.20 0.00000
     1298  6.050 -21.15 0.00000
     1299  6.050 -21.10 0.00000
     1300  6.050 -21.05 0.00000
     1301  6.100 -27.50 0.95400
     1302  6.100 -27.45 0.95400
     1303  6.100 -27.40 0.95400
     1304  6.100 -27.35 0.95400
     1305  6.100 -27.30 0.95400
     1306  6.100 -27.25 0.95400
     1307  6.100 -27.20 0.95367
     1308  6.100 -27.15 0.95312
     1309  6.100 -27.10 0.95258
     1310  6.100 -27.05 0.95203
     1311  6.100 -27.00 0.95149
     1312  6.100 -26.95 0.95094
     1313  6.100 -26.90 0.95040
     1314  6.100 -26.85 0.94985
     1315  6.100 -26.80 0.94931
     1316  6.100 -26.75 0.94876
     1317  6.100 -26.70 0.94822
     1318  6.100 -26.65 0.94767
     1319  6.100 -26.60 0.94712
     1320  6.100 -26.55 0.94658
     1321  6.100 -26.50 0.94603
     1322  6.100 -26.45 0.94549
     1323  6.100 -26.40 0.94494
     1324  6.100 -26.35 0.94440
     1325  6.100 -26.30 0.94385
     1326  6.100 -26.25 0.94331
     1327  6.100 -26.20 0.94259
     1328  6.100 -26.15 0.94175
     1329  6.100 -26.10 0.94091
     1330  6.100 -26.05 0.94008
     1331  6.100 -26.00 0.93924
     1332  6.100 -25.95 0.93840
     1333  6.100 -25.90 0.93757
     1334  6.100 -25.85 0.93673
     1335  6.100 -25.80 0.93589
     1336  6.100 -25.75 0.93506
     1337  6.100 -25.70 0.93422
     1338  6.100 -25.65 0.93338
     1339  6.100 -25.60 0.93255
     1340  6.100 -25.55 0.93171
     1341  6.100 -25.50 0.93087
     1342  6.100 -25.45 0.93004
     1343  6.100 -25.40 0.92920
     1344  6.100 -25.35 0.92836
     1345  6.100 -25.30 0.92753
     1346  6.100 -25.25 0.92669
     1347  6.100 -25.20 0.92548
     1348  6.100 -25.15 0.92402
     1349  6.100 -25.10 0.92257
     1350  6.100 -25.05 0.92111
     1351  6.100 -25.00 0.91966
     1352  6.100 -24.95 0.91820
     1353  6.100 -24.90 0.91674
     1354  6.100 -24.85 0.91528
     1355  6.100 -24.80 0.91383
     1356  6.100 -24.75 0.91237
     1357  6.100 -24.70 0.91092
     1358  6.100 -24.65 0.90946
     1359  6.100 -24.60 0.90800
     1360  6.100 -24.55 0.90654
     1361  6.100 -24.50 0.90509
     1362  6.100 -24.45 0.90363
     1363  6.100 -24.40 0.90218
     1364  6.100 -24.35 0.90072
     1365  6.100 -24.30 0.89926
     1366  6.100 -24.25 0.89780
     1367  6.100 -24.20 0.89128
     1368  6.100 -24.15 0.88136
     1369  6.100 -24.10 0.87145
     1370  6.100 -24.05 0.86154
     1371  6.100 -24.00 0.85163
     1372  6.100 -23.95 0.84172
     1373  6.100 -23.90 0.83181
     1374  6.100 -23.85 0.82190
     1375  6.100 -23.80 0.81199
     1376  6.100 -23.75 0.80208
     1377  6.100 -23.70 0.79216
     1378  6.100 -23.65 0.78225
     1379  6.100 -23.60 0.77234
     1380  6.100 -23.55 0.76243
     1381  6.100 -23.50 0.75252
     1382  6.100 -23.45 0.74261
     1383  6.100 -23.40 0.73270
     1384  6.100 -23.35 0.72278
     1385  6.100 -23.30 0.71287
     1386  6.100 -23.25 0.70296
     1387  6.100 -23.20 0.68109
     1388  6.100 -23.15 0.65123
     1389  6.100 -23.10 0.62138
     1390  6.100 -23.05 0.59153
     1391  6.100 -23.00 0.56167
     1392  6.100 -22.95 0.53182
     1393  6.100 -22.90 0.50196
     1394  6.100 -22.85 0.47211
     1395  6.100 -22.80 0.44226
     1396  6.100 -22.75 0.41241
     1397  6.100 -22.70 0.38255
     1398  6.100 -22.65 0.35270
     1399  6.100 -22.60 0.32285
     1400  6.100 -22.55 0.29299
     1401  6.100 -22.50 0.26314
     1402  6.100 -22.45 0.23328
     1403  6.100 -22.40 0.20343
     1404  6.100 -22.35 0.17358
     1405  6.100 -22.30 0.14372
     1406  6.100 -22.25 0.11387
     1407  6.100 -22.20 0.09892
     1408  6.100 -22.15 0.09391
     1409  6.100 -22.10 0.08890
     1410  6.100 -22.05 0.08389
     1411  6.100 -22.00 0.07887
     1412  6.100 -21.95 0.07386
     1413  6.100 -21.90 0.06885
     1414  6.100 -21.85 0.06384
     1415  6.100 -21.80 0.05883
     1416  6.100 -21.75 0.05381
     1417  6.100 -21.70 0.04880
     1418  6.100 -21.65 0.04379
     1419  6.100 -21.60 0.03878
     1420  6.100 -21.55 0.03377
     1421  6.100 -21.50 0.02875
     1422  6.100 -21.45 0.02374
     1423  6.100 -21.40 0.01873
     1424  6.100 -21.35 0.01372
     1425  6.100 -21.30 0.00871
     1426  6.100 -21.25 0.00369
     1427  6.100 -21.20 0.00000
     1428  6.100 -21.15 0.00000
     1429  6.100 -21.10 0.00000
     1430  6.100 -21.05 0.00000
     1431  6.150 -27.50 0.95452
     1432  6.150 -27.45 0.95452
     1433  6.150 -27.40 0.95452
     1434  6.150 -27.35 0.95452
     1435  6.150 -27.30 0.95452
     1436  6.150 -27.25 0.95443
     1437  6.150 -27.20 0.95396
     1438  6.150 -27.15 0.95350
     1439  6.150 -27.10 0.95303
     1440  6.150 -27.05 0.95257
     1441  6.150 -27.00 0.95210
     1442  6.150 -26.95 0.95163
     1443  6.150 -26.90 0.95117
     1444  6.150 -26.85 0.95070
     1445  6.150 -26.80 0.95024
     1446  6.150 -26.75 0.94977
     1447  6.150 -26.70 0.94930
     1448  6.150 -26.65 0.94884
     1449  6.150 -26.60 0.94837
     1450  6.150 -26.55 0.94791
     1451  6.150 -26.50 0.94744
     1452  6.150 -26.45 0.94697
     1453  6.150 -26.40 0.94651
     1454  6.150 -26.35 0.94604
     1455  6.150 -26.30 0.94558
     1456  6.150 -26.25 0.94495
     1457  6.150 -26.20 0.94368
     1458  6.150 -26.15 0.94240
     1459  6.150 -26.10 0.94113
     1460  6.150 -26.05 0.93985
     1461  6.150 -26.00 0.93858
     1462  6.150 -25.95 0.93731
     1463  6.150 -25.90 0.93603
     1464  6.150 -25.85 0.93476
     1465  6.150 -25.80 0.93348
     1466  6.150 -25.75 0.93221
     1467  6.150 -25.70 0.93094
     1468  6.150 -25.65 0.92966
     1469  6.150 -25.60 0.92839
     1470  6.150 -25.55 0.92712
     1471  6.150 -25.50 0.92584
     1472  6.150 -25.45 0.92457
     1473  6.150 -25.40 0.92329
     1474  6.150 -25.35 0.92202
     1475  6.150 -25.30 0.92075
     1476  6.150 -25.25 0.91953
     1477  6.150 -25.20 0.91854
     1478  6.150 -25.15 0.91756
     1479  6.150 -25.10 0.91657
     1480  6.150 -25.05 0.91558
     1481  6.150 -25.00 0.91460
     1482  6.150 -24.95 0.91361
     1483  6.150 -24.90 0.91263
     1484  6.150 -24.85 0.91164
     1485  6.150 -24.80 0.91065
     1486  6.150 -24.75 0.90967
     1487  6.150 -24.70 0.90868
     1488  6.150 -24.65 0.90769
     1489  6.150 -24.60 0.90671
     1490  6.150 -24.55 0.90572
     1491  6.150 -24.50 0.90473
     1492  6.150 -24.45 0.90375
     1493  6.150 -24.40 0.90276
     1494  6.150 -24.35 0.90178
     1495  6.150 -24.30 0.90079
     1496  6.150 -24.25 0.89789
     1497  6.150 -24.20 0.88736
     1498  6.150 -24.15 0.87682
     1499  6.150 -24.10 0.86629
     1500  6.150 -24.05 0.85576
     1501  6.150 -24.00 0.84522
     1502  6.150 -23.95 0.83469
     1503  6.150 -23.90 0.82415
     1504  6.150 -23.85 0.81362
     1505  6.150 -23.80 0.80309
     1506  6.150 -23.75 0.79255
     1507  6.150 -23.70 0.78202
     1508  6.150 -23.65 0.77148
     1509  6.150 -23.60 0.76095
     1510  6.150 -23.55 0.75041
     1511  6.150 -23.50 0.73988
     1512  6.150 -23.45 0.72935
     1513  6.150 -23.40 0.71881
     1514  6.150 -23.35 0.70828
     1515  6.150 -23.30 0.69774
     1516  6.150 -23.25 0.68339
     1517  6.150 -23.20 0.65379
     1518  6.150 -23.15 0.62419
     1519  6.150 -23.10 0.59459
     1520  6.150 -23.05 0.56498
     1521  6.150 -23.00 0.53538
     1522  6.150 -22.95 0.50578
     1523  6.150 -22.90 0.47618
     1524  6.150 -22.85 0.44657
     1525  6.150 -22.80 0.41697
     1526  6.150 -22.75 0.38737
     1527  6.150 -22.70 0.35776
     1528  6.150 -22.65 0.32816
     1529  6.150 -22.60 0.29856
     1530  6.150 -22.55 0.26895
     1531  6.150 -22.50 0.23935
     1532  6.150 -22.45 0.20975
     1533  6.150 -22.40 0.18015
     1534  6.150 -22.35 0.15055
     1535  6.150 -22.30 0.12094
     1536  6.150 -22.25 0.09630
     1537  6.150 -22.20 0.09152
     1538  6.150 -22.15 0.08674
     1539  6.150 -22.10 0.08196
     1540  6.150 -22.05 0.07718
     1541  6.150 -22.00 0.07240
     1542  6.150 -21.95 0.06762
     1543  6.150 -21.90 0.06284
     1544  6.150 -21.85 0.05806
     1545  6.150 -21.80 0.05328
     1546  6.150 -21.75 0.04850
     1547  6.150 -21.70 0.04372
     1548  6.150 -21.65 0.03893
     1549  6.150 -21.60 0.03415
     1550  6.150 -21.55 0.02937
     1551  6.150 -21.50 0.02459
     1552  6.150 -21.45 0.01981
     1553  6.150 -21.40 0.01503
     1554  6.150 -21.35 0.01025
     1555  6.150 -21.30 0.00547
     1556  6.150 -21.25 0.00000
     1557  6.150 -21.20 0.00000
     1558  6.150 -21.15 0.00000
     1559  6.150 -21.10 0.00000
     1560  6.150 -21.05 0.00000
     1561  6.200 -27.50 0.95510
     1562  6.200 -27.45 0.95510
     1563  6.200 -27.40 0.95510
     1564  6.200 -27.35 0.95510
     1565  6.200 -27.30 0.95510
     1566  6.200 -27.25 0.95497
     1567  6.200 -27.20 0.95429
     1568  6.200 -27.15 0.95362
     1569  6.200 -27.10 0.95295
     1570  6.200 -27.05 0.95227
     1571  6.200 -27.00 0.95160
     1572  6.200 -26.95 0.95093
     1573  6.200 -26.90 0.95025
     1574  6.200 -26.85 0.94958
     1575  6.200 -26.80 0.94891
     1576  6.200 -26.75 0.94823
     1577  6.200 -26.70 0.94756
     1578  6.200 -26.65 0.94689
     1579  6.200 -26.60 0.94621
     1580  6.200 -26.55 0.94554
     1581  6.200 -26.50 0.94487
     1582  6.200 -26.45 0.94419
     1583  6.200 -26.40 0.94352
     1584  6.200 -26.35 0.94285
     1585  6.200 -26.30 0.94217
     1586  6.200 -26.25 0.94139
     1587  6.200 -26.20 0.94016
     1588  6.200 -26.15 0.93894
     1589  6.200 -26.10 0.93771
     1590  6.200 -26.05 0.93648
     1591  6.200 -26.00 0.93526
     1592  6.200 -25.95 0.93403
     1593  6.200 -25.90 0.93281
     1594  6.200 -25.85 0.93158
     1595  6.200 -25.80 0.93035
     1596  6.200 -25.75 0.92913
     1597  6.200 -25.70 0.92790
     1598  6.200 -25.65 0.92667
     1599  6.200 -25.60 0.92545
     1600  6.200 -25.55 0.92422
     1601  6.200 -25.50 0.92299
     1602  6.200 -25.45 0.92177
     1603  6.200 -25.40 0.92054
     1604  6.200 -25.35 0.91931
     1605  6.200 -25.30 0.91809
     1606  6.200 -25.25 0.91685
     1607  6.200 -25.20 0.91559
     1608  6.200 -25.15 0.91434
     1609  6.200 -25.10 0.91307
     1610  6.200 -25.05 0.91181
     1611  6.200 -25.00 0.91055
     1612  6.200 -24.95 0.90929
     1613  6.200 -24.90 0.90803
     1614  6.200 -24.85 0.90677
     1615  6.200 -24.80 0.90551
     1616  6.200 -24.75 0.90425
     1617  6.200 -24.70 0.90299
     1618  6.200 -24.65 0.90173
     1619  6.200 -24.60 0.90047
     1620  6.200 -24.55 0.89921
     1621  6.200 -24.50 0.89795
     1622  6.200 -24.45 0.89669
     1623  6.200 -24.40 0.89543
     1624  6.200 -24.35 0.89417
     1625  6.200 -24.30 0.89291
     1626  6.200 -24.25 0.88965
     1627  6.200 -24.20 0.87839
     1628  6.200 -24.15 0.86713
     1629  6.200 -24.10 0.85587
     1630  6.200 -24.05 0.84461
     1631  6.200 -24.00 0.83334
     1632  6.200 -23.95 0.82208
     1633  6.200 -23.90 0.81082
     1634  6.200 -23.85 0.79956
     1635  6.200 -23.80 0.78830
     1636  6.200 -23.75 0.77704
     1637  6.200 -23.70 0.76578
     1638  6.200 -23.65 0.75451
     1639  6.200 -23.60 0.74325
     1640  6.200 -23.55 0.73199
     1641  6.200 -23.50 0.72073
     1642  6.200 -23.45 0.70947
     1643  6.200 -23.40 0.69821
     1644  6.200 -23.35 0.68695
     1645  6.200 -23.30 0.67568
     1646  6.200 -23.25 0.66086
     1647  6.200 -23.20 0.63180
     1648  6.200 -23.15 0.60274
     1649  6.200 -23.10 0.57367
     1650  6.200 -23.05 0.54461
     1651  6.200 -23.00 0.51555
     1652  6.200 -22.95 0.48649
     1653  6.200 -22.90 0.45742
     1654  6.200 -22.85 0.42836
     1655  6.200 -22.80 0.39930
     1656  6.200 -22.75 0.37023
     1657  6.200 -22.70 0.34117
     1658  6.200 -22.65 0.31211
     1659  6.200 -22.60 0.28305
     1660  6.200 -22.55 0.25398
     1661  6.200 -22.50 0.22492
     1662  6.200 -22.45 0.19586
     1663  6.200 -22.40 0.16680
     1664  6.200 -22.35 0.13773
     1665  6.200 -22.30 0.10867
     1666  6.200 -22.25 0.08458
     1667  6.200 -22.20 0.08039
     1668  6.200 -22.15 0.07621
     1669  6.200 -22.10 0.07202
     1670  6.200 -22.05 0.06783
     1671  6.200 -22.00 0.06365
     1672  6.200 -21.95 0.05946
     1673  6.200 -21.90 0.05527
     1674  6.200 -21.85 0.05108
     1675  6.200 -21.80 0.04690
     1676  6.200 -21.75 0.04271
     1677  6.200 -21.70 0.03852
     1678  6.200 -21.65 0.03433
     1679  6.200 -21.60 0.03015
     1680  6.200 -21.55 0.02596
     1681  6.200 -21.50 0.02177
     1682  6.200 -21.45 0.01759
     1683  6.200 -21.40 0.01340
     1684  6.200 -21.35 0.00921
     1685  6.200 -21.30 0.00502
     1686  6.200 -21.25 0.00000
     1687  6.200 -21.20 0.00000
     1688  6.200 -21.15 0.00000
     1689  6.200 -21.10 0.00000
     1690  6.200 -21.05 0.00000
     1691  6.250 -27.50 0.95568
     1692  6.250 -27.45 0.95568
     1693  6.250 -27.40 0.95568
     1694  6.250 -27.35 0.95568
     1695  6.250 -27.30 0.95568
     1696  6.250 -27.25 0.95498
     1697  6.250 -27.20 0.95410
     1698  6.250 -27.15 0.95322
     1699  6.250 -27.10 0.95234
     1700  6.250 -27.05 0.95145
     1701  6.250 -27.00 0.95057
     1702  6.250 -26.95 0.94969
     1703  6.250 -26.90 0.94881
     1704  6.250 -26.85 0.94793
     1705  6.250 -26.80 0.94705
     1706  6.250 -26.75 0.94617
     1707  6.250 -26.70 0.94529
     1708  6.250 -26.65 0.94441
     1709  6.250 -26.60 0.94353
     1710  6.250 -26.55 0.94265
     1711  6.250 -26.50 0.94177
     1712  6.250 -26.45 0.94089
     1713  6.250 -26.40 0.94001
     1714  6.250 -26.35 0.93913
     1715  6.250 -26.30 0.93824
     1716  6.250 -26.25 0.93713
     1717  6.250 -26.20 0.93595
     1718  6.250 -26.15 0.93477
     1719  6.250 -26.10 0.93359
     1720  6.250 -26.05 0.93241
     1721  6.250 -26.00 0.93123
     1722  6.250 -25.95 0.93005
     1723  6.250 -25.90 0.92887
     1724  6.250 -25.85 0.92769
     1725  6.250 -25.80 0.92651
     1726  6.250 -25.75 0.92533
     1727  6.250 -25.70 0.92416
     1728  6.250 -25.65 0.92298
     1729  6.250 -25.60 0.92180
     1730  6.250 -25.55 0.92062
     1731  6.250 -25.50 0.91944
     1732  6.250 -25.45 0.91826
     1733  6.250 -25.40 0.91708
     1734  6.250 -25.35 0.91590
     1735  6.250 -25.30 0.91473
     1736  6.250 -25.25 0.91326
     1737  6.250 -25.20 0.91173
     1738  6.250 -25.15 0.91019
     1739  6.250 -25.10 0.90866
     1740  6.250 -25.05 0.90712
     1741  6.250 -25.00 0.90559
     1742  6.250 -24.95 0.90406
     1743  6.250 -24.90 0.90252
     1744  6.250 -24.85 0.90099
     1745  6.250 -24.80 0.89946
     1746  6.250 -24.75 0.89792
     1747  6.250 -24.70 0.89639
     1748  6.250 -24.65 0.89485
     1749  6.250 -24.60 0.89332
     1750  6.250 -24.55 0.89178
     1751  6.250 -24.50 0.89025
     1752  6.250 -24.45 0.88872
     1753  6.250 -24.40 0.88718
     1754  6.250 -24.35 0.88565
     1755  6.250 -24.30 0.88411
     1756  6.250 -24.25 0.87422
     1757  6.250 -24.20 0.86223
     1758  6.250 -24.15 0.85024
     1759  6.250 -24.10 0.83825
     1760  6.250 -24.05 0.82626
     1761  6.250 -24.00 0.81427
     1762  6.250 -23.95 0.80228
     1763  6.250 -23.90 0.79030
     1764  6.250 -23.85 0.77831
     1765  6.250 -23.80 0.76632
     1766  6.250 -23.75 0.75433
     1767  6.250 -23.70 0.74234
     1768  6.250 -23.65 0.73035
     1769  6.250 -23.60 0.71836
     1770  6.250 -23.55 0.70638
     1771  6.250 -23.50 0.69439
     1772  6.250 -23.45 0.68240
     1773  6.250 -23.40 0.67041
     1774  6.250 -23.35 0.65842
     1775  6.250 -23.30 0.64643
     1776  6.250 -23.25 0.62121
     1777  6.250 -23.20 0.59269
     1778  6.250 -23.15 0.56417
     1779  6.250 -23.10 0.53565
     1780  6.250 -23.05 0.50712
     1781  6.250 -23.00 0.47860
     1782  6.250 -22.95 0.45008
     1783  6.250 -22.90 0.42156
     1784  6.250 -22.85 0.39303
     1785  6.250 -22.80 0.36451
     1786  6.250 -22.75 0.33599
     1787  6.250 -22.70 0.30747
     1788  6.250 -22.65 0.27894
     1789  6.250 -22.60 0.25042
     1790  6.250 -22.55 0.22190
     1791  6.250 -22.50 0.19338
     1792  6.250 -22.45 0.16485
     1793  6.250 -22.40 0.13633
     1794  6.250 -22.35 0.10781
     1795  6.250 -22.30 0.07928
     1796  6.250 -22.25 0.07070
     1797  6.250 -22.20 0.06711
     1798  6.250 -22.15 0.06352
     1799  6.250 -22.10 0.05992
     1800  6.250 -22.05 0.05633
     1801  6.250 -22.00 0.05274
     1802  6.250 -21.95 0.04914
     1803  6.250 -21.90 0.04555
     1804  6.250 -21.85 0.04196
     1805  6.250 -21.80 0.03836
     1806  6.250 -21.75 0.03477
     1807  6.250 -21.70 0.03117
     1808  6.250 -21.65 0.02758
     1809  6.250 -21.60 0.02399
     1810  6.250 -21.55 0.02039
     1811  6.250 -21.50 0.01680
     1812  6.250 -21.45 0.01321
     1813  6.250 -21.40 0.00961
     1814  6.250 -21.35 0.00602
     1815  6.250 -21.30 0.00242
     1816  6.250 -21.25 0.00000
     1817  6.250 -21.20 0.00000
     1818  6.250 -21.15 0.00000
     1819  6.250 -21.10 0.00000
     1820  6.250 -21.05 0.00000
     1821  6.300 -27.50 0.87957
     1822  6.300 -27.45 0.87957
     1823  6.300 -27.40 0.87957
     1824  6.300 -27.35 0.87957
     1825  6.300 -27.30 0.87957
     1826  6.300 -27.25 0.87903
     1827  6.300 -27.20 0.87836
     1828  6.300 -27.15 0.87770
     1829  6.300 -27.10 0.87703
     1830  6.300 -27.05 0.87636
     1831  6.300 -27.00 0.87569
     1832  6.300 -26.95 0.87502
     1833  6.300 -26.90 0.87436
     1834  6.300 -26.85 0.87369
     1835  6.300 -26.80 0.87302
     1836  6.300 -26.75 0.87235
     1837  6.300 -26.70 0.87169
     1838  6.300 -26.65 0.87102
     1839  6.300 -26.60 0.87035
     1840  6.300 -26.55 0.86968
     1841  6.300 -26.50 0.86902
     1842  6.300 -26.45 0.86835
     1843  6.300 -26.40 0.86768
     1844  6.300 -26.35 0.86701
     1845  6.300 -26.30 0.86635
     1846  6.300 -26.25 0.86511
     1847  6.300 -26.20 0.86373
     1848  6.300 -26.15 0.86234
     1849  6.300 -26.10 0.86096
     1850  6.300 -26.05 0.85958
     1851  6.300 -26.00 0.85820
     1852  6.300 -25.95 0.85682
     1853  6.300 -25.90 0.85544
     1854  6.300 -25.85 0.85406
     1855  6.300 -25.80 0.85268
     1856  6.300 -25.75 0.85130
     1857  6.300 -25.70 0.84992
     1858  6.300 -25.65 0.84854
     1859  6.300 -25.60 0.84715
     1860  6.300 -25.55 0.84577
     1861  6.300 -25.50 0.84439
     1862  6.300 -25.45 0.84301
     1863  6.300 -25.40 0.84163
     1864  6.300 -25.35 0.84025
     1865  6.300 -25.30 0.83887
     1866  6.300 -25.25 0.83707
     1867  6.300 -25.20 0.83517
     1868  6.300 -25.15 0.83326
     1869  6.300 -25.10 0.83136
     1870  6.300 -25.05 0.82946
     1871  6.300 -25.00 0.82755
     1872  6.300 -24.95 0.82565
     1873  6.300 -24.90 0.82375
     1874  6.300 -24.85 0.82184
     1875  6.300 -24.80 0.81994
     1876  6.300 -24.75 0.81804
     1877  6.300 -24.70 0.81613
     1878  6.300 -24.65 0.81423
     1879  6.300 -24.60 0.81233
     1880  6.300 -24.55 0.81042
     1881  6.300 -24.50 0.80852
     1882  6.300 -24.45 0.80661
     1883  6.300 -24.40 0.80471
     1884  6.300 -24.35 0.80281
     1885  6.300 -24.30 0.80090
     1886  6.300 -24.25 0.79141
     1887  6.300 -24.20 0.78001
     1888  6.300 -24.15 0.76862
     1889  6.300 -24.10 0.75723
     1890  6.300 -24.05 0.74583
     1891  6.300 -24.00 0.73444
     1892  6.300 -23.95 0.72304
     1893  6.300 -23.90 0.71165
     1894  6.300 -23.85 0.70026
     1895  6.300 -23.80 0.68886
     1896  6.300 -23.75 0.67747
     1897  6.300 -23.70 0.66607
     1898  6.300 -23.65 0.65468
     1899  6.300 -23.60 0.64329
     1900  6.300 -23.55 0.63189
     1901  6.300 -23.50 0.62050
     1902  6.300 -23.45 0.60910
     1903  6.300 -23.40 0.59771
     1904  6.300 -23.35 0.58632
     1905  6.300 -23.30 0.57492
     1906  6.300 -23.25 0.55231
     1907  6.300 -23.20 0.52688
     1908  6.300 -23.15 0.50146
     1909  6.300 -23.10 0.47604
     1910  6.300 -23.05 0.45062
     1911  6.300 -23.00 0.42520
     1912  6.300 -22.95 0.39978
     1913  6.300 -22.90 0.37436
     1914  6.300 -22.85 0.34894
     1915  6.300 -22.80 0.32351
     1916  6.300 -22.75 0.29809
     1917  6.300 -22.70 0.27267
     1918  6.300 -22.65 0.24725
     1919  6.300 -22.60 0.22183
     1920  6.300 -22.55 0.19641
     1921  6.300 -22.50 0.17099
     1922  6.300 -22.45 0.14557
     1923  6.300 -22.40 0.12015
     1924  6.300 -22.35 0.09472
     1925  6.300 -22.30 0.06930
     1926  6.300 -22.25 0.06169
     1927  6.300 -22.20 0.05853
     1928  6.300 -22.15 0.05537
     1929  6.300 -22.10 0.05221
     1930  6.300 -22.05 0.04905
     1931  6.300 -22.00 0.04589
     1932  6.300 -21.95 0.04273
     1933  6.300 -21.90 0.03957
     1934  6.300 -21.85 0.03641
     1935  6.300 -21.80 0.03325
     1936  6.300 -21.75 0.03009
     1937  6.300 -21.70 0.02692
     1938  6.300 -21.65 0.02376
     1939  6.300 -21.60 0.02060
     1940  6.300 -21.55 0.01744
     1941  6.300 -21.50 0.01428
     1942  6.300 -21.45 0.01112
     1943  6.300 -21.40 0.00796
     1944  6.300 -21.35 0.00480
     1945  6.300 -21.30 0.00164
     1946  6.300 -21.25 0.00000
     1947  6.300 -21.20 0.00000
     1948  6.300 -21.15 0.00000
     1949  6.300 -21.10 0.00000
     1950  6.300 -21.05 0.00000
     1951  6.350 -27.50 0.80345
     1952  6.350 -27.45 0.80345
     1953  6.350 -27.40 0.80345
     1954  6.350 -27.35 0.80345
     1955  6.350 -27.30 0.80317
     1956  6.350 -27.25 0.80272
     1957  6.350 -27.20 0.80227
     1958  6.350 -27.15 0.80181
     1959  6.350 -27.10 0.80136
     1960  6.350 -27.05 0.80090
     1961  6.350 -27.00 0.80045
     1962  6.350 -26.95 0.79999
     1963  6.350 -26.90 0.79954
     1964  6.350 -26.85 0.79908
     1965  6.350 -26.80 0.79863
     1966  6.350 -26.75 0.79817
     1967  6.350 -26.70 0.79772
     1968  6.350 -26.65 0.79727
     1969  6.350 -26.60 0.79681
     1970  6.350 -26.55 0.79636
     1971  6.350 -26.50 0.79590
     1972  6.350 -26.45 0.79545
     1973  6.350 -26.40 0.79499
     1974  6.350 -26.35 0.79454
     1975  6.350 -26.30 0.79341
     1976  6.350 -26.25 0.79182
     1977  6.350 -26.20 0.79024
     1978  6.350 -26.15 0.78866
     1979  6.350 -26.10 0.78707
     1980  6.350 -26.05 0.78549
     1981  6.350 -26.00 0.78391
     1982  6.350 -25.95 0.78233
     1983  6.350 -25.90 0.78074
     1984  6.350 -25.85 0.77916
     1985  6.350 -25.80 0.77758
     1986  6.350 -25.75 0.77599
     1987  6.350 -25.70 0.77441
     1988  6.350 -25.65 0.77283
     1989  6.350 -25.60 0.77125
     1990  6.350 -25.55 0.76966
     1991  6.350 -25.50 0.76808
     1992  6.350 -25.45 0.76649
     1993  6.350 -25.40 0.76491
     1994  6.350 -25.35 0.76333
     1995  6.350 -25.30 0.76133
     1996  6.350 -25.25 0.75906
     1997  6.350 -25.20 0.75679
     1998  6.350 -25.15 0.75451
     1999  6.350 -25.10 0.75224
     2000  6.350 -25.05 0.74997
     2001  6.350 -25.00 0.74770
     2002  6.350 -24.95 0.74542
     2003  6.350 -24.90 0.74315
     2004  6.350 -24.85 0.74088
     2005  6.350 -24.80 0.73861
     2006  6.350 -24.75 0.73633
     2007  6.350 -24.70 0.73406
     2008  6.350 -24.65 0.73179
     2009  6.350 -24.60 0.72951
     2010  6.350 -24.55 0.72724
     2011  6.350 -24.50 0.72497
     2012  6.350 -24.45 0.72270
     2013  6.350 -24.40 0.72042
     2014  6.350 -24.35 0.71815
     2015  6.350 -24.30 0.71076
     2016  6.350 -24.25 0.69996
     2017  6.350 -24.20 0.68916
     2018  6.350 -24.15 0.67836
     2019  6.350 -24.10 0.66756
     2020  6.350 -24.05 0.65676
     2021  6.350 -24.00 0.64596
     2022  6.350 -23.95 0.63517
     2023  6.350 -23.90 0.62437
     2024  6.350 -23.85 0.61357
     2025  6.350 -23.80 0.60277
     2026  6.350 -23.75 0.59197
     2027  6.350 -23.70 0.58117
     2028  6.350 -23.65 0.57037
     2029  6.350 -23.60 0.55957
     2030  6.350 -23.55 0.54877
     2031  6.350 -23.50 0.53797
     2032  6.350 -23.45 0.52717
     2033  6.350 -23.40 0.51637
     2034  6.350 -23.35 0.50557
     2035  6.350 -23.30 0.48786
     2036  6.350 -23.25 0.46554
     2037  6.350 -23.20 0.44322
     2038  6.350 -23.15 0.42090
     2039  6.350 -23.10 0.39858
     2040  6.350 -23.05 0.37626
     2041  6.350 -23.00 0.35394
     2042  6.350 -22.95 0.33162
     2043  6.350 -22.90 0.30930
     2044  6.350 -22.85 0.28699
     2045  6.350 -22.80 0.26466
     2046  6.350 -22.75 0.24235
     2047  6.350 -22.70 0.22003
     2048  6.350 -22.65 0.19771
     2049  6.350 -22.60 0.17539
     2050  6.350 -22.55 0.15307
     2051  6.350 -22.50 0.13075
     2052  6.350 -22.45 0.10843
     2053  6.350 -22.40 0.08611
     2054  6.350 -22.35 0.06379
     2055  6.350 -22.30 0.05322
     2056  6.350 -22.25 0.05049
     2057  6.350 -22.20 0.04777
     2058  6.350 -22.15 0.04504
     2059  6.350 -22.10 0.04231
     2060  6.350 -22.05 0.03959
     2061  6.350 -22.00 0.03686
     2062  6.350 -21.95 0.03413
     2063  6.350 -21.90 0.03140
     2064  6.350 -21.85 0.02868
     2065  6.350 -21.80 0.02595
     2066  6.350 -21.75 0.02322
     2067  6.350 -21.70 0.02049
     2068  6.350 -21.65 0.01777
     2069  6.350 -21.60 0.01504
     2070  6.350 -21.55 0.01231
     2071  6.350 -21.50 0.00959
     2072  6.350 -21.45 0.00686
     2073  6.350 -21.40 0.00413
     2074  6.350 -21.35 0.00140
     2075  6.350 -21.30 0.00000
     2076  6.350 -21.25 0.00000
     2077  6.350 -21.20 0.00000
     2078  6.350 -21.15 0.00000
     2079  6.350 -21.10 0.00000
     2080  6.350 -21.05 0.00000
     2081  6.400 -27.50 0.48065
     2082  6.400 -27.45 0.48065
     2083  6.400 -27.40 0.48065
     2084  6.400 -27.35 0.48065
     2085  6.400 -27.30 0.48041
     2086  6.400 -27.25 0.48002
     2087  6.400 -27.20 0.47964
     2088  6.400 -27.15 0.47925
     2089  6.400 -27.10 0.47886
     2090  6.400 -27.05 0.47847
     2091  6.400 -27.00 0.47808
     2092  6.400 -26.95 0.47769
     2093  6.400 -26.90 0.47730
     2094  6.400 -26.85 0.47691
     2095  6.400 -26.80 0.47652
     2096  6.400 -26.75 0.47613
     2097  6.400 -26.70 0.47575
     2098  6.400 -26.65 0.47536
     2099  6.400 -26.60 0.47497
     2100  6.400 -26.55 0.47458
     2101  6.400 -26.50 0.47419
     2102  6.400 -26.45 0.47380
     2103  6.400 -26.40 0.47341
     2104  6.400 -26.35 0.47302
     2105  6.400 -26.30 0.47255
     2106  6.400 -26.25 0.47201
     2107  6.400 -26.20 0.47147
     2108  6.400 -26.15 0.47093
     2109  6.400 -26.10 0.47040
     2110  6.400 -26.05 0.46986
     2111  6.400 -26.00 0.46932
     2112  6.400 -25.95 0.46878
     2113  6.400 -25.90 0.46824
     2114  6.400 -25.85 0.46771
     2115  6.400 -25.80 0.46717
     2116  6.400 -25.75 0.46663
     2117  6.400 -25.70 0.46610
     2118  6.400 -25.65 0.46556
     2119  6.400 -25.60 0.46502
     2120  6.400 -25.55 0.46448
     2121  6.400 -25.50 0.46394
     2122  6.400 -25.45 0.46341
     2123  6.400 -25.40 0.46287
     2124  6.400 -25.35 0.46233
     2125  6.400 -25.30 0.46173
     2126  6.400 -25.25 0.46110
     2127  6.400 -25.20 0.46046
     2128  6.400 -25.15 0.45983
     2129  6.400 -25.10 0.45919
     2130  6.400 -25.05 0.45855
     2131  6.400 -25.00 0.45792
     2132  6.400 -24.95 0.45728
     2133  6.400 -24.90 0.45664
     2134  6.400 -24.85 0.45601
     2135  6.400 -24.80 0.45537
     2136  6.400 -24.75 0.45473
     2137  6.400 -24.70 0.45410
     2138  6.400 -24.65 0.45346
     2139  6.400 -24.60 0.45283
     2140  6.400 -24.55 0.45219
     2141  6.400 -24.50 0.45155
     2142  6.400 -24.45 0.45092
     2143  6.400 -24.40 0.45028
     2144  6.400 -24.35 0.44964
     2145  6.400 -24.30 0.44653
     2146  6.400 -24.25 0.44176
     2147  6.400 -24.20 0.43699
     2148  6.400 -24.15 0.43222
     2149  6.400 -24.10 0.42745
     2150  6.400 -24.05 0.42268
     2151  6.400 -24.00 0.41791
     2152  6.400 -23.95 0.41315
     2153  6.400 -23.90 0.40838
     2154  6.400 -23.85 0.40361
     2155  6.400 -23.80 0.39884
     2156  6.400 -23.75 0.39407
     2157  6.400 -23.70 0.38930
     2158  6.400 -23.65 0.38453
     2159  6.400 -23.60 0.37976
     2160  6.400 -23.55 0.37499
     2161  6.400 -23.50 0.37023
     2162  6.400 -23.45 0.36546
     2163  6.400 -23.40 0.36069
     2164  6.400 -23.35 0.35592
     2165  6.400 -23.30 0.34464
     2166  6.400 -23.25 0.32902
     2167  6.400 -23.20 0.31340
     2168  6.400 -23.15 0.29777
     2169  6.400 -23.10 0.28215
     2170  6.400 -23.05 0.26653
     2171  6.400 -23.00 0.25091
     2172  6.400 -22.95 0.23529
     2173  6.400 -22.90 0.21967
     2174  6.400 -22.85 0.20405
     2175  6.400 -22.80 0.18842
     2176  6.400 -22.75 0.17280
     2177  6.400 -22.70 0.15718
     2178  6.400 -22.65 0.14156
     2179  6.400 -22.60 0.12594
     2180  6.400 -22.55 0.11032
     2181  6.400 -22.50 0.09470
     2182  6.400 -22.45 0.07908
     2183  6.400 -22.40 0.06345
     2184  6.400 -22.35 0.04783
     2185  6.400 -22.30 0.04035
     2186  6.400 -22.25 0.03831
     2187  6.400 -22.20 0.03626
     2188  6.400 -22.15 0.03421
     2189  6.400 -22.10 0.03216
     2190  6.400 -22.05 0.03011
     2191  6.400 -22.00 0.02806
     2192  6.400 -21.95 0.02602
     2193  6.400 -21.90 0.02397
     2194  6.400 -21.85 0.02192
     2195  6.400 -21.80 0.01987
     2196  6.400 -21.75 0.01782
     2197  6.400 -21.70 0.01578
     2198  6.400 -21.65 0.01373
     2199  6.400 -21.60 0.01168
     2200  6.400 -21.55 0.00963
     2201  6.400 -21.50 0.00758
     2202  6.400 -21.45 0.00553
     2203  6.400 -21.40 0.00349
     2204  6.400 -21.35 0.00144
     2205  6.400 -21.30 0.00000
     2206  6.400 -21.25 0.00000
     2207  6.400 -21.20 0.00000
     2208  6.400 -21.15 0.00000
     2209  6.400 -21.10 0.00000
     2210  6.400 -21.05 0.00000
     2211  6.450 -27.50 0.15785
     2212  6.450 -27.45 0.15785
     2213  6.450 -27.40 0.15785
     2214  6.450 -27.35 0.15778
     2215  6.450 -27.30 0.15746
     2216  6.450 -27.25 0.15713
     2217  6.450 -27.20 0.15681
     2218  6.450 -27.15 0.15649
     2219  6.450 -27.10 0.15617
     2220  6.450 -27.05 0.15584
     2221  6.450 -27.00 0.15552
     2222  6.450 -26.95 0.15520
     2223  6.450 -26.90 0.15487
     2224  6.450 -26.85 0.15455
     2225  6.450 -26.80 0.15423
     2226  6.450 -26.75 0.15391
     2227  6.450 -26.70 0.15358
     2228  6.450 -26.65 0.15326
     2229  6.450 -26.60 0.15294
     2230  6.450 -26.55 0.15261
     2231  6.450 -26.50 0.15229
     2232  6.450 -26.45 0.15197
     2233  6.450 -26.40 0.15164
     2234  6.450 -26.35 0.15149
     2235  6.450 -26.30 0.15199
     2236  6.450 -26.25 0.15250
     2237  6.450 -26.20 0.15301
     2238  6.450 -26.15 0.15352
     2239  6.450 -26.10 0.15403
     2240  6.450 -26.05 0.15453
     2241  6.450 -26.00 0.15504
     2242  6.450 -25.95 0.15555
     2243  6.450 -25.90 0.15606
     2244  6.450 -25.85 0.15656
     2245  6.450 -25.80 0.15707
     2246  6.450 -25.75 0.15758
     2247  6.450 -25.70 0.15809
     2248  6.450 -25.65 0.15859
     2249  6.450 -25.60 0.15910
     2250  6.450 -25.55 0.15961
     2251  6.450 -25.50 0.16012
     2252  6.450 -25.45 0.16062
     2253  6.450 -25.40 0.16113
     2254  6.450 -25.35 0.16174
     2255  6.450 -25.30 0.16274
     2256  6.450 -25.25 0.16374
     2257  6.450 -25.20 0.16474
     2258  6.450 -25.15 0.16574
     2259  6.450 -25.10 0.16674
     2260  6.450 -25.05 0.16774
     2261  6.450 -25.00 0.16874
     2262  6.450 -24.95 0.16974
     2263  6.450 -24.90 0.17074
     2264  6.450 -24.85 0.17174
     2265  6.450 -24.80 0.17274
     2266  6.450 -24.75 0.17374
     2267  6.450 -24.70 0.17474
     2268  6.450 -24.65 0.17574
     2269  6.450 -24.60 0.17674
     2270  6.450 -24.55 0.17774
     2271  6.450 -24.50 0.17874
     2272  6.450 -24.45 0.17974
     2273  6.450 -24.40 0.18074
     2274  6.450 -24.35 0.18179
     2275  6.450 -24.30 0.18305
     2276  6.450 -24.25 0.18431
     2277  6.450 -24.20 0.18557
     2278  6.450 -24.15 0.18684
     2279  6.450 -24.10 0.18810
     2280  6.450 -24.05 0.18936
     2281  6.450 -24.00 0.19062
     2282  6.450 -23.95 0.19188
     2283  6.450 -23.90 0.19314
     2284  6.450 -23.85 0.19441
     2285  6.450 -23.80 0.19567
     2286  6.450 -23.75 0.19693
     2287  6.450 -23.70 0.19819
     2288  6.450 -23.65 0.19945
     2289  6.450 -23.60 0.20071
     2290  6.450 -23.55 0.20198
     2291  6.450 -23.50 0.20324
     2292  6.450 -23.45 0.20450
     2293  6.450 -23.40 0.20576
     2294  6.450 -23.35 0.20498
     2295  6.450 -23.30 0.19606
     2296  6.450 -23.25 0.18714
     2297  6.450 -23.20 0.17821
     2298  6.450 -23.15 0.16929
     2299  6.450 -23.10 0.16037
     2300  6.450 -23.05 0.15145
     2301  6.450 -23.00 0.14252
     2302  6.450 -22.95 0.13360
     2303  6.450 -22.90 0.12468
     2304  6.450 -22.85 0.11575
     2305  6.450 -22.80 0.10683
     2306  6.450 -22.75 0.09791
     2307  6.450 -22.70 0.08899
     2308  6.450 -22.65 0.08006
     2309  6.450 -22.60 0.07114
     2310  6.450 -22.55 0.06222
     2311  6.450 -22.50 0.05329
     2312  6.450 -22.45 0.04437
     2313  6.450 -22.40 0.03545
     2314  6.450 -22.35 0.02803
     2315  6.450 -22.30 0.02667
     2316  6.450 -22.25 0.02530
     2317  6.450 -22.20 0.02393
     2318  6.450 -22.15 0.02256
     2319  6.450 -22.10 0.02119
     2320  6.450 -22.05 0.01982
     2321  6.450 -22.00 0.01845
     2322  6.450 -21.95 0.01708
     2323  6.450 -21.90 0.01571
     2324  6.450 -21.85 0.01434
     2325  6.450 -21.80 0.01297
     2326  6.450 -21.75 0.01160
     2327  6.450 -21.70 0.01023
     2328  6.450 -21.65 0.00886
     2329  6.450 -21.60 0.00750
     2330  6.450 -21.55 0.00613
     2331  6.450 -21.50 0.00476
     2332  6.450 -21.45 0.00339
     2333  6.450 -21.40 0.00202
     2334  6.450 -21.35 0.00000
     2335  6.450 -21.30 0.00000
     2336  6.450 -21.25 0.00000
     2337  6.450 -21.20 0.00000
     2338  6.450 -21.15 0.00000
     2339  6.450 -21.10 0.00000
     2340  6.450 -21.05 0.00000
     2341  6.500 -27.50 0.08126
     2342  6.500 -27.45 0.08126
     2343  6.500 -27.40 0.08126
     2344  6.500 -27.35 0.08124
     2345  6.500 -27.30 0.08112
     2346  6.500 -27.25 0.08100
     2347  6.500 -27.20 0.08089
     2348  6.500 -27.15 0.08077
     2349  6.500 -27.10 0.08065
     2350  6.500 -27.05 0.08053
     2351  6.500 -27.00 0.08042
     2352  6.500 -26.95 0.08030
     2353  6.500 -26.90 0.08018
     2354  6.500 -26.85 0.08006
     2355  6.500 -26.80 0.07994
     2356  6.500 -26.75 0.07983
     2357  6.500 -26.70 0.07971
     2358  6.500 -26.65 0.07959
     2359  6.500 -26.60 0.07947
     2360  6.500 -26.55 0.07936
     2361  6.500 -26.50 0.07924
     2362  6.500 -26.45 0.07912
     2363  6.500 -26.40 0.07900
     2364  6.500 -26.35 0.07897
     2365  6.500 -26.30 0.07925
     2366  6.500 -26.25 0.07953
     2367  6.500 -26.20 0.07982
     2368  6.500 -26.15 0.08010
     2369  6.500 -26.10 0.08038
     2370  6.500 -26.05 0.08066
     2371  6.500 -26.00 0.08095
     2372  6.500 -25.95 0.08123
     2373  6.500 -25.90 0.08151
     2374  6.500 -25.85 0.08180
     2375  6.500 -25.80 0.08208
     2376  6.500 -25.75 0.08236
     2377  6.500 -25.70 0.08264
     2378  6.500 -25.65 0.08293
     2379  6.500 -25.60 0.08321
     2380  6.500 -25.55 0.08349
     2381  6.500 -25.50 0.08378
     2382  6.500 -25.45 0.08406
     2383  6.500 -25.40 0.08434
     2384  6.500 -25.35 0.08467
     2385  6.500 -25.30 0.08515
     2386  6.500 -25.25 0.08564
     2387  6.500 -25.20 0.08612
     2388  6.500 -25.15 0.08661
     2389  6.500 -25.10 0.08709
     2390  6.500 -25.05 0.08758
     2391  6.500 -25.00 0.08806
     2392  6.500 -24.95 0.08855
     2393  6.500 -24.90 0.08904
     2394  6.500 -24.85 0.08952
     2395  6.500 -24.80 0.09001
     2396  6.500 -24.75 0.09049
     2397  6.500 -24.70 0.09098
     2398  6.500 -24.65 0.09146
     2399  6.500 -24.60 0.09195
     2400  6.500 -24.55 0.09243
     2401  6.500 -24.50 0.09292
     2402  6.500 -24.45 0.09340
     2403  6.500 -24.40 0.09389
     2404  6.500 -24.35 0.09449
     2405  6.500 -24.30 0.09553
     2406  6.500 -24.25 0.09657
     2407  6.500 -24.20 0.09761
     2408  6.500 -24.15 0.09865
     2409  6.500 -24.10 0.09969
     2410  6.500 -24.05 0.10073
     2411  6.500 -24.00 0.10177
     2412  6.500 -23.95 0.10281
     2413  6.500 -23.90 0.10385
     2414  6.500 -23.85 0.10489
     2415  6.500 -23.80 0.10593
     2416  6.500 -23.75 0.10697
     2417  6.500 -23.70 0.10801
     2418  6.500 -23.65 0.10905
     2419  6.500 -23.60 0.11009
     2420  6.500 -23.55 0.11113
     2421  6.500 -23.50 0.11217
     2422  6.500 -23.45 0.11321
     2423  6.500 -23.40 0.11425
     2424  6.500 -23.35 0.11409
     2425  6.500 -23.30 0.10915
     2426  6.500 -23.25 0.10420
     2427  6.500 -23.20 0.09926
     2428  6.500 -23.15 0.09432
     2429  6.500 -23.10 0.08937
     2430  6.500 -23.05 0.08443
     2431  6.500 -23.00 0.07948
     2432  6.500 -22.95 0.07454
     2433  6.500 -22.90 0.06960
     2434  6.500 -22.85 0.06465
     2435  6.500 -22.80 0.05971
     2436  6.500 -22.75 0.05476
     2437  6.500 -22.70 0.04982
     2438  6.500 -22.65 0.04488
     2439  6.500 -22.60 0.03993
     2440  6.500 -22.55 0.03499
     2441  6.500 -22.50 0.03004
     2442  6.500 -22.45 0.02510
     2443  6.500 -22.40 0.02016
     2444  6.500 -22.35 0.01605
     2445  6.500 -22.30 0.01527
     2446  6.500 -22.25 0.01449
     2447  6.500 -22.20 0.01371
     2448  6.500 -22.15 0.01293
     2449  6.500 -22.10 0.01215
     2450  6.500 -22.05 0.01137
     2451  6.500 -22.00 0.01059
     2452  6.500 -21.95 0.00981
     2453  6.500 -21.90 0.00903
     2454  6.500 -21.85 0.00825
     2455  6.500 -21.80 0.00747
     2456  6.500 -21.75 0.00669
     2457  6.500 -21.70 0.00591
     2458  6.500 -21.65 0.00513
     2459  6.500 -21.60 0.00435
     2460  6.500 -21.55 0.00357
     2461  6.500 -21.50 0.00279
     2462  6.500 -21.45 0.00201
     2463  6.500 -21.40 0.00123
     2464  6.500 -21.35 0.00000
     2465  6.500 -21.30 0.00000
     2466  6.500 -21.25 0.00000
     2467  6.500 -21.20 0.00000
     2468  6.500 -21.15 0.00000
     2469  6.500 -21.10 0.00000
     2470  6.500 -21.05 0.00000
     2471  6.550 -27.50 0.00468
     2472  6.550 -27.45 0.00468
     2473  6.550 -27.40 0.00468
     2474  6.550 -27.35 0.00475
     2475  6.550 -27.30 0.00484
     2476  6.550 -27.25 0.00492
     2477  6.550 -27.20 0.00501
     2478  6.550 -27.15 0.00510
     2479  6.550 -27.10 0.00519
     2480  6.550 -27.05 0.00527
     2481  6.550 -27.00 0.00536
     2482  6.550 -26.95 0.00545
     2483  6.550 -26.90 0.00554
     2484  6.550 -26.85 0.00563
     2485  6.550 -26.80 0.00571
     2486  6.550 -26.75 0.00580
     2487  6.550 -26.70 0.00589
     2488  6.550 -26.65 0.00598
     2489  6.550 -26.60 0.00606
     2490  6.550 -26.55 0.00615
     2491  6.550 -26.50 0.00624
     2492  6.550 -26.45 0.00633
     2493  6.550 -26.40 0.00642
     2494  6.550 -26.35 0.00648
     2495  6.550 -26.30 0.00654
     2496  6.550 -26.25 0.00660
     2497  6.550 -26.20 0.00666
     2498  6.550 -26.15 0.00671
     2499  6.550 -26.10 0.00677
     2500  6.550 -26.05 0.00683
     2501  6.550 -26.00 0.00689
     2502  6.550 -25.95 0.00695
     2503  6.550 -25.90 0.00701
     2504  6.550 -25.85 0.00706
     2505  6.550 -25.80 0.00712
     2506  6.550 -25.75 0.00718
     2507  6.550 -25.70 0.00724
     2508  6.550 -25.65 0.00730
     2509  6.550 -25.60 0.00736
     2510  6.550 -25.55 0.00741
     2511  6.550 -25.50 0.00747
     2512  6.550 -25.45 0.00753
     2513  6.550 -25.40 0.00759
     2514  6.550 -25.35 0.00758
     2515  6.550 -25.30 0.00755
     2516  6.550 -25.25 0.00752
     2517  6.550 -25.20 0.00749
     2518  6.550 -25.15 0.00746
     2519  6.550 -25.10 0.00743
     2520  6.550 -25.05 0.00740
     2521  6.550 -25.00 0.00737
     2522  6.550 -24.95 0.00734
     2523  6.550 -24.90 0.00732
     2524  6.550 -24.85 0.00729
     2525  6.550 -24.80 0.00726
     2526  6.550 -24.75 0.00723
     2527  6.550 -24.70 0.00720
     2528  6.550 -24.65 0.00717
     2529  6.550 -24.60 0.00714
     2530  6.550 -24.55 0.00711
     2531  6.550 -24.50 0.00708
     2532  6.550 -24.45 0.00705
     2533  6.550 -24.40 0.00702
     2534  6.550 -24.35 0.00767
     2535  6.550 -24.30 0.00849
     2536  6.550 -24.25 0.00931
     2537  6.550 -24.20 0.01013
     2538  6.550 -24.15 0.01095
     2539  6.550 -24.10 0.01177
     2540  6.550 -24.05 0.01259
     2541  6.550 -24.00 0.01340
     2542  6.550 -23.95 0.01422
     2543  6.550 -23.90 0.01504
     2544  6.550 -23.85 0.01586
     2545  6.550 -23.80 0.01668
     2546  6.550 -23.75 0.01750
     2547  6.550 -23.70 0.01832
     2548  6.550 -23.65 0.01914
     2549  6.550 -23.60 0.01995
     2550  6.550 -23.55 0.02077
     2551  6.550 -23.50 0.02159
     2552  6.550 -23.45 0.02241
     2553  6.550 -23.40 0.02323
     2554  6.550 -23.35 0.02262
     2555  6.550 -23.30 0.02166
     2556  6.550 -23.25 0.02069
     2557  6.550 -23.20 0.01973
     2558  6.550 -23.15 0.01876
     2559  6.550 -23.10 0.01780
     2560  6.550 -23.05 0.01683
     2561  6.550 -23.00 0.01587
     2562  6.550 -22.95 0.01490
     2563  6.550 -22.90 0.01394
     2564  6.550 -22.85 0.01297
     2565  6.550 -22.80 0.01201
     2566  6.550 -22.75 0.01104
     2567  6.550 -22.70 0.01008
     2568  6.550 -22.65 0.00911
     2569  6.550 -22.60 0.00815
     2570  6.550 -22.55 0.00718
     2571  6.550 -22.50 0.00622
     2572  6.550 -22.45 0.00525
     2573  6.550 -22.40 0.00429
     2574  6.550 -22.35 0.00394
     2575  6.550 -22.30 0.00375
     2576  6.550 -22.25 0.00356
     2577  6.550 -22.20 0.00337
     2578  6.550 -22.15 0.00318
     2579  6.550 -22.10 0.00299
     2580  6.550 -22.05 0.00280
     2581  6.550 -22.00 0.00261
     2582  6.550 -21.95 0.00242
     2583  6.550 -21.90 0.00223
     2584  6.550 -21.85 0.00204
     2585  6.550 -21.80 0.00185
     2586  6.550 -21.75 0.00166
     2587  6.550 -21.70 0.00147
     2588  6.550 -21.65 0.00128
     2589  6.550 -21.60 0.00109
     2590  6.550 -21.55 0.00090
     2591  6.550 -21.50 0.00071
     2592  6.550 -21.45 0.00052
     2593  6.550 -21.40 0.00033
     2594  6.550 -21.35 0.00000
     2595  6.550 -21.30 0.00000
     2596  6.550 -21.25 0.00000
     2597  6.550 -21.20 0.00000
     2598  6.550 -21.15 0.00000
     2599  6.550 -21.10 0.00000
     2600  6.550 -21.05 0.00000
     2601  6.600 -27.50 0.00503
     2602  6.600 -27.45 0.00503
     2603  6.600 -27.40 0.00503
     2604  6.600 -27.35 0.00502
     2605  6.600 -27.30 0.00502
     2606  6.600 -27.25 0.00501
     2607  6.600 -27.20 0.00501
     2608  6.600 -27.15 0.00500
     2609  6.600 -27.10 0.00500
     2610  6.600 -27.05 0.00499
     2611  6.600 -27.00 0.00499
     2612  6.600 -26.95 0.00498
     2613  6.600 -26.90 0.00497
     2614  6.600 -26.85 0.00497
     2615  6.600 -26.80 0.00496
     2616  6.600 -26.75 0.00496
     2617  6.600 -26.70 0.00495
     2618  6.600 -26.65 0.00495
     2619  6.600 -26.60 0.00494
     2620  6.600 -26.55 0.00493
     2621  6.600 -26.50 0.00493
     2622  6.600 -26.45 0.00492
     2623  6.600 -26.40 0.00492
     2624  6.600 -26.35 0.00497
     2625  6.600 -26.30 0.00504
     2626  6.600 -26.25 0.00512
     2627  6.600 -26.20 0.00519
     2628  6.600 -26.15 0.00526
     2629  6.600 -26.10 0.00533
     2630  6.600 -26.05 0.00540
     2631  6.600 -26.00 0.00548
     2632  6.600 -25.95 0.00555
     2633  6.600 -25.90 0.00562
     2634  6.600 -25.85 0.00569
     2635  6.600 -25.80 0.00576
     2636  6.600 -25.75 0.00583
     2637  6.600 -25.70 0.00591
     2638  6.600 -25.65 0.00598
     2639  6.600 -25.60 0.00605
     2640  6.600 -25.55 0.00612
     2641  6.600 -25.50 0.00619
     2642  6.600 -25.45 0.00626
     2643  6.600 -25.40 0.00634
     2644  6.600 -25.35 0.00632
     2645  6.600 -25.30 0.00629
     2646  6.600 -25.25 0.00625
     2647  6.600 -25.20 0.00621
     2648  6.600 -25.15 0.00618
     2649  6.600 -25.10 0.00614
     2650  6.600 -25.05 0.00611
     2651  6.600 -25.00 0.00607
     2652  6.600 -24.95 0.00604
     2653  6.600 -24.90 0.00600
     2654  6.600 -24.85 0.00596
     2655  6.600 -24.80 0.00593
     2656  6.600 -24.75 0.00589
     2657  6.600 -24.70 0.00586
     2658  6.600 -24.65 0.00582
     2659  6.600 -24.60 0.00578
     2660  6.600 -24.55 0.00575
     2661  6.600 -24.50 0.00571
     2662  6.600 -24.45 0.00568
     2663  6.600 -24.40 0.00564
     2664  6.600 -24.35 0.00597
     2665  6.600 -24.30 0.00640
     2666  6.600 -24.25 0.00682
     2667  6.600 -24.20 0.00724
     2668  6.600 -24.15 0.00767
     2669  6.600 -24.10 0.00809
     2670  6.600 -24.05 0.00851
     2671  6.600 -24.00 0.00894
     2672  6.600 -23.95 0.00936
     2673  6.600 -23.90 0.00978
     2674  6.600 -23.85 0.01021
     2675  6.600 -23.80 0.01063
     2676  6.600 -23.75 0.01106
     2677  6.600 -23.70 0.01148
     2678  6.600 -23.65 0.01190
     2679  6.600 -23.60 0.01233
     2680  6.600 -23.55 0.01275
     2681  6.600 -23.50 0.01317
     2682  6.600 -23.45 0.01360
     2683  6.600 -23.40 0.01402
     2684  6.600 -23.35 0.01363
     2685  6.600 -23.30 0.01304
     2686  6.600 -23.25 0.01246
     2687  6.600 -23.20 0.01187
     2688  6.600 -23.15 0.01128
     2689  6.600 -23.10 0.01069
     2690  6.600 -23.05 0.01010
     2691  6.600 -23.00 0.00951
     2692  6.600 -22.95 0.00892
     2693  6.600 -22.90 0.00833
     2694  6.600 -22.85 0.00775
     2695  6.600 -22.80 0.00716
     2696  6.600 -22.75 0.00657
     2697  6.600 -22.70 0.00598
     2698  6.600 -22.65 0.00539
     2699  6.600 -22.60 0.00480
     2700  6.600 -22.55 0.00421
     2701  6.600 -22.50 0.00363
     2702  6.600 -22.45 0.00304
     2703  6.600 -22.40 0.00245
     2704  6.600 -22.35 0.00224
     2705  6.600 -22.30 0.00213
     2706  6.600 -22.25 0.00203
     2707  6.600 -22.20 0.00192
     2708  6.600 -22.15 0.00181
     2709  6.600 -22.10 0.00170
     2710  6.600 -22.05 0.00159
     2711  6.600 -22.00 0.00148
     2712  6.600 -21.95 0.00137
     2713  6.600 -21.90 0.00126
     2714  6.600 -21.85 0.00115
     2715  6.600 -21.80 0.00104
     2716  6.600 -21.75 0.00093
     2717  6.600 -21.70 0.00082
     2718  6.600 -21.65 0.00071
     2719  6.600 -21.60 0.00061
     2720  6.600 -21.55 0.00050
     2721  6.600 -21.50 0.00039
     2722  6.600 -21.45 0.00028
     2723  6.600 -21.40 0.00017
     2724  6.600 -21.35 0.00000
     2725  6.600 -21.30 0.00000
     2726  6.600 -21.25 0.00000
     2727  6.600 -21.20 0.00000
     2728  6.600 -21.15 0.00000
     2729  6.600 -21.10 0.00000
     2730  6.600 -21.05 0.00000
