        1  0.010 -6.41112e-01
        2  0.020 -6.41825e-01
        3  0.030 -6.43322e-01
        4  0.040 -6.45788e-01
        5  0.050 -6.47482e-01
        6  0.060 -6.46890e-01
        7  0.070 -6.44098e-01
        8  0.080 -6.38756e-01
        9  0.090 -6.31635e-01
       10  0.100 -6.25197e-01
       11  0.110 -6.21585e-01
       12  0.120 -6.22135e-01
       13  0.130 -6.25894e-01
       14  0.140 -6.30519e-01
       15  0.150 -6.35048e-01
       16  0.160 -6.39346e-01
       17  0.170 -6.43695e-01
       18  0.180 -6.48583e-01
       19  0.190 -6.54386e-01
       20  0.200 -6.60920e-01
       21  0.210 -6.67310e-01
       22  0.220 -6.73186e-01
       23  0.230 -6.79099e-01
       24  0.240 -6.85790e-01
       25  0.250 -6.93847e-01
       26  0.260 -7.03233e-01
       27  0.270 -7.13212e-01
       28  0.280 -7.23101e-01
       29  0.290 -7.32670e-01
       30  0.300 -7.42090e-01
       31  0.310 -7.51630e-01
       32  0.320 -7.61411e-01
       33  0.330 -7.71448e-01
       34  0.340 -7.81648e-01
       35  0.350 -7.91823e-01
       36  0.360 -8.01863e-01
       37  0.370 -8.11986e-01
       38  0.380 -8.22455e-01
       39  0.390 -8.33295e-01
       40  0.400 -8.44385e-01
       41  0.410 -8.55472e-01
       42  0.420 -8.66313e-01
       43  0.430 -8.76732e-01
       44  0.440 -8.86694e-01
       45  0.450 -8.96206e-01
       46  0.460 -9.05297e-01
       47  0.470 -9.13979e-01
       48  0.480 -9.22269e-01
       49  0.490 -9.30221e-01
       50  0.500 -9.37840e-01
       51  0.510 -9.45113e-01
       52  0.520 -9.52053e-01
       53  0.530 -9.58644e-01
       54  0.540 -9.64907e-01
       55  0.550 -9.70973e-01
       56  0.560 -9.76960e-01
       57  0.570 -9.82936e-01
       58  0.580 -9.88910e-01
       59  0.590 -9.94860e-01
       60  0.600 -1.00072e+00
       61  0.610 -1.00640e+00
       62  0.620 -1.01188e+00
       63  0.630 -1.01715e+00
       64  0.640 -1.02218e+00
       65  0.650 -1.02698e+00
       66  0.660 -1.03161e+00
       67  0.670 -1.03614e+00
       68  0.680 -1.04063e+00
       69  0.690 -1.04518e+00
       70  0.700 -1.04987e+00
       71  0.710 -1.05475e+00
       72  0.720 -1.05980e+00
       73  0.730 -1.06499e+00
       74  0.740 -1.07026e+00
       75  0.750 -1.07550e+00
       76  0.760 -1.08053e+00
       77  0.770 -1.08521e+00
       78  0.780 -1.08946e+00
       79  0.790 -1.09326e+00
       80  0.800 -1.09669e+00
       81  0.810 -1.09985e+00
       82  0.820 -1.10280e+00
       83  0.830 -1.10554e+00
       84  0.840 -1.10803e+00
       85  0.850 -1.11017e+00
       86  0.860 -1.11170e+00
       87  0.870 -1.11221e+00
       88  0.880 -1.11149e+00
       89  0.890 -1.10974e+00
       90  0.900 -1.10737e+00
       91  0.910 -1.10486e+00
       92  0.920 -1.10264e+00
       93  0.930 -1.10107e+00
       94  0.940 -1.10047e+00
       95  0.950 -1.10090e+00
       96  0.960 -1.10217e+00
       97  0.970 -1.10403e+00
       98  0.980 -1.10638e+00
       99  0.990 -1.10913e+00
      100  1.000 -1.11218e+00
      101  1.010 -1.11545e+00
      102  1.020 -1.11889e+00
      103  1.030 -1.12244e+00
      104  1.040 -1.12607e+00
      105  1.050 -1.12975e+00
      106  1.060 -1.13344e+00
      107  1.070 -1.13712e+00
      108  1.080 -1.14075e+00
      109  1.090 -1.14428e+00
      110  1.100 -1.14766e+00
      111  1.110 -1.15085e+00
      112  1.120 -1.15384e+00
      113  1.130 -1.15662e+00
      114  1.140 -1.15922e+00
      115  1.150 -1.16163e+00
      116  1.160 -1.16384e+00
      117  1.170 -1.16590e+00
      118  1.180 -1.16783e+00
      119  1.190 -1.16969e+00
      120  1.200 -1.17149e+00
      121  1.210 -1.17327e+00
      122  1.220 -1.17505e+00
      123  1.230 -1.17682e+00
      124  1.240 -1.17857e+00
      125  1.250 -1.18027e+00
      126  1.260 -1.18193e+00
      127  1.270 -1.18353e+00
      128  1.280 -1.18511e+00
      129  1.290 -1.18670e+00
      130  1.300 -1.18835e+00
      131  1.310 -1.19009e+00
      132  1.320 -1.19195e+00
      133  1.330 -1.19396e+00
      134  1.340 -1.19613e+00
      135  1.350 -1.19846e+00
      136  1.360 -1.20092e+00
      137  1.370 -1.20350e+00
      138  1.380 -1.20618e+00
      139  1.390 -1.20894e+00
      140  1.400 -1.21174e+00
      141  1.410 -1.21457e+00
      142  1.420 -1.21741e+00
      143  1.430 -1.22026e+00
      144  1.440 -1.22315e+00
      145  1.450 -1.22609e+00
      146  1.460 -1.22911e+00
      147  1.470 -1.23223e+00
      148  1.480 -1.23547e+00
      149  1.490 -1.23886e+00
      150  1.500 -1.24236e+00
      151  1.510 -1.24596e+00
      152  1.520 -1.24964e+00
      153  1.530 -1.25336e+00
      154  1.540 -1.25711e+00
      155  1.550 -1.26090e+00
      156  1.560 -1.26472e+00
      157  1.570 -1.26857e+00
      158  1.580 -1.27243e+00
      159  1.590 -1.27630e+00
      160  1.600 -1.28016e+00
      161  1.610 -1.28396e+00
      162  1.620 -1.28770e+00
      163  1.630 -1.29134e+00
      164  1.640 -1.29486e+00
      165  1.650 -1.29826e+00
      166  1.660 -1.30150e+00
      167  1.670 -1.30458e+00
      168  1.680 -1.30749e+00
      169  1.690 -1.31022e+00
      170  1.700 -1.31275e+00
      171  1.710 -1.31506e+00
      172  1.720 -1.31707e+00
      173  1.730 -1.31874e+00
      174  1.740 -1.32001e+00
      175  1.750 -1.32084e+00
      176  1.760 -1.32126e+00
      177  1.770 -1.32134e+00
      178  1.780 -1.32119e+00
      179  1.790 -1.32092e+00
      180  1.800 -1.32063e+00
      181  1.810 -1.32044e+00
      182  1.820 -1.32041e+00
      183  1.830 -1.32065e+00
      184  1.840 -1.32120e+00
      185  1.850 -1.32207e+00
      186  1.860 -1.32328e+00
      187  1.870 -1.32476e+00
      188  1.880 -1.32648e+00
      189  1.890 -1.32840e+00
      190  1.900 -1.33049e+00
      191  1.910 -1.33273e+00
      192  1.920 -1.33511e+00
      193  1.930 -1.33759e+00
      194  1.940 -1.34016e+00
      195  1.950 -1.34280e+00
      196  1.960 -1.34549e+00
      197  1.970 -1.34821e+00
      198  1.980 -1.35096e+00
      199  1.990 -1.35371e+00
      200  2.000 -1.35648e+00
      201  2.010 -1.35926e+00
      202  2.020 -1.36206e+00
      203  2.030 -1.36489e+00
      204  2.040 -1.36778e+00
      205  2.050 -1.37075e+00
      206  2.060 -1.37382e+00
      207  2.070 -1.37704e+00
      208  2.080 -1.38043e+00
      209  2.090 -1.38405e+00
      210  2.100 -1.38795e+00
      211  2.110 -1.39217e+00
      212  2.120 -1.39673e+00
      213  2.130 -1.40166e+00
      214  2.140 -1.40699e+00
      215  2.150 -1.41272e+00
      216  2.160 -1.41886e+00
      217  2.170 -1.42541e+00
      218  2.180 -1.43234e+00
      219  2.190 -1.43961e+00
