      251  2.510 -1.70115e+00
      252  2.520 -1.70077e+00
      253  2.530 -1.70075e+00
      254  2.540 -1.70119e+00
      255  2.550 -1.70218e+00
      256  2.560 -1.70380e+00
      257  2.570 -1.70608e+00
      258  2.580 -1.70902e+00
      259  2.590 -1.71258e+00
      260  2.600 -1.71671e+00
      261  2.610 -1.72129e+00
      262  2.620 -1.72622e+00
      263  2.630 -1.73136e+00
      264  2.640 -1.73661e+00
      265  2.650 -1.74184e+00
      266  2.660 -1.74693e+00
      267  2.670 -1.75181e+00
      268  2.680 -1.75643e+00
      269  2.690 -1.76074e+00
      270  2.700 -1.76474e+00
      271  2.710 -1.76842e+00
      272  2.720 -1.77178e+00
      273  2.730 -1.77481e+00
      274  2.740 -1.77751e+00
      275  2.750 -1.77992e+00
      276  2.760 -1.78210e+00
      277  2.770 -1.78414e+00
      278  2.780 -1.78605e+00
      279  2.790 -1.78782e+00
      280  2.800 -1.78946e+00
      281  2.810 -1.79098e+00
      282  2.820 -1.79240e+00
      283  2.830 -1.79372e+00
      284  2.840 -1.79495e+00
      285  2.850 -1.79608e+00
      286  2.860 -1.79714e+00
      287  2.870 -1.79813e+00
      288  2.880 -1.79906e+00
      289  2.890 -1.79993e+00
      290  2.900 -1.80073e+00
      291  2.910 -1.80147e+00
      292  2.920 -1.80215e+00
      293  2.930 -1.80276e+00
      294  2.940 -1.80333e+00
      295  2.950 -1.80386e+00
      296  2.960 -1.80438e+00
      297  2.970 -1.80488e+00
      298  2.980 -1.80539e+00
      299  2.990 -1.80592e+00
      300  3.000 -1.80647e+00
      301  3.010 -1.80704e+00
      302  3.020 -1.80765e+00
      303  3.030 -1.80830e+00
      304  3.040 -1.80899e+00
      305  3.050 -1.80970e+00
      306  3.060 -1.81045e+00
      307  3.070 -1.81123e+00
      308  3.080 -1.81207e+00
      309  3.090 -1.81299e+00
      310  3.100 -1.81401e+00
      311  3.110 -1.81515e+00
      312  3.120 -1.81644e+00
      313  3.130 -1.81787e+00
      314  3.140 -1.81946e+00
      315  3.150 -1.82120e+00
      316  3.160 -1.82308e+00
      317  3.170 -1.82508e+00
      318  3.180 -1.82716e+00
      319  3.190 -1.82929e+00
      320  3.200 -1.83142e+00
      321  3.210 -1.83348e+00
      322  3.220 -1.83545e+00
      323  3.230 -1.83726e+00
      324  3.240 -1.83884e+00
      325  3.250 -1.84013e+00
      326  3.260 -1.84105e+00
      327  3.270 -1.84159e+00
      328  3.280 -1.84179e+00
      329  3.290 -1.84175e+00
      330  3.300 -1.84163e+00
      331  3.310 -1.84159e+00
      332  3.320 -1.84180e+00
      333  3.330 -1.84241e+00
      334  3.340 -1.84356e+00
      335  3.350 -1.84537e+00
      336  3.360 -1.84793e+00
      337  3.370 -1.85131e+00
      338  3.380 -1.85555e+00
      339  3.390 -1.86065e+00
      340  3.400 -1.86659e+00
      341  3.410 -1.87335e+00
      342  3.420 -1.88087e+00
      343  3.430 -1.88907e+00
      344  3.440 -1.89784e+00
      345  3.450 -1.90705e+00
      346  3.460 -1.91654e+00
      347  3.470 -1.92616e+00
      348  3.480 -1.93574e+00
      349  3.490 -1.94515e+00
      350  3.500 -1.95425e+00
      351  3.510 -1.96295e+00
      352  3.520 -1.97117e+00
      353  3.530 -1.97886e+00
      354  3.540 -1.98597e+00
      355  3.550 -1.99247e+00
      356  3.560 -1.99833e+00
      357  3.570 -2.00353e+00
      358  3.580 -2.00808e+00
      359  3.590 -2.01199e+00
      360  3.600 -2.01532e+00
      361  3.610 -2.01810e+00
      362  3.620 -2.02041e+00
      363  3.630 -2.02233e+00
      364  3.640 -2.02391e+00
      365  3.650 -2.02520e+00
      366  3.660 -2.02621e+00
      367  3.670 -2.02695e+00
      368  3.680 -2.02743e+00
      369  3.690 -2.02767e+00
      370  3.700 -2.02772e+00
      371  3.710 -2.02761e+00
      372  3.720 -2.02737e+00
      373  3.730 -2.02703e+00
      374  3.740 -2.02660e+00
      375  3.750 -2.02610e+00
      376  3.760 -2.02556e+00
      377  3.770 -2.02501e+00
      378  3.780 -2.02447e+00
      379  3.790 -2.02398e+00
      380  3.800 -2.02354e+00
      381  3.810 -2.02317e+00
      382  3.820 -2.02290e+00
      383  3.830 -2.02272e+00
      384  3.840 -2.02265e+00
      385  3.850 -2.02267e+00
      386  3.860 -2.02280e+00
      387  3.870 -2.02300e+00
      388  3.880 -2.02325e+00
      389  3.890 -2.02354e+00
      390  3.900 -2.02383e+00
      391  3.910 -2.02413e+00
      392  3.920 -2.02442e+00
      393  3.930 -2.02468e+00
      394  3.940 -2.02492e+00
      395  3.950 -2.02509e+00
      396  3.960 -2.02520e+00
      397  3.970 -2.02520e+00
      398  3.980 -2.02509e+00
      399  3.990 -2.02486e+00
      400  4.000 -2.02452e+00
      401  4.010 -2.02406e+00
      402  4.020 -2.02350e+00
      403  4.030 -2.02283e+00
      404  4.040 -2.02208e+00
      405  4.050 -2.02123e+00
      406  4.060 -2.02030e+00
      407  4.070 -2.01931e+00
      408  4.080 -2.01824e+00
      409  4.090 -2.01712e+00
      410  4.100 -2.01595e+00
      411  4.110 -2.01474e+00
      412  4.120 -2.01347e+00
      413  4.130 -2.01216e+00
      414  4.140 -2.01079e+00
      415  4.150 -2.00934e+00
      416  4.160 -2.00779e+00
      417  4.170 -2.00610e+00
      418  4.180 -2.00424e+00
      419  4.190 -2.00218e+00
      420  4.200 -1.99987e+00
      421  4.210 -1.99725e+00
      422  4.220 -1.99426e+00
      423  4.230 -1.99083e+00
      424  4.240 -1.98685e+00
      425  4.250 -1.98228e+00
      426  4.260 -1.97708e+00
      427  4.270 -1.97126e+00
      428  4.280 -1.96490e+00
      429  4.290 -1.95811e+00
      430  4.300 -1.95104e+00
      431  4.310 -1.94386e+00
      432  4.320 -1.93673e+00
      433  4.330 -1.92980e+00
      434  4.340 -1.92321e+00
      435  4.350 -1.91708e+00
      436  4.360 -1.91149e+00
      437  4.370 -1.90652e+00
      438  4.380 -1.90222e+00
      439  4.390 -1.89861e+00
      440  4.400 -1.89570e+00
      441  4.410 -1.89350e+00
      442  4.420 -1.89197e+00
      443  4.430 -1.89112e+00
      444  4.440 -1.89094e+00
      445  4.450 -1.89142e+00
      446  4.460 -1.89258e+00
      447  4.470 -1.89444e+00
      448  4.480 -1.89698e+00
      449  4.490 -1.90024e+00
      450  4.500 -1.90423e+00
      451  4.510 -1.90897e+00
      452  4.520 -1.91449e+00
      453  4.530 -1.92081e+00
      454  4.540 -1.92797e+00
      455  4.550 -1.93599e+00
      456  4.560 -1.94488e+00
      457  4.570 -1.95464e+00
      458  4.580 -1.96524e+00
      459  4.590 -1.97666e+00
      460  4.600 -1.98884e+00
      461  4.610 -2.00172e+00
      462  4.620 -2.01522e+00
      463  4.630 -2.02924e+00
      464  4.640 -2.04369e+00
      465  4.650 -2.05844e+00
      466  4.660 -2.07335e+00
      467  4.670 -2.08830e+00
      468  4.680 -2.10315e+00
      469  4.690 -2.11778e+00
      470  4.700 -2.13205e+00
