        1  0.010 -1.43005e+00
        2  0.020 -1.42941e+00
        3  0.030 -1.43844e+00
        4  0.040 -1.46435e+00
        5  0.050 -1.50564e+00
        6  0.060 -1.54718e+00
        7  0.070 -1.57532e+00
        8  0.080 -1.58901e+00
        9  0.090 -1.58971e+00
       10  0.100 -1.58601e+00
       11  0.110 -1.57924e+00
       12  0.120 -1.57128e+00
       13  0.130 -1.56305e+00
       14  0.140 -1.55563e+00
       15  0.150 -1.54786e+00
       16  0.160 -1.53850e+00
       17  0.170 -1.52874e+00
       18  0.180 -1.51970e+00
       19  0.190 -1.51126e+00
       20  0.200 -1.50292e+00
       21  0.210 -1.49466e+00
       22  0.220 -1.48411e+00
       23  0.230 -1.46812e+00
       24  0.240 -1.43776e+00
       25  0.250 -1.38328e+00
       26  0.260 -1.33097e+00
       27  0.270 -1.29968e+00
       28  0.280 -1.28505e+00
       29  0.290 -1.27685e+00
       30  0.300 -1.27203e+00
       31  0.310 -1.26910e+00
       32  0.320 -1.26745e+00
       33  0.330 -1.26619e+00
       34  0.340 -1.26444e+00
       35  0.350 -1.26257e+00
       36  0.360 -1.26213e+00
       37  0.370 -1.26413e+00
       38  0.380 -1.26844e+00
       39  0.390 -1.27443e+00
       40  0.400 -1.28211e+00
       41  0.410 -1.29210e+00
       42  0.420 -1.30328e+00
       43  0.430 -1.31323e+00
       44  0.440 -1.32096e+00
       45  0.450 -1.32609e+00
       46  0.460 -1.32915e+00
       47  0.470 -1.33063e+00
       48  0.480 -1.33173e+00
       49  0.490 -1.33351e+00
       50  0.500 -1.33559e+00
       51  0.510 -1.33785e+00
       52  0.520 -1.33957e+00
       53  0.530 -1.34038e+00
       54  0.540 -1.33998e+00
       55  0.550 -1.33869e+00
       56  0.560 -1.33730e+00
       57  0.570 -1.33656e+00
       58  0.580 -1.33684e+00
       59  0.590 -1.33799e+00
       60  0.600 -1.33953e+00
       61  0.610 -1.34064e+00
       62  0.620 -1.34044e+00
       63  0.630 -1.33692e+00
       64  0.640 -1.33024e+00
       65  0.650 -1.32230e+00
       66  0.660 -1.31443e+00
       67  0.670 -1.30629e+00
       68  0.680 -1.29595e+00
       69  0.690 -1.28445e+00
       70  0.700 -1.27483e+00
       71  0.710 -1.26876e+00
       72  0.720 -1.26595e+00
       73  0.730 -1.26505e+00
       74  0.740 -1.26479e+00
       75  0.750 -1.26473e+00
       76  0.760 -1.26473e+00
       77  0.770 -1.26477e+00
       78  0.780 -1.26493e+00
       79  0.790 -1.26517e+00
       80  0.800 -1.26556e+00
       81  0.810 -1.26635e+00
       82  0.820 -1.26797e+00
       83  0.830 -1.27065e+00
       84  0.840 -1.27435e+00
       85  0.850 -1.27865e+00
       86  0.860 -1.28301e+00
       87  0.870 -1.28672e+00
       88  0.880 -1.28924e+00
       89  0.890 -1.29121e+00
       90  0.900 -1.29371e+00
       91  0.910 -1.29741e+00
       92  0.920 -1.30235e+00
       93  0.930 -1.30829e+00
       94  0.940 -1.31494e+00
       95  0.950 -1.32199e+00
       96  0.960 -1.32932e+00
       97  0.970 -1.33683e+00
       98  0.980 -1.34430e+00
       99  0.990 -1.35157e+00
      100  1.000 -1.35872e+00
      101  1.010 -1.36602e+00
      102  1.020 -1.37359e+00
      103  1.030 -1.38136e+00
      104  1.040 -1.38915e+00
      105  1.050 -1.39678e+00
      106  1.060 -1.40415e+00
      107  1.070 -1.41132e+00
      108  1.080 -1.41838e+00
      109  1.090 -1.42533e+00
      110  1.100 -1.43211e+00
      111  1.110 -1.43864e+00
      112  1.120 -1.44500e+00
      113  1.130 -1.45145e+00
      114  1.140 -1.45812e+00
      115  1.150 -1.46494e+00
      116  1.160 -1.47166e+00
      117  1.170 -1.47802e+00
      118  1.180 -1.48382e+00
      119  1.190 -1.48895e+00
      120  1.200 -1.49355e+00
      121  1.210 -1.49777e+00
      122  1.220 -1.50172e+00
      123  1.230 -1.50538e+00
      124  1.240 -1.50876e+00
      125  1.250 -1.51188e+00
      126  1.260 -1.51481e+00
      127  1.270 -1.51764e+00
      128  1.280 -1.52050e+00
      129  1.290 -1.52354e+00
      130  1.300 -1.52690e+00
      131  1.310 -1.53059e+00
      132  1.320 -1.53446e+00
      133  1.330 -1.53837e+00
      134  1.340 -1.54222e+00
      135  1.350 -1.54599e+00
      136  1.360 -1.54972e+00
      137  1.370 -1.55350e+00
      138  1.380 -1.55735e+00
      139  1.390 -1.56140e+00
      140  1.400 -1.56590e+00
      141  1.410 -1.57118e+00
      142  1.420 -1.57744e+00
      143  1.430 -1.58476e+00
      144  1.440 -1.59307e+00
      145  1.450 -1.60220e+00
      146  1.460 -1.61178e+00
      147  1.470 -1.62141e+00
      148  1.480 -1.63063e+00
      149  1.490 -1.63910e+00
      150  1.500 -1.64663e+00
      151  1.510 -1.65318e+00
      152  1.520 -1.65874e+00
      153  1.530 -1.66331e+00
      154  1.540 -1.66690e+00
      155  1.550 -1.66956e+00
      156  1.560 -1.67151e+00
      157  1.570 -1.67309e+00
      158  1.580 -1.67446e+00
      159  1.590 -1.67561e+00
      160  1.600 -1.67664e+00
      161  1.610 -1.67769e+00
      162  1.620 -1.67886e+00
      163  1.630 -1.68017e+00
      164  1.640 -1.68171e+00
      165  1.650 -1.68349e+00
      166  1.660 -1.68549e+00
      167  1.670 -1.68766e+00
      168  1.680 -1.68996e+00
      169  1.690 -1.69234e+00
      170  1.700 -1.69477e+00
      171  1.710 -1.69715e+00
      172  1.720 -1.69939e+00
      173  1.730 -1.70144e+00
      174  1.740 -1.70327e+00
      175  1.750 -1.70488e+00
      176  1.760 -1.70631e+00
      177  1.770 -1.70759e+00
      178  1.780 -1.70881e+00
      179  1.790 -1.71004e+00
      180  1.800 -1.71134e+00
      181  1.810 -1.71274e+00
      182  1.820 -1.71418e+00
      183  1.830 -1.71561e+00
      184  1.840 -1.71690e+00
      185  1.850 -1.71794e+00
      186  1.860 -1.71860e+00
      187  1.870 -1.71875e+00
      188  1.880 -1.71834e+00
      189  1.890 -1.71727e+00
      190  1.900 -1.71533e+00
      191  1.910 -1.71233e+00
      192  1.920 -1.70840e+00
      193  1.930 -1.70398e+00
      194  1.940 -1.69961e+00
      195  1.950 -1.69575e+00
      196  1.960 -1.69259e+00
      197  1.970 -1.69017e+00
      198  1.980 -1.68841e+00
      199  1.990 -1.68715e+00
      200  2.000 -1.68621e+00
      201  2.010 -1.68547e+00
      202  2.020 -1.68490e+00
      203  2.030 -1.68443e+00
      204  2.040 -1.68402e+00
      205  2.050 -1.68362e+00
      206  2.060 -1.68319e+00
      207  2.070 -1.68272e+00
      208  2.080 -1.68220e+00
      209  2.090 -1.68160e+00
      210  2.100 -1.68088e+00
      211  2.110 -1.68003e+00
      212  2.120 -1.67905e+00
      213  2.130 -1.67796e+00
      214  2.140 -1.67683e+00
      215  2.150 -1.67566e+00
      216  2.160 -1.67450e+00
      217  2.170 -1.67335e+00
      218  2.180 -1.67222e+00
      219  2.190 -1.67112e+00
      220  2.200 -1.67004e+00
      221  2.210 -1.66898e+00
      222  2.220 -1.66795e+00
      223  2.230 -1.66697e+00
      224  2.240 -1.66608e+00
      225  2.250 -1.66528e+00
      226  2.260 -1.66457e+00
      227  2.270 -1.66396e+00
      228  2.280 -1.66345e+00
      229  2.290 -1.66306e+00
      230  2.300 -1.66277e+00
      231  2.310 -1.66258e+00
      232  2.320 -1.66247e+00
      233  2.330 -1.66242e+00
      234  2.340 -1.66240e+00
      235  2.350 -1.66238e+00
      236  2.360 -1.66233e+00
      237  2.370 -1.66224e+00
      238  2.380 -1.66214e+00
      239  2.390 -1.66206e+00
      240  2.400 -1.66205e+00
      241  2.410 -1.66212e+00
      242  2.420 -1.66228e+00
      243  2.430 -1.66254e+00
      244  2.440 -1.66290e+00
      245  2.450 -1.66335e+00
      246  2.460 -1.66389e+00
      247  2.470 -1.66451e+00
      248  2.480 -1.66523e+00
      249  2.490 -1.66604e+00
      250  2.500 -1.66697e+00
      251  2.510 -1.66808e+00
      252  2.520 -1.66944e+00
      253  2.530 -1.67116e+00
      254  2.540 -1.67331e+00
      255  2.550 -1.67601e+00
      256  2.560 -1.67928e+00
      257  2.570 -1.68319e+00
      258  2.580 -1.68774e+00
      259  2.590 -1.69289e+00
      260  2.600 -1.69857e+00
      261  2.610 -1.70469e+00
      262  2.620 -1.71111e+00
      263  2.630 -1.71771e+00
      264  2.640 -1.72435e+00
      265  2.650 -1.73090e+00
      266  2.660 -1.73727e+00
      267  2.670 -1.74337e+00
      268  2.680 -1.74916e+00
      269  2.690 -1.75459e+00
      270  2.700 -1.75966e+00
      271  2.710 -1.76435e+00
      272  2.720 -1.76865e+00
      273  2.730 -1.77256e+00
      274  2.740 -1.77610e+00
      275  2.750 -1.77931e+00
      276  2.760 -1.78224e+00
      277  2.770 -1.78494e+00
      278  2.780 -1.78745e+00
      279  2.790 -1.78978e+00
      280  2.800 -1.79195e+00
      281  2.810 -1.79396e+00
      282  2.820 -1.79585e+00
      283  2.830 -1.79763e+00
      284  2.840 -1.79929e+00
      285  2.850 -1.80086e+00
      286  2.860 -1.80235e+00
      287  2.870 -1.80377e+00
      288  2.880 -1.80512e+00
      289  2.890 -1.80640e+00
      290  2.900 -1.80763e+00
      291  2.910 -1.80878e+00
      292  2.920 -1.80988e+00
      293  2.930 -1.81092e+00
      294  2.940 -1.81192e+00
      295  2.950 -1.81288e+00
      296  2.960 -1.81381e+00
      297  2.970 -1.81474e+00
      298  2.980 -1.81567e+00
      299  2.990 -1.81661e+00
      300  3.000 -1.81757e+00
      301  3.010 -1.81856e+00
      302  3.020 -1.81957e+00
      303  3.030 -1.82061e+00
      304  3.040 -1.82168e+00
      305  3.050 -1.82276e+00
      306  3.060 -1.82386e+00
      307  3.070 -1.82498e+00
      308  3.080 -1.82613e+00
      309  3.090 -1.82732e+00
      310  3.100 -1.82859e+00
      311  3.110 -1.82995e+00
      312  3.120 -1.83142e+00
      313  3.130 -1.83301e+00
      314  3.140 -1.83472e+00
      315  3.150 -1.83652e+00
      316  3.160 -1.83840e+00
      317  3.170 -1.84034e+00
      318  3.180 -1.84230e+00
      319  3.190 -1.84424e+00
      320  3.200 -1.84612e+00
      321  3.210 -1.84789e+00
      322  3.220 -1.84951e+00
      323  3.230 -1.85091e+00
      324  3.240 -1.85205e+00
      325  3.250 -1.85284e+00
      326  3.260 -1.85325e+00
      327  3.270 -1.85326e+00
      328  3.280 -1.85291e+00
      329  3.290 -1.85229e+00
      330  3.300 -1.85152e+00
      331  3.310 -1.85075e+00
      332  3.320 -1.85013e+00
      333  3.330 -1.84982e+00
      334  3.340 -1.84994e+00
      335  3.350 -1.85060e+00
      336  3.360 -1.85188e+00
      337  3.370 -1.85383e+00
      338  3.380 -1.85647e+00
      339  3.390 -1.85981e+00
      340  3.400 -1.86383e+00
      341  3.410 -1.86849e+00
      342  3.420 -1.87376e+00
      343  3.430 -1.87958e+00
      344  3.440 -1.88585e+00
      345  3.450 -1.89248e+00
      346  3.460 -1.89936e+00
      347  3.470 -1.90634e+00
      348  3.480 -1.91331e+00
      349  3.490 -1.92012e+00
      350  3.500 -1.92668e+00
      351  3.510 -1.93289e+00
      352  3.520 -1.93872e+00
      353  3.530 -1.94411e+00
      354  3.540 -1.94904e+00
      355  3.550 -1.95350e+00
      356  3.560 -1.95746e+00
      357  3.570 -1.96094e+00
      358  3.580 -1.96394e+00
      359  3.590 -1.96648e+00
      360  3.600 -1.96858e+00
      361  3.610 -1.97028e+00
      362  3.620 -1.97162e+00
      363  3.630 -1.97266e+00
      364  3.640 -1.97346e+00
      365  3.650 -1.97405e+00
      366  3.660 -1.97445e+00
      367  3.670 -1.97465e+00
      368  3.680 -1.97465e+00
      369  3.690 -1.97449e+00
      370  3.700 -1.97419e+00
      371  3.710 -1.97379e+00
      372  3.720 -1.97332e+00
      373  3.730 -1.97279e+00
      374  3.740 -1.97223e+00
      375  3.750 -1.97164e+00
      376  3.760 -1.97104e+00
      377  3.770 -1.97046e+00
      378  3.780 -1.96993e+00
      379  3.790 -1.96947e+00
      380  3.800 -1.96910e+00
      381  3.810 -1.96883e+00
      382  3.820 -1.96867e+00
      383  3.830 -1.96863e+00
      384  3.840 -1.96871e+00
      385  3.850 -1.96890e+00
      386  3.860 -1.96919e+00
      387  3.870 -1.96957e+00
      388  3.880 -1.97000e+00
      389  3.890 -1.97047e+00
      390  3.900 -1.97096e+00
      391  3.910 -1.97145e+00
      392  3.920 -1.97193e+00
      393  3.930 -1.97239e+00
      394  3.940 -1.97282e+00
      395  3.950 -1.97319e+00
      396  3.960 -1.97348e+00
      397  3.970 -1.97367e+00
      398  3.980 -1.97374e+00
      399  3.990 -1.97369e+00
      400  4.000 -1.97353e+00
      401  4.010 -1.97325e+00
      402  4.020 -1.97286e+00
      403  4.030 -1.97237e+00
      404  4.040 -1.97180e+00
      405  4.050 -1.97115e+00
      406  4.060 -1.97044e+00
      407  4.070 -1.96968e+00
      408  4.080 -1.96887e+00
      409  4.090 -1.96803e+00
      410  4.100 -1.96718e+00
      411  4.110 -1.96632e+00
      412  4.120 -1.96545e+00
      413  4.130 -1.96459e+00
      414  4.140 -1.96373e+00
      415  4.150 -1.96284e+00
      416  4.160 -1.96191e+00
      417  4.170 -1.96092e+00
      418  4.180 -1.95982e+00
      419  4.190 -1.95859e+00
      420  4.200 -1.95720e+00
      421  4.210 -1.95562e+00
      422  4.220 -1.95378e+00
      423  4.230 -1.95164e+00
      424  4.240 -1.94912e+00
      425  4.250 -1.94615e+00
      426  4.260 -1.94269e+00
      427  4.270 -1.93875e+00
      428  4.280 -1.93438e+00
      429  4.290 -1.92966e+00
      430  4.300 -1.92473e+00
      431  4.310 -1.91973e+00
      432  4.320 -1.91478e+00
      433  4.330 -1.91004e+00
      434  4.340 -1.90561e+00
      435  4.350 -1.90160e+00
      436  4.360 -1.89807e+00
      437  4.370 -1.89510e+00
      438  4.380 -1.89271e+00
      439  4.390 -1.89093e+00
      440  4.400 -1.88975e+00
      441  4.410 -1.88916e+00
      442  4.420 -1.88914e+00
      443  4.430 -1.88969e+00
      444  4.440 -1.89078e+00
      445  4.450 -1.89243e+00
      446  4.460 -1.89464e+00
      447  4.470 -1.89742e+00
      448  4.480 -1.90078e+00
      449  4.490 -1.90473e+00
      450  4.500 -1.90930e+00
      451  4.510 -1.91448e+00
      452  4.520 -1.92030e+00
      453  4.530 -1.92677e+00
      454  4.540 -1.93388e+00
      455  4.550 -1.94163e+00
      456  4.560 -1.95001e+00
      457  4.570 -1.95898e+00
      458  4.580 -1.96851e+00
      459  4.590 -1.97854e+00
      460  4.600 -1.98901e+00
      461  4.610 -1.99985e+00
      462  4.620 -2.01098e+00
      463  4.630 -2.02231e+00
      464  4.640 -2.03372e+00
      465  4.650 -2.04513e+00
      466  4.660 -2.05643e+00
      467  4.670 -2.06751e+00
      468  4.680 -2.07827e+00
      469  4.690 -2.08861e+00
      470  4.700 -2.09842e+00
