        1  0.010 -8.02065e-01
        2  0.020 -8.02777e-01
        3  0.030 -8.04274e-01
        4  0.040 -8.06740e-01
        5  0.050 -8.08434e-01
        6  0.060 -8.07842e-01
        7  0.070 -8.05050e-01
        8  0.080 -7.99708e-01
        9  0.090 -7.92585e-01
       10  0.100 -7.86143e-01
       11  0.110 -7.82526e-01
       12  0.120 -7.83056e-01
       13  0.130 -7.86791e-01
       14  0.140 -7.91373e-01
       15  0.150 -7.95837e-01
       16  0.160 -8.00044e-01
       17  0.170 -8.04271e-01
       18  0.180 -8.09006e-01
       19  0.190 -8.14617e-01
       20  0.200 -8.20928e-01
       21  0.210 -8.27050e-01
       22  0.220 -8.32627e-01
       23  0.230 -8.38197e-01
       24  0.240 -8.44514e-01
       25  0.250 -8.52161e-01
       26  0.260 -8.61112e-01
       27  0.270 -8.70628e-01
       28  0.280 -8.80019e-01
       29  0.290 -8.89063e-01
       30  0.300 -8.97918e-01
       31  0.310 -9.06866e-01
       32  0.320 -9.16019e-01
       33  0.330 -9.25396e-01
       34  0.340 -9.34902e-01
       35  0.350 -9.44346e-01
       36  0.360 -9.53615e-01
       37  0.370 -9.62922e-01
       38  0.380 -9.72535e-01
       39  0.390 -9.82476e-01
       40  0.400 -9.92630e-01
       41  0.410 -1.00275e+00
       42  0.420 -1.01260e+00
       43  0.430 -1.02200e+00
       44  0.440 -1.03093e+00
       45  0.450 -1.03940e+00
       46  0.460 -1.04743e+00
       47  0.470 -1.05505e+00
       48  0.480 -1.06225e+00
       49  0.490 -1.06910e+00
       50  0.500 -1.07560e+00
       51  0.510 -1.08173e+00
       52  0.520 -1.08751e+00
       53  0.530 -1.09291e+00
       54  0.540 -1.09798e+00
       55  0.550 -1.10282e+00
       56  0.560 -1.10758e+00
       57  0.570 -1.11232e+00
       58  0.580 -1.11704e+00
       59  0.590 -1.12171e+00
       60  0.600 -1.12627e+00
       61  0.610 -1.13062e+00
       62  0.620 -1.13473e+00
       63  0.630 -1.13859e+00
       64  0.640 -1.14217e+00
       65  0.650 -1.14547e+00
       66  0.660 -1.14857e+00
       67  0.670 -1.15153e+00
       68  0.680 -1.15442e+00
       69  0.690 -1.15733e+00
       70  0.700 -1.16037e+00
       71  0.710 -1.16357e+00
       72  0.720 -1.16691e+00
       73  0.730 -1.17036e+00
       74  0.740 -1.17386e+00
       75  0.750 -1.17729e+00
       76  0.760 -1.18045e+00
       77  0.770 -1.18322e+00
       78  0.780 -1.18552e+00
       79  0.790 -1.18733e+00
       80  0.800 -1.18874e+00
       81  0.810 -1.18985e+00
       82  0.820 -1.19074e+00
       83  0.830 -1.19141e+00
       84  0.840 -1.19182e+00
       85  0.850 -1.19187e+00
       86  0.860 -1.19129e+00
       87  0.870 -1.18968e+00
       88  0.880 -1.18679e+00
       89  0.890 -1.18284e+00
       90  0.900 -1.17826e+00
       91  0.910 -1.17354e+00
       92  0.920 -1.16914e+00
       93  0.930 -1.16546e+00
       94  0.940 -1.16281e+00
       95  0.950 -1.16128e+00
       96  0.960 -1.16067e+00
       97  0.970 -1.16073e+00
       98  0.980 -1.16132e+00
       99  0.990 -1.16237e+00
      100  1.000 -1.16377e+00
      101  1.010 -1.16546e+00
      102  1.020 -1.16737e+00
      103  1.030 -1.16948e+00
      104  1.040 -1.17173e+00
      105  1.050 -1.17412e+00
      106  1.060 -1.17659e+00
      107  1.070 -1.17912e+00
      108  1.080 -1.18169e+00
      109  1.090 -1.18423e+00
      110  1.100 -1.18667e+00
      111  1.110 -1.18898e+00
      112  1.120 -1.19114e+00
      113  1.130 -1.19313e+00
      114  1.140 -1.19498e+00
      115  1.150 -1.19669e+00
      116  1.160 -1.19828e+00
      117  1.170 -1.19976e+00
      118  1.180 -1.20116e+00
      119  1.190 -1.20254e+00
      120  1.200 -1.20395e+00
      121  1.210 -1.20541e+00
      122  1.220 -1.20696e+00
      123  1.230 -1.20859e+00
      124  1.240 -1.21030e+00
      125  1.250 -1.21206e+00
      126  1.260 -1.21384e+00
      127  1.270 -1.21563e+00
      128  1.280 -1.21742e+00
      129  1.290 -1.21926e+00
      130  1.300 -1.22119e+00
      131  1.310 -1.22324e+00
      132  1.320 -1.22550e+00
      133  1.330 -1.22798e+00
      134  1.340 -1.23073e+00
      135  1.350 -1.23375e+00
      136  1.360 -1.23702e+00
      137  1.370 -1.24052e+00
      138  1.380 -1.24423e+00
      139  1.390 -1.24811e+00
      140  1.400 -1.25211e+00
      141  1.410 -1.25621e+00
      142  1.420 -1.26036e+00
      143  1.430 -1.26455e+00
      144  1.440 -1.26878e+00
      145  1.450 -1.27307e+00
      146  1.460 -1.27743e+00
      147  1.470 -1.28190e+00
      148  1.480 -1.28651e+00
      149  1.490 -1.29126e+00
      150  1.500 -1.29615e+00
      151  1.510 -1.30116e+00
      152  1.520 -1.30625e+00
      153  1.530 -1.31140e+00
      154  1.540 -1.31657e+00
      155  1.550 -1.32174e+00
      156  1.560 -1.32691e+00
      157  1.570 -1.33206e+00
      158  1.580 -1.33717e+00
      159  1.590 -1.34222e+00
      160  1.600 -1.34718e+00
      161  1.610 -1.35202e+00
      162  1.620 -1.35672e+00
      163  1.630 -1.36123e+00
      164  1.640 -1.36554e+00
      165  1.650 -1.36964e+00
      166  1.660 -1.37353e+00
      167  1.670 -1.37717e+00
      168  1.680 -1.38057e+00
      169  1.690 -1.38373e+00
      170  1.700 -1.38663e+00
      171  1.710 -1.38925e+00
      172  1.720 -1.39157e+00
      173  1.730 -1.39351e+00
      174  1.740 -1.39498e+00
      175  1.750 -1.39592e+00
      176  1.760 -1.39632e+00
      177  1.770 -1.39622e+00
      178  1.780 -1.39571e+00
      179  1.790 -1.39492e+00
      180  1.800 -1.39399e+00
      181  1.810 -1.39303e+00
      182  1.820 -1.39217e+00
      183  1.830 -1.39151e+00
      184  1.840 -1.39114e+00
      185  1.850 -1.39112e+00
      186  1.860 -1.39145e+00
      187  1.870 -1.39211e+00
      188  1.880 -1.39303e+00
      189  1.890 -1.39417e+00
      190  1.900 -1.39547e+00
      191  1.910 -1.39692e+00
      192  1.920 -1.39848e+00
      193  1.930 -1.40014e+00
      194  1.940 -1.40189e+00
      195  1.950 -1.40370e+00
      196  1.960 -1.40553e+00
      197  1.970 -1.40737e+00
      198  1.980 -1.40920e+00
      199  1.990 -1.41100e+00
      200  2.000 -1.41276e+00
      201  2.010 -1.41447e+00
      202  2.020 -1.41616e+00
      203  2.030 -1.41781e+00
      204  2.040 -1.41947e+00
      205  2.050 -1.42116e+00
      206  2.060 -1.42290e+00
      207  2.070 -1.42474e+00
      208  2.080 -1.42670e+00
      209  2.090 -1.42884e+00
      210  2.100 -1.43121e+00
      211  2.110 -1.43385e+00
      212  2.120 -1.43677e+00
      213  2.130 -1.43999e+00
      214  2.140 -1.44353e+00
      215  2.150 -1.44738e+00
      216  2.160 -1.45152e+00
      217  2.170 -1.45593e+00
      218  2.180 -1.46056e+00
      219  2.190 -1.46537e+00
