# SDSS DR7 selection function from McGreer et al. (2013)
# corrected for cosmology in M1450
# corrected for photometric and spectroscopic incompleteness
# this is only for the riz inclusion box and not for griz stellar locus outlier selection
# -> maybe not trustworthy at z<4.6, Richards et al. selection function is ~1 but McGreer's is ~0
# counter  z     M1450  p
        1  4.525 -29.78 0.00000
        2  4.525 -29.68 0.00000
        3  4.525 -29.58 0.00000
        4  4.525 -29.48 0.00000
        5  4.525 -29.38 0.00000
        6  4.525 -29.28 0.00451
        7  4.525 -29.18 0.00000
        8  4.525 -29.08 0.00451
        9  4.525 -28.98 0.00451
       10  4.525 -28.88 0.00451
       11  4.525 -28.78 0.00000
       12  4.525 -28.68 0.00451
       13  4.525 -28.58 0.00451
       14  4.525 -28.48 0.04513
       15  4.525 -28.38 0.04513
       16  4.525 -28.28 0.09928
       17  4.525 -28.18 0.11281
       18  4.525 -28.08 0.12635
       19  4.525 -27.98 0.14440
       20  4.525 -27.88 0.14891
       21  4.525 -27.78 0.11732
       22  4.525 -27.68 0.14891
       23  4.525 -27.58 0.11732
       24  4.525 -27.48 0.13989
       25  4.525 -27.38 0.13538
       26  4.525 -27.28 0.13538
       27  4.525 -27.18 0.13086
       28  4.525 -27.08 0.16245
       29  4.525 -26.98 0.11281
       30  4.525 -26.88 0.12635
       31  4.525 -26.78 0.10379
       32  4.525 -26.68 0.13086
       33  4.525 -26.58 0.11281
       34  4.525 -26.48 0.13086
       35  4.525 -26.38 0.15343
       36  4.525 -26.28 0.15794
       37  4.525 -26.18 0.13989
       38  4.525 -26.08 0.11732
       39  4.525 -25.98 0.14891
       40  4.525 -25.88 0.18050
       41  4.525 -25.78 0.17147
       42  4.525 -25.68 0.02256
       43  4.525 -25.58 0.00451
       44  4.525 -25.48 0.00451
       45  4.525 -25.38 0.00000
       46  4.525 -25.28 0.00000
       47  4.525 -25.18 0.00000
       48  4.525 -25.08 0.00000
       49  4.525 -24.98 0.00000
       50  4.525 -24.88 0.00000
       51  4.525 -24.78 0.00000
       52  4.525 -24.68 0.00000
       53  4.525 -24.58 0.00000
       54  4.575 -29.78 0.00000
       55  4.575 -29.68 0.00451
       56  4.575 -29.58 0.00000
       57  4.575 -29.48 0.00000
       58  4.575 -29.38 0.00000
       59  4.575 -29.28 0.00451
       60  4.575 -29.18 0.00451
       61  4.575 -29.08 0.00451
       62  4.575 -28.98 0.02256
       63  4.575 -28.88 0.05866
       64  4.575 -28.78 0.11732
       65  4.575 -28.68 0.14891
       66  4.575 -28.58 0.27977
       67  4.575 -28.48 0.28429
       68  4.575 -28.38 0.32941
       69  4.575 -28.28 0.35649
       70  4.575 -28.18 0.55504
       71  4.575 -28.08 0.57309
       72  4.575 -27.98 0.50540
       73  4.575 -27.88 0.51894
       74  4.575 -27.78 0.60919
       75  4.575 -27.68 0.57309
       76  4.575 -27.58 0.61370
       77  4.575 -27.48 0.60016
       78  4.575 -27.38 0.54150
       79  4.575 -27.28 0.54150
       80  4.575 -27.18 0.57309
       81  4.575 -27.08 0.53247
       82  4.575 -26.98 0.53699
       83  4.575 -26.88 0.42417
       84  4.575 -26.78 0.48735
       85  4.575 -26.68 0.55955
       86  4.575 -26.58 0.51442
       87  4.575 -26.48 0.44674
       88  4.575 -26.38 0.47381
       89  4.575 -26.28 0.50089
       90  4.575 -26.18 0.43320
       91  4.575 -26.08 0.41966
       92  4.575 -25.98 0.43320
       93  4.575 -25.88 0.45125
       94  4.575 -25.78 0.32490
       95  4.575 -25.68 0.05415
       96  4.575 -25.58 0.01354
       97  4.575 -25.48 0.00451
       98  4.575 -25.38 0.00000
       99  4.575 -25.28 0.00000
      100  4.575 -25.18 0.00000
      101  4.575 -25.08 0.00000
      102  4.575 -24.98 0.00000
      103  4.575 -24.88 0.00000
      104  4.575 -24.78 0.00000
      105  4.575 -24.68 0.00000
      106  4.575 -24.58 0.00000
      107  4.625 -29.78 0.00903
      108  4.625 -29.68 0.00451
      109  4.625 -29.58 0.01354
      110  4.625 -29.48 0.02708
      111  4.625 -29.38 0.03159
      112  4.625 -29.28 0.04061
      113  4.625 -29.18 0.08123
      114  4.625 -29.08 0.12635
      115  4.625 -28.98 0.20758
      116  4.625 -28.88 0.30234
      117  4.625 -28.78 0.32490
      118  4.625 -28.68 0.43771
      119  4.625 -28.58 0.53247
      120  4.625 -28.48 0.60016
      121  4.625 -28.38 0.65883
      122  4.625 -28.28 0.72200
      123  4.625 -28.18 0.80322
      124  4.625 -28.08 0.81225
      125  4.625 -27.98 0.81225
      126  4.625 -27.88 0.82579
      127  4.625 -27.78 0.83030
      128  4.625 -27.68 0.84835
      129  4.625 -27.58 0.84835
      130  4.625 -27.48 0.85286
      131  4.625 -27.38 0.82127
      132  4.625 -27.28 0.83030
      133  4.625 -27.18 0.83030
      134  4.625 -27.08 0.80322
      135  4.625 -26.98 0.80774
      136  4.625 -26.88 0.78969
      137  4.625 -26.78 0.75810
      138  4.625 -26.68 0.77615
      139  4.625 -26.58 0.80774
      140  4.625 -26.48 0.73554
      141  4.625 -26.38 0.72200
      142  4.625 -26.28 0.74907
      143  4.625 -26.18 0.75359
      144  4.625 -26.08 0.74907
      145  4.625 -25.98 0.62273
      146  4.625 -25.88 0.64077
      147  4.625 -25.78 0.52345
      148  4.625 -25.68 0.22111
      149  4.625 -25.58 0.00451
      150  4.625 -25.48 0.00451
      151  4.625 -25.38 0.00000
      152  4.625 -25.28 0.00000
      153  4.625 -25.18 0.00451
      154  4.625 -25.08 0.00000
      155  4.625 -24.98 0.00000
      156  4.625 -24.88 0.00000
      157  4.625 -24.78 0.00000
      158  4.625 -24.68 0.00000
      159  4.625 -24.58 0.00000
      160  4.675 -29.78 0.01354
      161  4.675 -29.68 0.07220
      162  4.675 -29.58 0.06318
      163  4.675 -29.48 0.09928
      164  4.675 -29.38 0.18501
      165  4.675 -29.28 0.24819
      166  4.675 -29.18 0.34295
      167  4.675 -29.08 0.39710
      168  4.675 -28.98 0.53247
      169  4.675 -28.88 0.54601
      170  4.675 -28.78 0.60467
      171  4.675 -28.68 0.64529
      172  4.675 -28.58 0.69944
      173  4.675 -28.48 0.77615
      174  4.675 -28.38 0.80774
      175  4.675 -28.28 0.80774
      176  4.675 -28.18 0.87091
      177  4.675 -28.08 0.87091
      178  4.675 -27.98 0.88445
      179  4.675 -27.88 0.87994
      180  4.675 -27.78 0.89347
      181  4.675 -27.68 0.87994
      182  4.675 -27.58 0.88896
      183  4.675 -27.48 0.89347
      184  4.675 -27.38 0.86640
      185  4.675 -27.28 0.87994
      186  4.675 -27.18 0.87543
      187  4.675 -27.08 0.87543
      188  4.675 -26.98 0.87543
      189  4.675 -26.88 0.89799
      190  4.675 -26.78 0.85737
      191  4.675 -26.68 0.83933
      192  4.675 -26.58 0.84835
      193  4.675 -26.48 0.84835
      194  4.675 -26.38 0.86640
      195  4.675 -26.28 0.83481
      196  4.675 -26.18 0.82127
      197  4.675 -26.08 0.82579
      198  4.675 -25.98 0.80322
      199  4.675 -25.88 0.81225
      200  4.675 -25.78 0.54601
      201  4.675 -25.68 0.25270
      202  4.675 -25.58 0.02256
      203  4.675 -25.48 0.01805
      204  4.675 -25.38 0.00000
      205  4.675 -25.28 0.00000
      206  4.675 -25.18 0.00000
      207  4.675 -25.08 0.00000
      208  4.675 -24.98 0.00000
      209  4.675 -24.88 0.00000
      210  4.675 -24.78 0.00000
      211  4.675 -24.68 0.00000
      212  4.675 -24.58 0.00000
      213  4.725 -29.78 0.23014
      214  4.725 -29.68 0.26624
      215  4.725 -29.58 0.29331
      216  4.725 -29.48 0.32490
      217  4.725 -29.38 0.42869
      218  4.725 -29.28 0.59114
      219  4.725 -29.18 0.57309
      220  4.725 -29.08 0.61370
      221  4.725 -28.98 0.67236
      222  4.725 -28.88 0.68590
      223  4.725 -28.78 0.74005
      224  4.725 -28.68 0.82127
      225  4.725 -28.58 0.83933
      226  4.725 -28.48 0.84384
      227  4.725 -28.38 0.86640
      228  4.725 -28.28 0.87091
      229  4.725 -28.18 0.88445
      230  4.725 -28.08 0.87543
      231  4.725 -27.98 0.89347
      232  4.725 -27.88 0.88896
      233  4.725 -27.78 0.88896
      234  4.725 -27.68 0.88896
      235  4.725 -27.58 0.88896
      236  4.725 -27.48 0.87994
      237  4.725 -27.38 0.88445
      238  4.725 -27.28 0.89347
      239  4.725 -27.18 0.87994
      240  4.725 -27.08 0.86640
      241  4.725 -26.98 0.88445
      242  4.725 -26.88 0.89799
      243  4.725 -26.78 0.87543
      244  4.725 -26.68 0.87543
      245  4.725 -26.58 0.85737
      246  4.725 -26.48 0.89347
      247  4.725 -26.38 0.87543
      248  4.725 -26.28 0.84384
      249  4.725 -26.18 0.84835
      250  4.725 -26.08 0.82579
      251  4.725 -25.98 0.85737
      252  4.725 -25.88 0.76261
      253  4.725 -25.78 0.64529
      254  4.725 -25.68 0.18952
      255  4.725 -25.58 0.04964
      256  4.725 -25.48 0.00000
      257  4.725 -25.38 0.00000
      258  4.725 -25.28 0.00000
      259  4.725 -25.18 0.00000
      260  4.725 -25.08 0.00000
      261  4.725 -24.98 0.00000
      262  4.725 -24.88 0.00000
      263  4.725 -24.78 0.00000
      264  4.725 -24.68 0.00000
      265  4.725 -24.58 0.00000
      266  4.775 -29.78 0.46930
      267  4.775 -29.68 0.49186
      268  4.775 -29.58 0.55504
      269  4.775 -29.48 0.61370
      270  4.775 -29.38 0.63626
      271  4.775 -29.28 0.65883
      272  4.775 -29.18 0.73102
      273  4.775 -29.08 0.76261
      274  4.775 -28.98 0.78518
      275  4.775 -28.88 0.83933
      276  4.775 -28.78 0.82579
      277  4.775 -28.68 0.83933
      278  4.775 -28.58 0.85737
      279  4.775 -28.48 0.87091
      280  4.775 -28.38 0.86640
      281  4.775 -28.28 0.87091
      282  4.775 -28.18 0.86640
      283  4.775 -28.08 0.88896
      284  4.775 -27.98 0.87994
      285  4.775 -27.88 0.87994
      286  4.775 -27.78 0.88445
      287  4.775 -27.68 0.89799
      288  4.775 -27.58 0.89347
      289  4.775 -27.48 0.88896
      290  4.775 -27.38 0.89799
      291  4.775 -27.28 0.87091
      292  4.775 -27.18 0.85737
      293  4.775 -27.08 0.87543
      294  4.775 -26.98 0.87091
      295  4.775 -26.88 0.87543
      296  4.775 -26.78 0.85286
      297  4.775 -26.68 0.85737
      298  4.775 -26.58 0.85737
      299  4.775 -26.48 0.87543
      300  4.775 -26.38 0.83481
      301  4.775 -26.28 0.87543
      302  4.775 -26.18 0.87543
      303  4.775 -26.08 0.84835
      304  4.775 -25.98 0.84835
      305  4.775 -25.88 0.74456
      306  4.775 -25.78 0.50089
      307  4.775 -25.68 0.15794
      308  4.775 -25.58 0.01805
      309  4.775 -25.48 0.00451
      310  4.775 -25.38 0.00000
      311  4.775 -25.28 0.00000
      312  4.775 -25.18 0.00000
      313  4.775 -25.08 0.00000
      314  4.775 -24.98 0.00000
      315  4.775 -24.88 0.00000
      316  4.775 -24.78 0.00000
      317  4.775 -24.68 0.00000
      318  4.775 -24.58 0.00000
      319  4.825 -29.78 0.57309
      320  4.825 -29.68 0.63626
      321  4.825 -29.58 0.68139
      322  4.825 -29.48 0.68139
      323  4.825 -29.38 0.67236
      324  4.825 -29.28 0.77615
      325  4.825 -29.18 0.77164
      326  4.825 -29.08 0.80774
      327  4.825 -28.98 0.78969
      328  4.825 -28.88 0.81676
      329  4.825 -28.78 0.82579
      330  4.825 -28.68 0.83481
      331  4.825 -28.58 0.87994
      332  4.825 -28.48 0.86640
      333  4.825 -28.38 0.84384
      334  4.825 -28.28 0.87091
      335  4.825 -28.18 0.86640
      336  4.825 -28.08 0.87543
      337  4.825 -27.98 0.88445
      338  4.825 -27.88 0.87994
      339  4.825 -27.78 0.85737
      340  4.825 -27.68 0.85286
      341  4.825 -27.58 0.86189
      342  4.825 -27.48 0.87994
      343  4.825 -27.38 0.83481
      344  4.825 -27.28 0.83933
      345  4.825 -27.18 0.86189
      346  4.825 -27.08 0.84384
      347  4.825 -26.98 0.85737
      348  4.825 -26.88 0.83481
      349  4.825 -26.78 0.84835
      350  4.825 -26.68 0.86189
      351  4.825 -26.58 0.80774
      352  4.825 -26.48 0.84384
      353  4.825 -26.38 0.84835
      354  4.825 -26.28 0.84384
      355  4.825 -26.18 0.83933
      356  4.825 -26.08 0.79871
      357  4.825 -25.98 0.74456
      358  4.825 -25.88 0.56406
      359  4.825 -25.78 0.25270
      360  4.825 -25.68 0.08574
      361  4.825 -25.58 0.01805
      362  4.825 -25.48 0.00000
      363  4.825 -25.38 0.00000
      364  4.825 -25.28 0.00000
      365  4.825 -25.18 0.00000
      366  4.825 -25.08 0.00000
      367  4.825 -24.98 0.00000
      368  4.825 -24.88 0.00000
      369  4.825 -24.78 0.00000
      370  4.825 -24.68 0.00000
      371  4.825 -24.58 0.00000
      372  4.875 -29.78 0.62724
      373  4.875 -29.68 0.60016
      374  4.875 -29.58 0.64077
      375  4.875 -29.48 0.71749
      376  4.875 -29.38 0.67236
      377  4.875 -29.28 0.74456
      378  4.875 -29.18 0.68590
      379  4.875 -29.08 0.72200
      380  4.875 -28.98 0.75810
      381  4.875 -28.88 0.75359
      382  4.875 -28.78 0.76713
      383  4.875 -28.68 0.74907
      384  4.875 -28.58 0.76261
      385  4.875 -28.48 0.75359
      386  4.875 -28.38 0.78066
      387  4.875 -28.28 0.78066
      388  4.875 -28.18 0.76261
      389  4.875 -28.08 0.78518
      390  4.875 -27.98 0.79871
      391  4.875 -27.88 0.80322
      392  4.875 -27.78 0.78066
      393  4.875 -27.68 0.78066
      394  4.875 -27.58 0.79871
      395  4.875 -27.48 0.80774
      396  4.875 -27.38 0.82127
      397  4.875 -27.28 0.77615
      398  4.875 -27.18 0.78066
      399  4.875 -27.08 0.77615
      400  4.875 -26.98 0.74005
      401  4.875 -26.88 0.79871
      402  4.875 -26.78 0.77615
      403  4.875 -26.68 0.81676
      404  4.875 -26.58 0.80322
      405  4.875 -26.48 0.81225
      406  4.875 -26.38 0.76713
      407  4.875 -26.28 0.77615
      408  4.875 -26.18 0.74907
      409  4.875 -26.08 0.73554
      410  4.875 -25.98 0.60467
      411  4.875 -25.88 0.29331
      412  4.875 -25.78 0.08574
      413  4.875 -25.68 0.01354
      414  4.875 -25.58 0.00000
      415  4.875 -25.48 0.00000
      416  4.875 -25.38 0.00000
      417  4.875 -25.28 0.00000
      418  4.875 -25.18 0.00000
      419  4.875 -25.08 0.00000
      420  4.875 -24.98 0.00000
      421  4.875 -24.88 0.00000
      422  4.875 -24.78 0.00000
      423  4.875 -24.68 0.00000
      424  4.875 -24.58 0.00000
      425  4.925 -29.78 0.49186
      426  4.925 -29.68 0.53699
      427  4.925 -29.58 0.50991
      428  4.925 -29.48 0.57760
      429  4.925 -29.38 0.53699
      430  4.925 -29.28 0.57760
      431  4.925 -29.18 0.56406
      432  4.925 -29.08 0.57760
      433  4.925 -28.98 0.54150
      434  4.925 -28.88 0.55053
      435  4.925 -28.78 0.60467
      436  4.925 -28.68 0.59565
      437  4.925 -28.58 0.59565
      438  4.925 -28.48 0.61821
      439  4.925 -28.38 0.69041
      440  4.925 -28.28 0.65431
      441  4.925 -28.18 0.66334
      442  4.925 -28.08 0.59565
      443  4.925 -27.98 0.67687
      444  4.925 -27.88 0.66785
      445  4.925 -27.78 0.66334
      446  4.925 -27.68 0.69041
      447  4.925 -27.58 0.67687
      448  4.925 -27.48 0.68139
      449  4.925 -27.38 0.70395
      450  4.925 -27.28 0.65431
      451  4.925 -27.18 0.68139
      452  4.925 -27.08 0.69944
      453  4.925 -26.98 0.69041
      454  4.925 -26.88 0.69493
      455  4.925 -26.78 0.67687
      456  4.925 -26.68 0.72200
      457  4.925 -26.58 0.68139
      458  4.925 -26.48 0.68139
      459  4.925 -26.38 0.72200
      460  4.925 -26.28 0.65431
      461  4.925 -26.18 0.64529
      462  4.925 -26.08 0.58211
      463  4.925 -25.98 0.31587
      464  4.925 -25.88 0.13989
      465  4.925 -25.78 0.03610
      466  4.925 -25.68 0.00451
      467  4.925 -25.58 0.00000
      468  4.925 -25.48 0.00000
      469  4.925 -25.38 0.00000
      470  4.925 -25.28 0.00000
      471  4.925 -25.18 0.00000
      472  4.925 -25.08 0.00000
      473  4.925 -24.98 0.00000
      474  4.925 -24.88 0.00000
      475  4.925 -24.78 0.00000
      476  4.925 -24.68 0.00000
      477  4.925 -24.58 0.00000
      478  4.975 -29.78 0.30234
      479  4.975 -29.68 0.34746
      480  4.975 -29.58 0.34746
      481  4.975 -29.48 0.37003
      482  4.975 -29.38 0.40612
      483  4.975 -29.28 0.38356
      484  4.975 -29.18 0.36100
      485  4.975 -29.08 0.41515
      486  4.975 -28.98 0.42417
      487  4.975 -28.88 0.42869
      488  4.975 -28.78 0.37454
      489  4.975 -28.68 0.48284
      490  4.975 -28.58 0.46027
      491  4.975 -28.48 0.48735
      492  4.975 -28.38 0.50540
      493  4.975 -28.28 0.50089
      494  4.975 -28.18 0.45576
      495  4.975 -28.08 0.49638
      496  4.975 -27.98 0.50540
      497  4.975 -27.88 0.53699
      498  4.975 -27.78 0.55053
      499  4.975 -27.68 0.50089
      500  4.975 -27.58 0.52796
      501  4.975 -27.48 0.56858
      502  4.975 -27.38 0.57309
      503  4.975 -27.28 0.56858
      504  4.975 -27.18 0.56406
      505  4.975 -27.08 0.54601
      506  4.975 -26.98 0.58662
      507  4.975 -26.88 0.59565
      508  4.975 -26.78 0.57760
      509  4.975 -26.68 0.53699
      510  4.975 -26.58 0.62273
      511  4.975 -26.48 0.55053
      512  4.975 -26.38 0.54601
      513  4.975 -26.28 0.56858
      514  4.975 -26.18 0.52345
      515  4.975 -26.08 0.34746
      516  4.975 -25.98 0.16696
      517  4.975 -25.88 0.02708
      518  4.975 -25.78 0.00451
      519  4.975 -25.68 0.00451
      520  4.975 -25.58 0.00000
      521  4.975 -25.48 0.00000
      522  4.975 -25.38 0.00000
      523  4.975 -25.28 0.00000
      524  4.975 -25.18 0.00000
      525  4.975 -25.08 0.00000
      526  4.975 -24.98 0.00000
      527  4.975 -24.88 0.00000
      528  4.975 -24.78 0.00000
      529  4.975 -24.68 0.00000
      530  4.975 -24.58 0.00000
      531  5.025 -29.78 0.13538
      532  5.025 -29.68 0.19855
      533  5.025 -29.58 0.18050
      534  5.025 -29.48 0.15794
      535  5.025 -29.38 0.24368
      536  5.025 -29.28 0.20306
      537  5.025 -29.18 0.18501
      538  5.025 -29.08 0.18952
      539  5.025 -28.98 0.26172
      540  5.025 -28.88 0.21209
      541  5.025 -28.78 0.23916
      542  5.025 -28.68 0.27075
      543  5.025 -28.58 0.25270
      544  5.025 -28.48 0.27526
      545  5.025 -28.38 0.29783
      546  5.025 -28.28 0.32039
      547  5.025 -28.18 0.30234
      548  5.025 -28.08 0.32039
      549  5.025 -27.98 0.38807
      550  5.025 -27.88 0.37905
      551  5.025 -27.78 0.38807
      552  5.025 -27.68 0.41064
      553  5.025 -27.58 0.33844
      554  5.025 -27.48 0.43320
      555  5.025 -27.38 0.37003
      556  5.025 -27.28 0.43771
      557  5.025 -27.18 0.40612
      558  5.025 -27.08 0.39710
      559  5.025 -26.98 0.43771
      560  5.025 -26.88 0.46027
      561  5.025 -26.78 0.47381
      562  5.025 -26.68 0.50089
      563  5.025 -26.58 0.45576
      564  5.025 -26.48 0.48284
      565  5.025 -26.38 0.50540
      566  5.025 -26.28 0.47832
      567  5.025 -26.18 0.37454
      568  5.025 -26.08 0.17147
      569  5.025 -25.98 0.01354
      570  5.025 -25.88 0.00903
      571  5.025 -25.78 0.00000
      572  5.025 -25.68 0.00000
      573  5.025 -25.58 0.00000
      574  5.025 -25.48 0.00000
      575  5.025 -25.38 0.00000
      576  5.025 -25.28 0.00000
      577  5.025 -25.18 0.00000
      578  5.025 -25.08 0.00000
      579  5.025 -24.98 0.00000
      580  5.025 -24.88 0.00000
      581  5.025 -24.78 0.00000
      582  5.025 -24.68 0.00000
      583  5.025 -24.58 0.00000
      584  5.075 -29.78 0.07671
      585  5.075 -29.68 0.04061
      586  5.075 -29.58 0.05415
      587  5.075 -29.48 0.04513
      588  5.075 -29.38 0.07671
      589  5.075 -29.28 0.09025
      590  5.075 -29.18 0.09025
      591  5.075 -29.08 0.08574
      592  5.075 -28.98 0.08123
      593  5.075 -28.88 0.09928
      594  5.075 -28.78 0.13538
      595  5.075 -28.68 0.12184
      596  5.075 -28.58 0.12635
      597  5.075 -28.48 0.15343
      598  5.075 -28.38 0.13989
      599  5.075 -28.28 0.18952
      600  5.075 -28.18 0.17599
      601  5.075 -28.08 0.19855
      602  5.075 -27.98 0.16696
      603  5.075 -27.88 0.16245
      604  5.075 -27.78 0.16245
      605  5.075 -27.68 0.23916
      606  5.075 -27.58 0.16696
      607  5.075 -27.48 0.27075
      608  5.075 -27.38 0.26624
      609  5.075 -27.28 0.27526
      610  5.075 -27.18 0.27075
      611  5.075 -27.08 0.25721
      612  5.075 -26.98 0.25270
      613  5.075 -26.88 0.32941
      614  5.075 -26.78 0.34746
      615  5.075 -26.68 0.31587
      616  5.075 -26.58 0.35197
      617  5.075 -26.48 0.34746
      618  5.075 -26.38 0.38356
      619  5.075 -26.28 0.32490
      620  5.075 -26.18 0.20758
      621  5.075 -26.08 0.05415
      622  5.075 -25.98 0.00451
      623  5.075 -25.88 0.00451
      624  5.075 -25.78 0.00000
      625  5.075 -25.68 0.00000
      626  5.075 -25.58 0.00000
      627  5.075 -25.48 0.00000
      628  5.075 -25.38 0.00000
      629  5.075 -25.28 0.00000
      630  5.075 -25.18 0.00000
      631  5.075 -25.08 0.00000
      632  5.075 -24.98 0.00000
      633  5.075 -24.88 0.00000
      634  5.075 -24.78 0.00000
      635  5.075 -24.68 0.00000
      636  5.075 -24.58 0.00000
      637  5.125 -29.78 0.02708
      638  5.125 -29.68 0.01805
      639  5.125 -29.58 0.03159
      640  5.125 -29.48 0.02256
      641  5.125 -29.38 0.01354
      642  5.125 -29.28 0.00903
      643  5.125 -29.18 0.04061
      644  5.125 -29.08 0.03610
      645  5.125 -28.98 0.04513
      646  5.125 -28.88 0.03159
      647  5.125 -28.78 0.02708
      648  5.125 -28.68 0.02256
      649  5.125 -28.58 0.02708
      650  5.125 -28.48 0.07671
      651  5.125 -28.38 0.06318
      652  5.125 -28.28 0.06769
      653  5.125 -28.18 0.06769
      654  5.125 -28.08 0.07671
      655  5.125 -27.98 0.03610
      656  5.125 -27.88 0.09928
      657  5.125 -27.78 0.09928
      658  5.125 -27.68 0.09025
      659  5.125 -27.58 0.12635
      660  5.125 -27.48 0.10379
      661  5.125 -27.38 0.13989
      662  5.125 -27.28 0.10379
      663  5.125 -27.18 0.15794
      664  5.125 -27.08 0.17599
      665  5.125 -26.98 0.15794
      666  5.125 -26.88 0.20306
      667  5.125 -26.78 0.18501
      668  5.125 -26.68 0.20758
      669  5.125 -26.58 0.21660
      670  5.125 -26.48 0.20758
      671  5.125 -26.38 0.18050
      672  5.125 -26.28 0.18050
      673  5.125 -26.18 0.04513
      674  5.125 -26.08 0.00000
      675  5.125 -25.98 0.00000
      676  5.125 -25.88 0.00000
      677  5.125 -25.78 0.00000
      678  5.125 -25.68 0.00000
      679  5.125 -25.58 0.00000
      680  5.125 -25.48 0.00000
      681  5.125 -25.38 0.00000
      682  5.125 -25.28 0.00000
      683  5.125 -25.18 0.00000
      684  5.125 -25.08 0.00000
      685  5.125 -24.98 0.00000
      686  5.125 -24.88 0.00000
      687  5.125 -24.78 0.00000
      688  5.125 -24.68 0.00000
      689  5.125 -24.58 0.00000
      690  5.175 -29.78 0.00000
      691  5.175 -29.68 0.01354
      692  5.175 -29.58 0.00903
      693  5.175 -29.48 0.00451
      694  5.175 -29.38 0.00451
      695  5.175 -29.28 0.00903
      696  5.175 -29.18 0.02256
      697  5.175 -29.08 0.02256
      698  5.175 -28.98 0.02256
      699  5.175 -28.88 0.01805
      700  5.175 -28.78 0.03159
      701  5.175 -28.68 0.01805
      702  5.175 -28.58 0.01805
      703  5.175 -28.48 0.03159
      704  5.175 -28.38 0.01354
      705  5.175 -28.28 0.02708
      706  5.175 -28.18 0.00903
      707  5.175 -28.08 0.02708
      708  5.175 -27.98 0.04964
      709  5.175 -27.88 0.02708
      710  5.175 -27.78 0.03159
      711  5.175 -27.68 0.03610
      712  5.175 -27.58 0.06769
      713  5.175 -27.48 0.04964
      714  5.175 -27.38 0.05866
      715  5.175 -27.28 0.02256
      716  5.175 -27.18 0.08574
      717  5.175 -27.08 0.07671
      718  5.175 -26.98 0.11732
      719  5.175 -26.88 0.07220
      720  5.175 -26.78 0.09025
      721  5.175 -26.68 0.13538
      722  5.175 -26.58 0.12184
      723  5.175 -26.48 0.15343
      724  5.175 -26.38 0.09025
      725  5.175 -26.28 0.03610
      726  5.175 -26.18 0.01354
      727  5.175 -26.08 0.00000
      728  5.175 -25.98 0.00000
      729  5.175 -25.88 0.00000
      730  5.175 -25.78 0.00000
      731  5.175 -25.68 0.00000
      732  5.175 -25.58 0.00000
      733  5.175 -25.48 0.00000
      734  5.175 -25.38 0.00000
      735  5.175 -25.28 0.00000
      736  5.175 -25.18 0.00000
      737  5.175 -25.08 0.00000
      738  5.175 -24.98 0.00000
      739  5.175 -24.88 0.00000
      740  5.175 -24.78 0.00000
      741  5.175 -24.68 0.00000
      742  5.175 -24.58 0.00000
      743  5.225 -29.78 0.00451
      744  5.225 -29.68 0.00000
      745  5.225 -29.58 0.00000
      746  5.225 -29.48 0.00451
      747  5.225 -29.38 0.00903
      748  5.225 -29.28 0.01354
      749  5.225 -29.18 0.00451
      750  5.225 -29.08 0.00451
      751  5.225 -28.98 0.00903
      752  5.225 -28.88 0.00000
      753  5.225 -28.78 0.00451
      754  5.225 -28.68 0.01354
      755  5.225 -28.58 0.00903
      756  5.225 -28.48 0.00000
      757  5.225 -28.38 0.00451
      758  5.225 -28.28 0.00451
      759  5.225 -28.18 0.03610
      760  5.225 -28.08 0.00903
      761  5.225 -27.98 0.01354
      762  5.225 -27.88 0.03610
      763  5.225 -27.78 0.03159
      764  5.225 -27.68 0.02256
      765  5.225 -27.58 0.02708
      766  5.225 -27.48 0.04964
      767  5.225 -27.38 0.03159
      768  5.225 -27.28 0.04061
      769  5.225 -27.18 0.03159
      770  5.225 -27.08 0.04513
      771  5.225 -26.98 0.04061
      772  5.225 -26.88 0.07671
      773  5.225 -26.78 0.07671
      774  5.225 -26.68 0.04061
      775  5.225 -26.58 0.08123
      776  5.225 -26.48 0.05415
      777  5.225 -26.38 0.03159
      778  5.225 -26.28 0.01354
      779  5.225 -26.18 0.00000
      780  5.225 -26.08 0.00000
      781  5.225 -25.98 0.00000
      782  5.225 -25.88 0.00000
      783  5.225 -25.78 0.00000
      784  5.225 -25.68 0.00000
      785  5.225 -25.58 0.00000
      786  5.225 -25.48 0.00000
      787  5.225 -25.38 0.00000
      788  5.225 -25.28 0.00000
      789  5.225 -25.18 0.00000
      790  5.225 -25.08 0.00000
      791  5.225 -24.98 0.00000
      792  5.225 -24.88 0.00000
      793  5.225 -24.78 0.00000
      794  5.225 -24.68 0.00000
      795  5.225 -24.58 0.00000
      796  5.275 -29.78 0.01354
      797  5.275 -29.68 0.00000
      798  5.275 -29.58 0.00451
      799  5.275 -29.48 0.00451
      800  5.275 -29.38 0.00451
      801  5.275 -29.28 0.01805
      802  5.275 -29.18 0.01805
      803  5.275 -29.08 0.00903
      804  5.275 -28.98 0.00000
      805  5.275 -28.88 0.00451
      806  5.275 -28.78 0.00903
      807  5.275 -28.68 0.00903
      808  5.275 -28.58 0.00903
      809  5.275 -28.48 0.01354
      810  5.275 -28.38 0.00451
      811  5.275 -28.28 0.00451
      812  5.275 -28.18 0.01354
      813  5.275 -28.08 0.00903
      814  5.275 -27.98 0.00903
      815  5.275 -27.88 0.01805
      816  5.275 -27.78 0.02708
      817  5.275 -27.68 0.01805
      818  5.275 -27.58 0.05415
      819  5.275 -27.48 0.01354
      820  5.275 -27.38 0.03610
      821  5.275 -27.28 0.01805
      822  5.275 -27.18 0.04964
      823  5.275 -27.08 0.05866
      824  5.275 -26.98 0.01805
      825  5.275 -26.88 0.03610
      826  5.275 -26.78 0.05866
      827  5.275 -26.68 0.04964
      828  5.275 -26.58 0.04513
      829  5.275 -26.48 0.03610
      830  5.275 -26.38 0.02256
      831  5.275 -26.28 0.00000
      832  5.275 -26.18 0.00000
      833  5.275 -26.08 0.00000
      834  5.275 -25.98 0.00000
      835  5.275 -25.88 0.00000
      836  5.275 -25.78 0.00000
      837  5.275 -25.68 0.00000
      838  5.275 -25.58 0.00000
      839  5.275 -25.48 0.00000
      840  5.275 -25.38 0.00000
      841  5.275 -25.28 0.00000
      842  5.275 -25.18 0.00000
      843  5.275 -25.08 0.00000
      844  5.275 -24.98 0.00000
      845  5.275 -24.88 0.00000
      846  5.275 -24.78 0.00000
      847  5.275 -24.68 0.00000
      848  5.275 -24.58 0.00000
      849  5.325 -29.78 0.00451
      850  5.325 -29.68 0.00451
      851  5.325 -29.58 0.01354
      852  5.325 -29.48 0.00903
      853  5.325 -29.38 0.00903
      854  5.325 -29.28 0.00451
      855  5.325 -29.18 0.00000
      856  5.325 -29.08 0.00000
      857  5.325 -28.98 0.00903
      858  5.325 -28.88 0.00451
      859  5.325 -28.78 0.00000
      860  5.325 -28.68 0.00451
      861  5.325 -28.58 0.01354
      862  5.325 -28.48 0.00000
      863  5.325 -28.38 0.00903
      864  5.325 -28.28 0.02256
      865  5.325 -28.18 0.01805
      866  5.325 -28.08 0.01805
      867  5.325 -27.98 0.02256
      868  5.325 -27.88 0.01354
      869  5.325 -27.78 0.02256
      870  5.325 -27.68 0.01805
      871  5.325 -27.58 0.02256
      872  5.325 -27.48 0.04061
      873  5.325 -27.38 0.03159
      874  5.325 -27.28 0.06769
      875  5.325 -27.18 0.05866
      876  5.325 -27.08 0.05415
      877  5.325 -26.98 0.05415
      878  5.325 -26.88 0.04513
      879  5.325 -26.78 0.06318
      880  5.325 -26.68 0.06769
      881  5.325 -26.58 0.02256
      882  5.325 -26.48 0.02708
      883  5.325 -26.38 0.00000
      884  5.325 -26.28 0.00000
      885  5.325 -26.18 0.00000
      886  5.325 -26.08 0.00000
      887  5.325 -25.98 0.00000
      888  5.325 -25.88 0.00000
      889  5.325 -25.78 0.00000
      890  5.325 -25.68 0.00000
      891  5.325 -25.58 0.00000
      892  5.325 -25.48 0.00000
      893  5.325 -25.38 0.00000
      894  5.325 -25.28 0.00000
      895  5.325 -25.18 0.00000
      896  5.325 -25.08 0.00000
      897  5.325 -24.98 0.00000
      898  5.325 -24.88 0.00000
      899  5.325 -24.78 0.00000
      900  5.325 -24.68 0.00000
      901  5.325 -24.58 0.00000
      902  5.375 -29.78 0.00000
      903  5.375 -29.68 0.00000
      904  5.375 -29.58 0.00451
      905  5.375 -29.48 0.00000
      906  5.375 -29.38 0.00000
      907  5.375 -29.28 0.00451
      908  5.375 -29.18 0.00000
      909  5.375 -29.08 0.00000
      910  5.375 -28.98 0.00451
      911  5.375 -28.88 0.00451
      912  5.375 -28.78 0.00000
      913  5.375 -28.68 0.00451
      914  5.375 -28.58 0.00903
      915  5.375 -28.48 0.00451
      916  5.375 -28.38 0.01354
      917  5.375 -28.28 0.00000
      918  5.375 -28.18 0.01354
      919  5.375 -28.08 0.02256
      920  5.375 -27.98 0.01805
      921  5.375 -27.88 0.00000
      922  5.375 -27.78 0.02708
      923  5.375 -27.68 0.02708
      924  5.375 -27.58 0.01354
      925  5.375 -27.48 0.01805
      926  5.375 -27.38 0.01354
      927  5.375 -27.28 0.02256
      928  5.375 -27.18 0.02256
      929  5.375 -27.08 0.04513
      930  5.375 -26.98 0.04964
      931  5.375 -26.88 0.04061
      932  5.375 -26.78 0.02256
      933  5.375 -26.68 0.00903
      934  5.375 -26.58 0.01354
      935  5.375 -26.48 0.00000
      936  5.375 -26.38 0.00451
      937  5.375 -26.28 0.00000
      938  5.375 -26.18 0.00000
      939  5.375 -26.08 0.00000
      940  5.375 -25.98 0.00000
      941  5.375 -25.88 0.00000
      942  5.375 -25.78 0.00000
      943  5.375 -25.68 0.00000
      944  5.375 -25.58 0.00000
      945  5.375 -25.48 0.00000
      946  5.375 -25.38 0.00000
      947  5.375 -25.28 0.00000
      948  5.375 -25.18 0.00000
      949  5.375 -25.08 0.00000
      950  5.375 -24.98 0.00000
      951  5.375 -24.88 0.00000
      952  5.375 -24.78 0.00000
      953  5.375 -24.68 0.00000
      954  5.375 -24.58 0.00000
      955  5.425 -29.78 0.00451
      956  5.425 -29.68 0.00451
      957  5.425 -29.58 0.00451
      958  5.425 -29.48 0.00451
      959  5.425 -29.38 0.00451
      960  5.425 -29.28 0.00000
      961  5.425 -29.18 0.00903
      962  5.425 -29.08 0.00000
      963  5.425 -28.98 0.00903
      964  5.425 -28.88 0.00000
      965  5.425 -28.78 0.00451
      966  5.425 -28.68 0.00000
      967  5.425 -28.58 0.01354
      968  5.425 -28.48 0.00451
      969  5.425 -28.38 0.00451
      970  5.425 -28.28 0.00903
      971  5.425 -28.18 0.00903
      972  5.425 -28.08 0.00451
      973  5.425 -27.98 0.01354
      974  5.425 -27.88 0.00903
      975  5.425 -27.78 0.03159
      976  5.425 -27.68 0.02708
      977  5.425 -27.58 0.01805
      978  5.425 -27.48 0.01805
      979  5.425 -27.38 0.01354
      980  5.425 -27.28 0.03159
      981  5.425 -27.18 0.01354
      982  5.425 -27.08 0.03159
      983  5.425 -26.98 0.01805
      984  5.425 -26.88 0.02256
      985  5.425 -26.78 0.01805
      986  5.425 -26.68 0.00000
      987  5.425 -26.58 0.00903
      988  5.425 -26.48 0.00000
      989  5.425 -26.38 0.00000
      990  5.425 -26.28 0.00000
      991  5.425 -26.18 0.00000
      992  5.425 -26.08 0.00000
      993  5.425 -25.98 0.00000
      994  5.425 -25.88 0.00000
      995  5.425 -25.78 0.00000
      996  5.425 -25.68 0.00000
      997  5.425 -25.58 0.00000
      998  5.425 -25.48 0.00000
      999  5.425 -25.38 0.00000
     1000  5.425 -25.28 0.00000
     1001  5.425 -25.18 0.00000
     1002  5.425 -25.08 0.00000
     1003  5.425 -24.98 0.00000
     1004  5.425 -24.88 0.00000
     1005  5.425 -24.78 0.00000
     1006  5.425 -24.68 0.00000
     1007  5.425 -24.58 0.00000
     1008  5.475 -29.78 0.01354
     1009  5.475 -29.68 0.00451
     1010  5.475 -29.58 0.00000
     1011  5.475 -29.48 0.00000
     1012  5.475 -29.38 0.00000
     1013  5.475 -29.28 0.00000
     1014  5.475 -29.18 0.00000
     1015  5.475 -29.08 0.00000
     1016  5.475 -28.98 0.00903
     1017  5.475 -28.88 0.00451
     1018  5.475 -28.78 0.00451
     1019  5.475 -28.68 0.00451
     1020  5.475 -28.58 0.00451
     1021  5.475 -28.48 0.00451
     1022  5.475 -28.38 0.00903
     1023  5.475 -28.28 0.00903
     1024  5.475 -28.18 0.00903
     1025  5.475 -28.08 0.00903
     1026  5.475 -27.98 0.02256
     1027  5.475 -27.88 0.00451
     1028  5.475 -27.78 0.00451
     1029  5.475 -27.68 0.00903
     1030  5.475 -27.58 0.01805
     1031  5.475 -27.48 0.01805
     1032  5.475 -27.38 0.00903
     1033  5.475 -27.28 0.02708
     1034  5.475 -27.18 0.01805
     1035  5.475 -27.08 0.01805
     1036  5.475 -26.98 0.02256
     1037  5.475 -26.88 0.00903
     1038  5.475 -26.78 0.00451
     1039  5.475 -26.68 0.00000
     1040  5.475 -26.58 0.00451
     1041  5.475 -26.48 0.00000
     1042  5.475 -26.38 0.00000
     1043  5.475 -26.28 0.00000
     1044  5.475 -26.18 0.00000
     1045  5.475 -26.08 0.00000
     1046  5.475 -25.98 0.00000
     1047  5.475 -25.88 0.00000
     1048  5.475 -25.78 0.00000
     1049  5.475 -25.68 0.00000
     1050  5.475 -25.58 0.00000
     1051  5.475 -25.48 0.00000
     1052  5.475 -25.38 0.00000
     1053  5.475 -25.28 0.00000
     1054  5.475 -25.18 0.00000
     1055  5.475 -25.08 0.00000
     1056  5.475 -24.98 0.00000
     1057  5.475 -24.88 0.00000
     1058  5.475 -24.78 0.00000
     1059  5.475 -24.68 0.00000
     1060  5.475 -24.58 0.00000
     1061  5.525 -29.78 0.00451
     1062  5.525 -29.68 0.00000
     1063  5.525 -29.58 0.00000
     1064  5.525 -29.48 0.00000
     1065  5.525 -29.38 0.00903
     1066  5.525 -29.28 0.00000
     1067  5.525 -29.18 0.00451
     1068  5.525 -29.08 0.00000
     1069  5.525 -28.98 0.00451
     1070  5.525 -28.88 0.01354
     1071  5.525 -28.78 0.00451
     1072  5.525 -28.68 0.00451
     1073  5.525 -28.58 0.00000
     1074  5.525 -28.48 0.00451
     1075  5.525 -28.38 0.00903
     1076  5.525 -28.28 0.00000
     1077  5.525 -28.18 0.00903
     1078  5.525 -28.08 0.00451
     1079  5.525 -27.98 0.00000
     1080  5.525 -27.88 0.00903
     1081  5.525 -27.78 0.01354
     1082  5.525 -27.68 0.00903
     1083  5.525 -27.58 0.00451
     1084  5.525 -27.48 0.01805
     1085  5.525 -27.38 0.00451
     1086  5.525 -27.28 0.00451
     1087  5.525 -27.18 0.00451
     1088  5.525 -27.08 0.00903
     1089  5.525 -26.98 0.00000
     1090  5.525 -26.88 0.00000
     1091  5.525 -26.78 0.00451
     1092  5.525 -26.68 0.00000
     1093  5.525 -26.58 0.00451
     1094  5.525 -26.48 0.00000
     1095  5.525 -26.38 0.00000
     1096  5.525 -26.28 0.00000
     1097  5.525 -26.18 0.00000
     1098  5.525 -26.08 0.00000
     1099  5.525 -25.98 0.00000
     1100  5.525 -25.88 0.00000
     1101  5.525 -25.78 0.00000
     1102  5.525 -25.68 0.00000
     1103  5.525 -25.58 0.00000
     1104  5.525 -25.48 0.00000
     1105  5.525 -25.38 0.00000
     1106  5.525 -25.28 0.00000
     1107  5.525 -25.18 0.00000
     1108  5.525 -25.08 0.00000
     1109  5.525 -24.98 0.00000
     1110  5.525 -24.88 0.00000
     1111  5.525 -24.78 0.00000
     1112  5.525 -24.68 0.00000
     1113  5.525 -24.58 0.00000
     1114  5.575 -29.78 0.00000
     1115  5.575 -29.68 0.00903
     1116  5.575 -29.58 0.00000
     1117  5.575 -29.48 0.00000
     1118  5.575 -29.38 0.00451
     1119  5.575 -29.28 0.00000
     1120  5.575 -29.18 0.00451
     1121  5.575 -29.08 0.00903
     1122  5.575 -28.98 0.00000
     1123  5.575 -28.88 0.00451
     1124  5.575 -28.78 0.00000
     1125  5.575 -28.68 0.01805
     1126  5.575 -28.58 0.00451
     1127  5.575 -28.48 0.00451
     1128  5.575 -28.38 0.00000
     1129  5.575 -28.28 0.00451
     1130  5.575 -28.18 0.00903
     1131  5.575 -28.08 0.00903
     1132  5.575 -27.98 0.00451
     1133  5.575 -27.88 0.00903
     1134  5.575 -27.78 0.00451
     1135  5.575 -27.68 0.01354
     1136  5.575 -27.58 0.01805
     1137  5.575 -27.48 0.00903
     1138  5.575 -27.38 0.00903
     1139  5.575 -27.28 0.00451
     1140  5.575 -27.18 0.00451
     1141  5.575 -27.08 0.00000
     1142  5.575 -26.98 0.00451
     1143  5.575 -26.88 0.00000
     1144  5.575 -26.78 0.00000
     1145  5.575 -26.68 0.00000
     1146  5.575 -26.58 0.00000
     1147  5.575 -26.48 0.00000
     1148  5.575 -26.38 0.00000
     1149  5.575 -26.28 0.00000
     1150  5.575 -26.18 0.00000
     1151  5.575 -26.08 0.00000
     1152  5.575 -25.98 0.00000
     1153  5.575 -25.88 0.00000
     1154  5.575 -25.78 0.00000
     1155  5.575 -25.68 0.00000
     1156  5.575 -25.58 0.00451
     1157  5.575 -25.48 0.00000
     1158  5.575 -25.38 0.00000
     1159  5.575 -25.28 0.00000
     1160  5.575 -25.18 0.00000
     1161  5.575 -25.08 0.00000
     1162  5.575 -24.98 0.00000
     1163  5.575 -24.88 0.00000
     1164  5.575 -24.78 0.00000
     1165  5.575 -24.68 0.00000
     1166  5.575 -24.58 0.00000
