# Stripe 82 selection function from McGreer et al. (2013)
# corrected for cosmology in M1450
# corrected for photometric and spectroscopic incompleteness
# counter  z     M1450  p
        1  4.525 -28.48 0.01425
        2  4.525 -28.38 0.00475
        3  4.525 -28.28 0.03325
        4  4.525 -28.18 0.00950
        5  4.525 -28.08 0.00475
        6  4.525 -27.98 0.00000
        7  4.525 -27.88 0.01425
        8  4.525 -27.78 0.01425
        9  4.525 -27.68 0.00950
       10  4.525 -27.58 0.00000
       11  4.525 -27.48 0.00475
       12  4.525 -27.38 0.00475
       13  4.525 -27.28 0.00000
       14  4.525 -27.18 0.00475
       15  4.525 -27.08 0.00475
       16  4.525 -26.98 0.00000
       17  4.525 -26.88 0.00000
       18  4.525 -26.78 0.00475
       19  4.525 -26.68 0.00475
       20  4.525 -26.58 0.00000
       21  4.525 -26.48 0.00000
       22  4.525 -26.38 0.00475
       23  4.525 -26.28 0.00000
       24  4.525 -26.18 0.00475
       25  4.525 -26.08 0.00950
       26  4.525 -25.98 0.00950
       27  4.525 -25.88 0.00000
       28  4.525 -25.78 0.00000
       29  4.525 -25.68 0.00426
       30  4.525 -25.58 0.00000
       31  4.525 -25.48 0.00000
       32  4.525 -25.38 0.00000
       33  4.525 -25.28 0.00000
       34  4.525 -25.18 0.00000
       35  4.525 -25.08 0.00000
       36  4.525 -24.98 0.00000
       37  4.525 -24.88 0.00000
       38  4.525 -24.78 0.00000
       39  4.525 -24.68 0.00000
       40  4.525 -24.58 0.00000
       41  4.525 -24.48 0.00000
       42  4.525 -24.38 0.00379
       43  4.525 -24.28 0.00000
       44  4.525 -24.18 0.00303
       45  4.525 -24.08 0.00000
       46  4.525 -23.98 0.00000
       47  4.525 -23.88 0.00000
       48  4.525 -23.78 0.00000
       49  4.525 -23.68 0.00000
       50  4.525 -23.58 0.00000
       51  4.525 -23.48 0.00000
       52  4.525 -23.38 0.00000
       53  4.525 -23.28 0.00000
       54  4.575 -28.48 0.09500
       55  4.575 -28.38 0.12350
       56  4.575 -28.28 0.09025
       57  4.575 -28.18 0.08075
       58  4.575 -28.08 0.09025
       59  4.575 -27.98 0.09975
       60  4.575 -27.88 0.09025
       61  4.575 -27.78 0.11400
       62  4.575 -27.68 0.09975
       63  4.575 -27.58 0.11400
       64  4.575 -27.48 0.09500
       65  4.575 -27.38 0.08550
       66  4.575 -27.28 0.08550
       67  4.575 -27.18 0.10450
       68  4.575 -27.08 0.06175
       69  4.575 -26.98 0.04275
       70  4.575 -26.88 0.05700
       71  4.575 -26.78 0.08075
       72  4.575 -26.68 0.08075
       73  4.575 -26.58 0.07125
       74  4.575 -26.48 0.08075
       75  4.575 -26.38 0.02850
       76  4.575 -26.28 0.05700
       77  4.575 -26.18 0.06175
       78  4.575 -26.08 0.05225
       79  4.575 -25.98 0.07600
       80  4.575 -25.88 0.04466
       81  4.575 -25.78 0.03050
       82  4.575 -25.68 0.04260
       83  4.575 -25.58 0.04181
       84  4.575 -25.48 0.04536
       85  4.575 -25.38 0.05317
       86  4.575 -25.28 0.03672
       87  4.575 -25.18 0.04503
       88  4.575 -25.08 0.04126
       89  4.575 -24.98 0.03338
       90  4.575 -24.88 0.02954
       91  4.575 -24.78 0.02128
       92  4.575 -24.68 0.03403
       93  4.575 -24.58 0.05447
       94  4.575 -24.48 0.03231
       95  4.575 -24.38 0.01136
       96  4.575 -24.28 0.04129
       97  4.575 -24.18 0.00908
       98  4.575 -24.08 0.01551
       99  4.575 -23.98 0.01509
      100  4.575 -23.88 0.01060
      101  4.575 -23.78 0.00000
      102  4.575 -23.68 0.00000
      103  4.575 -23.58 0.00000
      104  4.575 -23.48 0.00000
      105  4.575 -23.38 0.00000
      106  4.575 -23.28 0.00000
      107  4.625 -28.48 0.50350
      108  4.625 -28.38 0.46075
      109  4.625 -28.28 0.49875
      110  4.625 -28.18 0.47500
      111  4.625 -28.08 0.47025
      112  4.625 -27.98 0.50825
      113  4.625 -27.88 0.51775
      114  4.625 -27.78 0.47025
      115  4.625 -27.68 0.47975
      116  4.625 -27.58 0.50825
      117  4.625 -27.48 0.47500
      118  4.625 -27.38 0.53200
      119  4.625 -27.28 0.50825
      120  4.625 -27.18 0.53675
      121  4.625 -27.08 0.46550
      122  4.625 -26.98 0.46075
      123  4.625 -26.88 0.53200
      124  4.625 -26.78 0.53200
      125  4.625 -26.68 0.51775
      126  4.625 -26.58 0.46075
      127  4.625 -26.48 0.52250
      128  4.625 -26.38 0.52250
      129  4.625 -26.28 0.47025
      130  4.625 -26.18 0.51300
      131  4.625 -26.08 0.49400
      132  4.625 -25.98 0.49875
      133  4.625 -25.88 0.42875
      134  4.625 -25.78 0.42694
      135  4.625 -25.68 0.39191
      136  4.625 -25.58 0.38886
      137  4.625 -25.48 0.40416
      138  4.625 -25.38 0.40494
      139  4.625 -25.28 0.44069
      140  4.625 -25.18 0.39298
      141  4.625 -25.08 0.43326
      142  4.625 -24.98 0.38801
      143  4.625 -24.88 0.40096
      144  4.625 -24.78 0.37873
      145  4.625 -24.68 0.42541
      146  4.625 -24.58 0.36036
      147  4.625 -24.48 0.32314
      148  4.625 -24.38 0.33707
      149  4.625 -24.28 0.34405
      150  4.625 -24.18 0.26328
      151  4.625 -24.08 0.24038
      152  4.625 -23.98 0.15735
      153  4.625 -23.88 0.06537
      154  4.625 -23.78 0.00859
      155  4.625 -23.68 0.00000
      156  4.625 -23.58 0.00000
      157  4.625 -23.48 0.00000
      158  4.625 -23.38 0.00000
      159  4.625 -23.28 0.00000
      160  4.675 -28.48 0.78375
      161  4.675 -28.38 0.81700
      162  4.675 -28.28 0.81700
      163  4.675 -28.18 0.83600
      164  4.675 -28.08 0.83125
      165  4.675 -27.98 0.77900
      166  4.675 -27.88 0.78850
      167  4.675 -27.78 0.77900
      168  4.675 -27.68 0.76475
      169  4.675 -27.58 0.82175
      170  4.675 -27.48 0.81700
      171  4.675 -27.38 0.82650
      172  4.675 -27.28 0.85500
      173  4.675 -27.18 0.84550
      174  4.675 -27.08 0.83125
      175  4.675 -26.98 0.79800
      176  4.675 -26.88 0.84075
      177  4.675 -26.78 0.86925
      178  4.675 -26.68 0.83125
      179  4.675 -26.58 0.85975
      180  4.675 -26.48 0.87400
      181  4.675 -26.38 0.86450
      182  4.675 -26.28 0.88350
      183  4.675 -26.18 0.86450
      184  4.675 -26.08 0.83600
      185  4.675 -25.98 0.87400
      186  4.675 -25.88 0.80391
      187  4.675 -25.78 0.82775
      188  4.675 -25.68 0.77956
      189  4.675 -25.58 0.76099
      190  4.675 -25.48 0.75470
      191  4.675 -25.38 0.74034
      192  4.675 -25.28 0.76713
      193  4.675 -25.18 0.74094
      194  4.675 -25.08 0.74686
      195  4.675 -24.98 0.78437
      196  4.675 -24.88 0.75972
      197  4.675 -24.78 0.78299
      198  4.675 -24.68 0.76573
      199  4.675 -24.58 0.78358
      200  4.675 -24.48 0.71091
      201  4.675 -24.38 0.65521
      202  4.675 -24.28 0.62272
      203  4.675 -24.18 0.52352
      204  4.675 -24.08 0.42647
      205  4.675 -23.98 0.35781
      206  4.675 -23.88 0.21024
      207  4.675 -23.78 0.05013
      208  4.675 -23.68 0.00231
      209  4.675 -23.58 0.00000
      210  4.675 -23.48 0.00000
      211  4.675 -23.38 0.00000
      212  4.675 -23.28 0.00000
      213  4.725 -28.48 0.88825
      214  4.725 -28.38 0.88350
      215  4.725 -28.28 0.85500
      216  4.725 -28.18 0.89300
      217  4.725 -28.08 0.88825
      218  4.725 -27.98 0.90250
      219  4.725 -27.88 0.87875
      220  4.725 -27.78 0.86925
      221  4.725 -27.68 0.89775
      222  4.725 -27.58 0.87400
      223  4.725 -27.48 0.91200
      224  4.725 -27.38 0.87875
      225  4.725 -27.28 0.90250
      226  4.725 -27.18 0.90725
      227  4.725 -27.08 0.91200
      228  4.725 -26.98 0.91675
      229  4.725 -26.88 0.89300
      230  4.725 -26.78 0.89300
      231  4.725 -26.68 0.91675
      232  4.725 -26.58 0.92150
      233  4.725 -26.48 0.91200
      234  4.725 -26.38 0.88825
      235  4.725 -26.28 0.92625
      236  4.725 -26.18 0.91200
      237  4.725 -26.08 0.92150
      238  4.725 -25.98 0.93575
      239  4.725 -25.88 0.86197
      240  4.725 -25.78 0.84082
      241  4.725 -25.68 0.82642
      242  4.725 -25.58 0.82789
      243  4.725 -25.48 0.80006
      244  4.725 -25.38 0.79761
      245  4.725 -25.28 0.76713
      246  4.725 -25.18 0.80234
      247  4.725 -25.08 0.78399
      248  4.725 -24.98 0.82192
      249  4.725 -24.88 0.80614
      250  4.725 -24.78 0.82980
      251  4.725 -24.68 0.81252
      252  4.725 -24.58 0.79196
      253  4.725 -24.48 0.78766
      254  4.725 -24.38 0.72338
      255  4.725 -24.28 0.65369
      256  4.725 -24.18 0.56892
      257  4.725 -24.08 0.49368
      258  4.725 -23.98 0.38367
      259  4.725 -23.88 0.22260
      260  4.725 -23.78 0.11029
      261  4.725 -23.68 0.00808
      262  4.725 -23.58 0.00093
      263  4.725 -23.48 0.00000
      264  4.725 -23.38 0.00000
      265  4.725 -23.28 0.00000
      266  4.775 -28.48 0.86925
      267  4.775 -28.38 0.87400
      268  4.775 -28.28 0.89775
      269  4.775 -28.18 0.88825
      270  4.775 -28.08 0.89300
      271  4.775 -27.98 0.88350
      272  4.775 -27.88 0.89775
      273  4.775 -27.78 0.92625
      274  4.775 -27.68 0.90250
      275  4.775 -27.58 0.92150
      276  4.775 -27.48 0.90250
      277  4.775 -27.38 0.89300
      278  4.775 -27.28 0.90250
      279  4.775 -27.18 0.90725
      280  4.775 -27.08 0.91200
      281  4.775 -26.98 0.89775
      282  4.775 -26.88 0.91675
      283  4.775 -26.78 0.92150
      284  4.775 -26.68 0.90725
      285  4.775 -26.58 0.89300
      286  4.775 -26.48 0.91200
      287  4.775 -26.38 0.91200
      288  4.775 -26.28 0.92150
      289  4.775 -26.18 0.92625
      290  4.775 -26.08 0.92150
      291  4.775 -25.98 0.89300
      292  4.775 -25.88 0.88877
      293  4.775 -25.78 0.84953
      294  4.775 -25.68 0.81790
      295  4.775 -25.58 0.83207
      296  4.775 -25.48 0.79594
      297  4.775 -25.38 0.80170
      298  4.775 -25.28 0.79570
      299  4.775 -25.18 0.81053
      300  4.775 -25.08 0.81700
      301  4.775 -24.98 0.82192
      302  4.775 -24.88 0.82303
      303  4.775 -24.78 0.82129
      304  4.775 -24.68 0.82954
      305  4.775 -24.58 0.81291
      306  4.775 -24.48 0.76746
      307  4.775 -24.38 0.73853
      308  4.775 -24.28 0.66057
      309  4.775 -24.18 0.57194
      310  4.775 -24.08 0.50143
      311  4.775 -23.98 0.35134
      312  4.775 -23.88 0.20670
      313  4.775 -23.78 0.06875
      314  4.775 -23.68 0.00924
      315  4.775 -23.58 0.00093
      316  4.775 -23.48 0.00000
      317  4.775 -23.38 0.00000
      318  4.775 -23.28 0.00000
      319  4.825 -28.48 0.83125
      320  4.825 -28.38 0.78375
      321  4.825 -28.28 0.76475
      322  4.825 -28.18 0.84075
      323  4.825 -28.08 0.82650
      324  4.825 -27.98 0.85500
      325  4.825 -27.88 0.80275
      326  4.825 -27.78 0.82175
      327  4.825 -27.68 0.85025
      328  4.825 -27.58 0.81700
      329  4.825 -27.48 0.84075
      330  4.825 -27.38 0.85975
      331  4.825 -27.28 0.86925
      332  4.825 -27.18 0.87400
      333  4.825 -27.08 0.88825
      334  4.825 -26.98 0.87400
      335  4.825 -26.88 0.83600
      336  4.825 -26.78 0.89300
      337  4.825 -26.68 0.92150
      338  4.825 -26.58 0.90725
      339  4.825 -26.48 0.88350
      340  4.825 -26.38 0.90250
      341  4.825 -26.28 0.89300
      342  4.825 -26.18 0.87875
      343  4.825 -26.08 0.89775
      344  4.825 -25.98 0.88825
      345  4.825 -25.88 0.87091
      346  4.825 -25.78 0.84953
      347  4.825 -25.68 0.82216
      348  4.825 -25.58 0.81952
      349  4.825 -25.48 0.80006
      350  4.825 -25.38 0.78533
      351  4.825 -25.28 0.79570
      352  4.825 -25.18 0.78597
      353  4.825 -25.08 0.79637
      354  4.825 -24.98 0.81358
      355  4.825 -24.88 0.81036
      356  4.825 -24.78 0.81703
      357  4.825 -24.68 0.80402
      358  4.825 -24.58 0.80453
      359  4.825 -24.48 0.78362
      360  4.825 -24.38 0.73095
      361  4.825 -24.28 0.65713
      362  4.825 -24.18 0.54773
      363  4.825 -24.08 0.46524
      364  4.825 -23.98 0.28021
      365  4.825 -23.88 0.13427
      366  4.825 -23.78 0.02005
      367  4.825 -23.68 0.00346
      368  4.825 -23.58 0.00000
      369  4.825 -23.48 0.00000
      370  4.825 -23.38 0.00000
      371  4.825 -23.28 0.00000
      372  4.875 -28.48 0.66500
      373  4.875 -28.38 0.62700
      374  4.875 -28.28 0.63650
      375  4.875 -28.18 0.69350
      376  4.875 -28.08 0.64125
      377  4.875 -27.98 0.69350
      378  4.875 -27.88 0.66025
      379  4.875 -27.78 0.69350
      380  4.875 -27.68 0.70775
      381  4.875 -27.58 0.67450
      382  4.875 -27.48 0.72675
      383  4.875 -27.38 0.68400
      384  4.875 -27.28 0.77425
      385  4.875 -27.18 0.76475
      386  4.875 -27.08 0.77425
      387  4.875 -26.98 0.72675
      388  4.875 -26.88 0.79325
      389  4.875 -26.78 0.75050
      390  4.875 -26.68 0.77900
      391  4.875 -26.58 0.78850
      392  4.875 -26.48 0.76000
      393  4.875 -26.38 0.80750
      394  4.875 -26.28 0.84550
      395  4.875 -26.18 0.79325
      396  4.875 -26.08 0.83125
      397  4.875 -25.98 0.83125
      398  4.875 -25.88 0.77712
      399  4.875 -25.78 0.77111
      400  4.875 -25.68 0.74122
      401  4.875 -25.58 0.74426
      402  4.875 -25.48 0.68872
      403  4.875 -25.38 0.76897
      404  4.875 -25.28 0.74673
      405  4.875 -25.18 0.76141
      406  4.875 -25.08 0.75511
      407  4.875 -24.98 0.76351
      408  4.875 -24.88 0.75972
      409  4.875 -24.78 0.81278
      410  4.875 -24.68 0.77849
      411  4.875 -24.58 0.75844
      412  4.875 -24.48 0.72303
      413  4.875 -24.38 0.68172
      414  4.875 -24.28 0.62272
      415  4.875 -24.18 0.52655
      416  4.875 -24.08 0.36444
      417  4.875 -23.98 0.20046
      418  4.875 -23.88 0.06007
      419  4.875 -23.78 0.00430
      420  4.875 -23.68 0.00000
      421  4.875 -23.58 0.00000
      422  4.875 -23.48 0.00000
      423  4.875 -23.38 0.00000
      424  4.875 -23.28 0.00000
      425  4.925 -28.48 0.42275
      426  4.925 -28.38 0.44650
      427  4.925 -28.28 0.45600
      428  4.925 -28.18 0.51775
      429  4.925 -28.08 0.48450
      430  4.925 -27.98 0.49875
      431  4.925 -27.88 0.50350
      432  4.925 -27.78 0.57000
      433  4.925 -27.68 0.51775
      434  4.925 -27.58 0.51775
      435  4.925 -27.48 0.55575
      436  4.925 -27.38 0.51300
      437  4.925 -27.28 0.61275
      438  4.925 -27.18 0.57000
      439  4.925 -27.08 0.66025
      440  4.925 -26.98 0.62225
      441  4.925 -26.88 0.62225
      442  4.925 -26.78 0.60325
      443  4.925 -26.68 0.62225
      444  4.925 -26.58 0.61275
      445  4.925 -26.48 0.68400
      446  4.925 -26.38 0.67450
      447  4.925 -26.28 0.65075
      448  4.925 -26.18 0.72675
      449  4.925 -26.08 0.72200
      450  4.925 -25.98 0.68400
      451  4.925 -25.88 0.70566
      452  4.925 -25.78 0.67527
      453  4.925 -25.68 0.64324
      454  4.925 -25.58 0.69827
      455  4.925 -25.48 0.66397
      456  4.925 -25.38 0.69126
      457  4.925 -25.28 0.65696
      458  4.925 -25.18 0.66316
      459  4.925 -25.08 0.70147
      460  4.925 -24.98 0.66755
      461  4.925 -24.88 0.66686
      462  4.925 -24.78 0.70639
      463  4.925 -24.68 0.70617
      464  4.925 -24.58 0.72911
      465  4.925 -24.48 0.64225
      466  4.925 -24.38 0.64006
      467  4.925 -24.28 0.57456
      468  4.925 -24.18 0.44787
      469  4.925 -24.08 0.23779
      470  4.925 -23.98 0.07760
      471  4.925 -23.88 0.01767
      472  4.925 -23.78 0.00000
      473  4.925 -23.68 0.00000
      474  4.925 -23.58 0.00000
      475  4.925 -23.48 0.00000
      476  4.925 -23.38 0.00000
      477  4.925 -23.28 0.00000
      478  4.975 -28.48 0.26125
      479  4.975 -28.38 0.30875
      480  4.975 -28.28 0.23750
      481  4.975 -28.18 0.34200
      482  4.975 -28.08 0.33250
      483  4.975 -27.98 0.31825
      484  4.975 -27.88 0.31350
      485  4.975 -27.78 0.42750
      486  4.975 -27.68 0.38475
      487  4.975 -27.58 0.43225
      488  4.975 -27.48 0.32300
      489  4.975 -27.38 0.44650
      490  4.975 -27.28 0.41325
      491  4.975 -27.18 0.41325
      492  4.975 -27.08 0.48450
      493  4.975 -26.98 0.48450
      494  4.975 -26.88 0.45600
      495  4.975 -26.78 0.49875
      496  4.975 -26.68 0.49875
      497  4.975 -26.58 0.49400
      498  4.975 -26.48 0.51300
      499  4.975 -26.38 0.49875
      500  4.975 -26.28 0.62225
      501  4.975 -26.18 0.61750
      502  4.975 -26.08 0.65075
      503  4.975 -25.98 0.56050
      504  4.975 -25.88 0.51361
      505  4.975 -25.78 0.58378
      506  4.975 -25.68 0.56657
      507  4.975 -25.58 0.57283
      508  4.975 -25.48 0.58974
      509  4.975 -25.38 0.54810
      510  4.975 -25.28 0.58351
      511  4.975 -25.18 0.61404
      512  4.975 -25.08 0.56943
      513  4.975 -24.98 0.62166
      514  4.975 -24.88 0.61621
      515  4.975 -24.78 0.63405
      516  4.975 -24.68 0.68916
      517  4.975 -24.58 0.62016
      518  4.975 -24.48 0.62205
      519  4.975 -24.38 0.52644
      520  4.975 -24.28 0.52983
      521  4.975 -24.18 0.30262
      522  4.975 -24.08 0.12665
      523  4.975 -23.98 0.03233
      524  4.975 -23.88 0.00000
      525  4.975 -23.78 0.00000
      526  4.975 -23.68 0.00000
      527  4.975 -23.58 0.00000
      528  4.975 -23.48 0.00000
      529  4.975 -23.38 0.00000
      530  4.975 -23.28 0.00000
      531  5.025 -28.48 0.10450
      532  5.025 -28.38 0.15200
      533  5.025 -28.28 0.17575
      534  5.025 -28.18 0.13300
      535  5.025 -28.08 0.19950
      536  5.025 -27.98 0.18050
      537  5.025 -27.88 0.15200
      538  5.025 -27.78 0.18050
      539  5.025 -27.68 0.22325
      540  5.025 -27.58 0.21375
      541  5.025 -27.48 0.22325
      542  5.025 -27.38 0.23750
      543  5.025 -27.28 0.23275
      544  5.025 -27.18 0.28025
      545  5.025 -27.08 0.30875
      546  5.025 -26.98 0.30400
      547  5.025 -26.88 0.29450
      548  5.025 -26.78 0.34200
      549  5.025 -26.68 0.38475
      550  5.025 -26.58 0.39425
      551  5.025 -26.48 0.36100
      552  5.025 -26.38 0.40375
      553  5.025 -26.28 0.37525
      554  5.025 -26.18 0.49875
      555  5.025 -26.08 0.38475
      556  5.025 -25.98 0.48450
      557  5.025 -25.88 0.42875
      558  5.025 -25.78 0.42259
      559  5.025 -25.68 0.43025
      560  5.025 -25.58 0.42231
      561  5.025 -25.48 0.41653
      562  5.025 -25.38 0.44584
      563  5.025 -25.28 0.41213
      564  5.025 -25.18 0.49942
      565  5.025 -25.08 0.49103
      566  5.025 -24.98 0.53821
      567  5.025 -24.88 0.54446
      568  5.025 -24.78 0.52767
      569  5.025 -24.68 0.57004
      570  5.025 -24.58 0.55731
      571  5.025 -24.48 0.57762
      572  5.025 -24.38 0.48857
      573  5.025 -24.28 0.34749
      574  5.025 -24.18 0.17552
      575  5.025 -24.08 0.03102
      576  5.025 -23.98 0.00000
      577  5.025 -23.88 0.00000
      578  5.025 -23.78 0.00000
      579  5.025 -23.68 0.00000
      580  5.025 -23.58 0.00000
      581  5.025 -23.48 0.00000
      582  5.025 -23.38 0.00000
      583  5.025 -23.28 0.00000
      584  5.075 -28.48 0.06650
      585  5.075 -28.38 0.01900
      586  5.075 -28.28 0.05225
      587  5.075 -28.18 0.06175
      588  5.075 -28.08 0.06650
      589  5.075 -27.98 0.08075
      590  5.075 -27.88 0.06650
      591  5.075 -27.78 0.08075
      592  5.075 -27.68 0.12350
      593  5.075 -27.58 0.06175
      594  5.075 -27.48 0.13300
      595  5.075 -27.38 0.09025
      596  5.075 -27.28 0.12350
      597  5.075 -27.18 0.13300
      598  5.075 -27.08 0.17100
      599  5.075 -26.98 0.17100
      600  5.075 -26.88 0.20425
      601  5.075 -26.78 0.21850
      602  5.075 -26.68 0.20425
      603  5.075 -26.58 0.18525
      604  5.075 -26.48 0.18525
      605  5.075 -26.38 0.24700
      606  5.075 -26.28 0.16150
      607  5.075 -26.18 0.32300
      608  5.075 -26.08 0.27550
      609  5.075 -25.98 0.31350
      610  5.075 -25.88 0.29477
      611  5.075 -25.78 0.29625
      612  5.075 -25.68 0.30671
      613  5.075 -25.58 0.33868
      614  5.075 -25.48 0.37116
      615  5.075 -25.38 0.34767
      616  5.075 -25.28 0.34684
      617  5.075 -25.18 0.40936
      618  5.075 -25.08 0.38787
      619  5.075 -24.98 0.43391
      620  5.075 -24.88 0.43895
      621  5.075 -24.78 0.46384
      622  5.075 -24.68 0.51474
      623  5.075 -24.58 0.42322
      624  5.075 -24.48 0.48471
      625  5.075 -24.38 0.32192
      626  5.075 -24.28 0.23395
      627  5.075 -24.18 0.04842
      628  5.075 -24.08 0.00258
      629  5.075 -23.98 0.00000
      630  5.075 -23.88 0.00000
      631  5.075 -23.78 0.00000
      632  5.075 -23.68 0.00000
      633  5.075 -23.58 0.00000
      634  5.075 -23.48 0.00000
      635  5.075 -23.38 0.00000
      636  5.075 -23.28 0.00000
      637  5.125 -28.48 0.01900
      638  5.125 -28.38 0.01425
      639  5.125 -28.28 0.01900
      640  5.125 -28.18 0.02375
      641  5.125 -28.08 0.01900
      642  5.125 -27.98 0.00475
      643  5.125 -27.88 0.04750
      644  5.125 -27.78 0.05225
      645  5.125 -27.68 0.03800
      646  5.125 -27.58 0.03325
      647  5.125 -27.48 0.04750
      648  5.125 -27.38 0.01425
      649  5.125 -27.28 0.02375
      650  5.125 -27.18 0.04750
      651  5.125 -27.08 0.06650
      652  5.125 -26.98 0.04750
      653  5.125 -26.88 0.08075
      654  5.125 -26.78 0.10450
      655  5.125 -26.68 0.07125
      656  5.125 -26.58 0.09500
      657  5.125 -26.48 0.09975
      658  5.125 -26.38 0.09500
      659  5.125 -26.28 0.12350
      660  5.125 -26.18 0.11400
      661  5.125 -26.08 0.11400
      662  5.125 -25.98 0.15200
      663  5.125 -25.88 0.14738
      664  5.125 -25.78 0.16555
      665  5.125 -25.68 0.16614
      666  5.125 -25.58 0.20070
      667  5.125 -25.48 0.19383
      668  5.125 -25.38 0.22906
      669  5.125 -25.28 0.23259
      670  5.125 -25.18 0.21287
      671  5.125 -25.08 0.25170
      672  5.125 -24.98 0.30457
      673  5.125 -24.88 0.28278
      674  5.125 -24.78 0.34043
      675  5.125 -24.68 0.31480
      676  5.125 -24.58 0.41903
      677  5.125 -24.48 0.32718
      678  5.125 -24.38 0.21588
      679  5.125 -24.28 0.06193
      680  5.125 -24.18 0.00605
      681  5.125 -24.08 0.00000
      682  5.125 -23.98 0.00000
      683  5.125 -23.88 0.00000
      684  5.125 -23.78 0.00000
      685  5.125 -23.68 0.00000
      686  5.125 -23.58 0.00000
      687  5.125 -23.48 0.00000
      688  5.125 -23.38 0.00000
      689  5.125 -23.28 0.00000
      690  5.175 -28.48 0.00475
      691  5.175 -28.38 0.01425
      692  5.175 -28.28 0.01425
      693  5.175 -28.18 0.00000
      694  5.175 -28.08 0.00475
      695  5.175 -27.98 0.00000
      696  5.175 -27.88 0.01425
      697  5.175 -27.78 0.01425
      698  5.175 -27.68 0.00475
      699  5.175 -27.58 0.00950
      700  5.175 -27.48 0.01900
      701  5.175 -27.38 0.00475
      702  5.175 -27.28 0.02375
      703  5.175 -27.18 0.00950
      704  5.175 -27.08 0.02375
      705  5.175 -26.98 0.01900
      706  5.175 -26.88 0.00950
      707  5.175 -26.78 0.03800
      708  5.175 -26.68 0.02850
      709  5.175 -26.58 0.01900
      710  5.175 -26.48 0.02375
      711  5.175 -26.38 0.03800
      712  5.175 -26.28 0.05700
      713  5.175 -26.18 0.06175
      714  5.175 -26.08 0.06650
      715  5.175 -25.98 0.01900
      716  5.175 -25.88 0.08486
      717  5.175 -25.78 0.07842
      718  5.175 -25.68 0.09372
      719  5.175 -25.58 0.12544
      720  5.175 -25.48 0.08660
      721  5.175 -25.38 0.06544
      722  5.175 -25.28 0.15506
      723  5.175 -25.18 0.13099
      724  5.175 -25.08 0.11141
      725  5.175 -24.98 0.16272
      726  5.175 -24.88 0.16461
      727  5.175 -24.78 0.18298
      728  5.175 -24.68 0.22121
      729  5.175 -24.58 0.21370
      730  5.175 -24.48 0.14541
      731  5.175 -24.38 0.04545
      732  5.175 -24.28 0.00000
      733  5.175 -24.18 0.00000
      734  5.175 -24.08 0.00000
      735  5.175 -23.98 0.00000
      736  5.175 -23.88 0.00000
      737  5.175 -23.78 0.00000
      738  5.175 -23.68 0.00000
      739  5.175 -23.58 0.00000
      740  5.175 -23.48 0.00000
      741  5.175 -23.38 0.00000
      742  5.175 -23.28 0.00000
      743  5.225 -28.48 0.00000
      744  5.225 -28.38 0.00000
      745  5.225 -28.28 0.00000
      746  5.225 -28.18 0.00000
      747  5.225 -28.08 0.00475
      748  5.225 -27.98 0.00475
      749  5.225 -27.88 0.00000
      750  5.225 -27.78 0.00475
      751  5.225 -27.68 0.00000
      752  5.225 -27.58 0.00475
      753  5.225 -27.48 0.00475
      754  5.225 -27.38 0.00475
      755  5.225 -27.28 0.00475
      756  5.225 -27.18 0.00000
      757  5.225 -27.08 0.00950
      758  5.225 -26.98 0.00475
      759  5.225 -26.88 0.00950
      760  5.225 -26.78 0.00950
      761  5.225 -26.68 0.00475
      762  5.225 -26.58 0.00950
      763  5.225 -26.48 0.01425
      764  5.225 -26.38 0.00475
      765  5.225 -26.28 0.00475
      766  5.225 -26.18 0.02375
      767  5.225 -26.08 0.00950
      768  5.225 -25.98 0.02850
      769  5.225 -25.88 0.00447
      770  5.225 -25.78 0.02614
      771  5.225 -25.68 0.04260
      772  5.225 -25.58 0.02509
      773  5.225 -25.48 0.02474
      774  5.225 -25.38 0.02454
      775  5.225 -25.28 0.04489
      776  5.225 -25.18 0.02866
      777  5.225 -25.08 0.07015
      778  5.225 -24.98 0.05841
      779  5.225 -24.88 0.08019
      780  5.225 -24.78 0.08936
      781  5.225 -24.68 0.07657
      782  5.225 -24.58 0.07543
      783  5.225 -24.48 0.01212
      784  5.225 -24.38 0.00000
      785  5.225 -24.28 0.00000
      786  5.225 -24.18 0.00000
      787  5.225 -24.08 0.00000
      788  5.225 -23.98 0.00000
      789  5.225 -23.88 0.00000
      790  5.225 -23.78 0.00000
      791  5.225 -23.68 0.00000
      792  5.225 -23.58 0.00000
      793  5.225 -23.48 0.00000
      794  5.225 -23.38 0.00000
      795  5.225 -23.28 0.00000
      796  5.275 -28.48 0.00475
      797  5.275 -28.38 0.00475
      798  5.275 -28.28 0.00000
      799  5.275 -28.18 0.00000
      800  5.275 -28.08 0.00475
      801  5.275 -27.98 0.00000
      802  5.275 -27.88 0.00475
      803  5.275 -27.78 0.00000
      804  5.275 -27.68 0.00000
      805  5.275 -27.58 0.00475
      806  5.275 -27.48 0.00000
      807  5.275 -27.38 0.00950
      808  5.275 -27.28 0.00000
      809  5.275 -27.18 0.00950
      810  5.275 -27.08 0.00000
      811  5.275 -26.98 0.00000
      812  5.275 -26.88 0.00000
      813  5.275 -26.78 0.00000
      814  5.275 -26.68 0.00950
      815  5.275 -26.58 0.00475
      816  5.275 -26.48 0.00475
      817  5.275 -26.38 0.01425
      818  5.275 -26.28 0.01425
      819  5.275 -26.18 0.00000
      820  5.275 -26.08 0.00475
      821  5.275 -25.98 0.01425
      822  5.275 -25.88 0.03573
      823  5.275 -25.78 0.02614
      824  5.275 -25.68 0.01278
      825  5.275 -25.58 0.04599
      826  5.275 -25.48 0.04124
      827  5.275 -25.38 0.04499
      828  5.275 -25.28 0.04897
      829  5.275 -25.18 0.03684
      830  5.275 -25.08 0.06189
      831  5.275 -24.98 0.06258
      832  5.275 -24.88 0.09285
      833  5.275 -24.78 0.09362
      834  5.275 -24.68 0.09359
      835  5.275 -24.58 0.02933
      836  5.275 -24.48 0.01212
      837  5.275 -24.38 0.00000
      838  5.275 -24.28 0.00000
      839  5.275 -24.18 0.00000
      840  5.275 -24.08 0.00000
      841  5.275 -23.98 0.00000
      842  5.275 -23.88 0.00000
      843  5.275 -23.78 0.00000
      844  5.275 -23.68 0.00000
      845  5.275 -23.58 0.00000
      846  5.275 -23.48 0.00000
      847  5.275 -23.38 0.00000
      848  5.275 -23.28 0.00000
      849  5.325 -28.48 0.00000
      850  5.325 -28.38 0.00000
      851  5.325 -28.28 0.00000
      852  5.325 -28.18 0.00000
      853  5.325 -28.08 0.00000
      854  5.325 -27.98 0.00000
      855  5.325 -27.88 0.00000
      856  5.325 -27.78 0.00000
      857  5.325 -27.68 0.00000
      858  5.325 -27.58 0.00000
      859  5.325 -27.48 0.00000
      860  5.325 -27.38 0.00475
      861  5.325 -27.28 0.00000
      862  5.325 -27.18 0.00000
      863  5.325 -27.08 0.00000
      864  5.325 -26.98 0.01425
      865  5.325 -26.88 0.00475
      866  5.325 -26.78 0.00000
      867  5.325 -26.68 0.00475
      868  5.325 -26.58 0.00000
      869  5.325 -26.48 0.02375
      870  5.325 -26.38 0.00950
      871  5.325 -26.28 0.01425
      872  5.325 -26.18 0.03325
      873  5.325 -26.08 0.01900
      874  5.325 -25.98 0.04275
      875  5.325 -25.88 0.03126
      876  5.325 -25.78 0.03485
      877  5.325 -25.68 0.02982
      878  5.325 -25.58 0.05017
      879  5.325 -25.48 0.02062
      880  5.325 -25.38 0.05726
      881  5.325 -25.28 0.06529
      882  5.325 -25.18 0.08187
      883  5.325 -25.08 0.06602
      884  5.325 -24.98 0.12099
      885  5.325 -24.88 0.08863
      886  5.325 -24.78 0.14043
      887  5.325 -24.68 0.07232
      888  5.325 -24.58 0.03352
      889  5.325 -24.48 0.01212
      890  5.325 -24.38 0.00000
      891  5.325 -24.28 0.00000
      892  5.325 -24.18 0.00000
      893  5.325 -24.08 0.00000
      894  5.325 -23.98 0.00000
      895  5.325 -23.88 0.00000
      896  5.325 -23.78 0.00000
      897  5.325 -23.68 0.00000
      898  5.325 -23.58 0.00000
      899  5.325 -23.48 0.00000
      900  5.325 -23.38 0.00000
      901  5.325 -23.28 0.00000
      902  5.375 -28.48 0.00000
      903  5.375 -28.38 0.00000
      904  5.375 -28.28 0.00000
      905  5.375 -28.18 0.00000
      906  5.375 -28.08 0.00000
      907  5.375 -27.98 0.00000
      908  5.375 -27.88 0.00000
      909  5.375 -27.78 0.00000
      910  5.375 -27.68 0.00000
      911  5.375 -27.58 0.00000
      912  5.375 -27.48 0.00000
      913  5.375 -27.38 0.00000
      914  5.375 -27.28 0.00000
      915  5.375 -27.18 0.00000
      916  5.375 -27.08 0.00000
      917  5.375 -26.98 0.00000
      918  5.375 -26.88 0.00475
      919  5.375 -26.78 0.00000
      920  5.375 -26.68 0.00000
      921  5.375 -26.58 0.00000
      922  5.375 -26.48 0.00475
      923  5.375 -26.38 0.00000
      924  5.375 -26.28 0.00000
      925  5.375 -26.18 0.00000
      926  5.375 -26.08 0.00475
      927  5.375 -25.98 0.00475
      928  5.375 -25.88 0.00447
      929  5.375 -25.78 0.00436
      930  5.375 -25.68 0.00852
      931  5.375 -25.58 0.02091
      932  5.375 -25.48 0.01650
      933  5.375 -25.38 0.02045
      934  5.375 -25.28 0.02448
      935  5.375 -25.18 0.04094
      936  5.375 -25.08 0.04952
      937  5.375 -24.98 0.03755
      938  5.375 -24.88 0.05909
      939  5.375 -24.78 0.03830
      940  5.375 -24.68 0.02978
      941  5.375 -24.58 0.00419
      942  5.375 -24.48 0.00404
      943  5.375 -24.38 0.00000
      944  5.375 -24.28 0.00000
      945  5.375 -24.18 0.00000
      946  5.375 -24.08 0.00000
      947  5.375 -23.98 0.00000
      948  5.375 -23.88 0.00000
      949  5.375 -23.78 0.00000
      950  5.375 -23.68 0.00000
      951  5.375 -23.58 0.00000
      952  5.375 -23.48 0.00000
      953  5.375 -23.38 0.00000
      954  5.375 -23.28 0.00000
      955  5.425 -28.48 0.00000
      956  5.425 -28.38 0.00000
      957  5.425 -28.28 0.00000
      958  5.425 -28.18 0.00000
      959  5.425 -28.08 0.00000
      960  5.425 -27.98 0.00000
      961  5.425 -27.88 0.00000
      962  5.425 -27.78 0.00000
      963  5.425 -27.68 0.00000
      964  5.425 -27.58 0.00000
      965  5.425 -27.48 0.00000
      966  5.425 -27.38 0.00000
      967  5.425 -27.28 0.00000
      968  5.425 -27.18 0.00000
      969  5.425 -27.08 0.00000
      970  5.425 -26.98 0.00000
      971  5.425 -26.88 0.00000
      972  5.425 -26.78 0.00000
      973  5.425 -26.68 0.00000
      974  5.425 -26.58 0.00475
      975  5.425 -26.48 0.00475
      976  5.425 -26.38 0.00000
      977  5.425 -26.28 0.00000
      978  5.425 -26.18 0.00000
      979  5.425 -26.08 0.00000
      980  5.425 -25.98 0.00475
      981  5.425 -25.88 0.00000
      982  5.425 -25.78 0.00436
      983  5.425 -25.68 0.00426
      984  5.425 -25.58 0.00000
      985  5.425 -25.48 0.00412
      986  5.425 -25.38 0.00000
      987  5.425 -25.28 0.00816
      988  5.425 -25.18 0.01637
      989  5.425 -25.08 0.00413
      990  5.425 -24.98 0.00417
      991  5.425 -24.88 0.03377
      992  5.425 -24.78 0.02979
      993  5.425 -24.68 0.00000
      994  5.425 -24.58 0.00000
      995  5.425 -24.48 0.00000
      996  5.425 -24.38 0.00000
      997  5.425 -24.28 0.00000
      998  5.425 -24.18 0.00000
      999  5.425 -24.08 0.00000
     1000  5.425 -23.98 0.00000
     1001  5.425 -23.88 0.00000
     1002  5.425 -23.78 0.00000
     1003  5.425 -23.68 0.00000
     1004  5.425 -23.58 0.00000
     1005  5.425 -23.48 0.00000
     1006  5.425 -23.38 0.00000
     1007  5.425 -23.28 0.00000
     1008  5.475 -28.48 0.00000
     1009  5.475 -28.38 0.00000
     1010  5.475 -28.28 0.00000
     1011  5.475 -28.18 0.00000
     1012  5.475 -28.08 0.00000
     1013  5.475 -27.98 0.00000
     1014  5.475 -27.88 0.00000
     1015  5.475 -27.78 0.00000
     1016  5.475 -27.68 0.00000
     1017  5.475 -27.58 0.00000
     1018  5.475 -27.48 0.00000
     1019  5.475 -27.38 0.00000
     1020  5.475 -27.28 0.00000
     1021  5.475 -27.18 0.00000
     1022  5.475 -27.08 0.00000
     1023  5.475 -26.98 0.00000
     1024  5.475 -26.88 0.00000
     1025  5.475 -26.78 0.00000
     1026  5.475 -26.68 0.00000
     1027  5.475 -26.58 0.00000
     1028  5.475 -26.48 0.00000
     1029  5.475 -26.38 0.00000
     1030  5.475 -26.28 0.00000
     1031  5.475 -26.18 0.00000
     1032  5.475 -26.08 0.00000
     1033  5.475 -25.98 0.00000
     1034  5.475 -25.88 0.00000
     1035  5.475 -25.78 0.00000
     1036  5.475 -25.68 0.00000
     1037  5.475 -25.58 0.00000
     1038  5.475 -25.48 0.00000
     1039  5.475 -25.38 0.00000
     1040  5.475 -25.28 0.00000
     1041  5.475 -25.18 0.00819
     1042  5.475 -25.08 0.00825
     1043  5.475 -24.98 0.01252
     1044  5.475 -24.88 0.00422
     1045  5.475 -24.78 0.00000
     1046  5.475 -24.68 0.00000
     1047  5.475 -24.58 0.00000
     1048  5.475 -24.48 0.00000
     1049  5.475 -24.38 0.00000
     1050  5.475 -24.28 0.00000
     1051  5.475 -24.18 0.00000
     1052  5.475 -24.08 0.00000
     1053  5.475 -23.98 0.00000
     1054  5.475 -23.88 0.00000
     1055  5.475 -23.78 0.00000
     1056  5.475 -23.68 0.00000
     1057  5.475 -23.58 0.00000
     1058  5.475 -23.48 0.00000
     1059  5.475 -23.38 0.00000
     1060  5.475 -23.28 0.00000
     1061  5.525 -28.48 0.00000
     1062  5.525 -28.38 0.00000
     1063  5.525 -28.28 0.00000
     1064  5.525 -28.18 0.00000
     1065  5.525 -28.08 0.00000
     1066  5.525 -27.98 0.00000
     1067  5.525 -27.88 0.00000
     1068  5.525 -27.78 0.00000
     1069  5.525 -27.68 0.00000
     1070  5.525 -27.58 0.00000
     1071  5.525 -27.48 0.00000
     1072  5.525 -27.38 0.00000
     1073  5.525 -27.28 0.00000
     1074  5.525 -27.18 0.00000
     1075  5.525 -27.08 0.00000
     1076  5.525 -26.98 0.00000
     1077  5.525 -26.88 0.00000
     1078  5.525 -26.78 0.00000
     1079  5.525 -26.68 0.00000
     1080  5.525 -26.58 0.00000
     1081  5.525 -26.48 0.00000
     1082  5.525 -26.38 0.00000
     1083  5.525 -26.28 0.00000
     1084  5.525 -26.18 0.00000
     1085  5.525 -26.08 0.00000
     1086  5.525 -25.98 0.00000
     1087  5.525 -25.88 0.00000
     1088  5.525 -25.78 0.00000
     1089  5.525 -25.68 0.00000
     1090  5.525 -25.58 0.00000
     1091  5.525 -25.48 0.00000
     1092  5.525 -25.38 0.00000
     1093  5.525 -25.28 0.00000
     1094  5.525 -25.18 0.00000
     1095  5.525 -25.08 0.00000
     1096  5.525 -24.98 0.00000
     1097  5.525 -24.88 0.00000
     1098  5.525 -24.78 0.00000
     1099  5.525 -24.68 0.00000
     1100  5.525 -24.58 0.00000
     1101  5.525 -24.48 0.00000
     1102  5.525 -24.38 0.00000
     1103  5.525 -24.28 0.00000
     1104  5.525 -24.18 0.00000
     1105  5.525 -24.08 0.00000
     1106  5.525 -23.98 0.00000
     1107  5.525 -23.88 0.00000
     1108  5.525 -23.78 0.00000
     1109  5.525 -23.68 0.00000
     1110  5.525 -23.58 0.00000
     1111  5.525 -23.48 0.00000
     1112  5.525 -23.38 0.00000
     1113  5.525 -23.28 0.00000
     1114  5.575 -28.48 0.00000
     1115  5.575 -28.38 0.00000
     1116  5.575 -28.28 0.00000
     1117  5.575 -28.18 0.00000
     1118  5.575 -28.08 0.00000
     1119  5.575 -27.98 0.00000
     1120  5.575 -27.88 0.00000
     1121  5.575 -27.78 0.00000
     1122  5.575 -27.68 0.00000
     1123  5.575 -27.58 0.00000
     1124  5.575 -27.48 0.00000
     1125  5.575 -27.38 0.00000
     1126  5.575 -27.28 0.00000
     1127  5.575 -27.18 0.00000
     1128  5.575 -27.08 0.00000
     1129  5.575 -26.98 0.00000
     1130  5.575 -26.88 0.00000
     1131  5.575 -26.78 0.00000
     1132  5.575 -26.68 0.00000
     1133  5.575 -26.58 0.00000
     1134  5.575 -26.48 0.00000
     1135  5.575 -26.38 0.00000
     1136  5.575 -26.28 0.00000
     1137  5.575 -26.18 0.00000
     1138  5.575 -26.08 0.00000
     1139  5.575 -25.98 0.00000
     1140  5.575 -25.88 0.00000
     1141  5.575 -25.78 0.00000
     1142  5.575 -25.68 0.00000
     1143  5.575 -25.58 0.00000
     1144  5.575 -25.48 0.00000
     1145  5.575 -25.38 0.00000
     1146  5.575 -25.28 0.00000
     1147  5.575 -25.18 0.00000
     1148  5.575 -25.08 0.00000
     1149  5.575 -24.98 0.00000
     1150  5.575 -24.88 0.00000
     1151  5.575 -24.78 0.00000
     1152  5.575 -24.68 0.00000
     1153  5.575 -24.58 0.00000
     1154  5.575 -24.48 0.00000
     1155  5.575 -24.38 0.00000
     1156  5.575 -24.28 0.00000
     1157  5.575 -24.18 0.00000
     1158  5.575 -24.08 0.00000
     1159  5.575 -23.98 0.00000
     1160  5.575 -23.88 0.00000
     1161  5.575 -23.78 0.00000
     1162  5.575 -23.68 0.00000
     1163  5.575 -23.58 0.00000
     1164  5.575 -23.48 0.00000
     1165  5.575 -23.38 0.00000
     1166  5.575 -23.28 0.00000
