## redshift, log_Phi log_Phi_err_down, log_Phi_err_up, Mstar, Mstar_err_down, Mstar_err_up, alpha, alpha_err_down, alpha_err_up, beta, beta_err_down, beta_err_up
##
 0.49  -6.020   -6.140   -5.890  -24.294  -24.474  -24.054   -1.699   -1.869   -1.489   -3.176   -3.336   -3.026
 0.87  -6.371   -6.501   -6.281  -25.779  -25.889  -25.639   -1.489   -1.759   -1.199   -3.775   -3.885   -3.515
 1.25  -6.055   -6.085   -5.985  -25.923  -25.963  -25.813   -1.251   -1.261   -1.161   -3.599   -3.719   -3.489
 1.63  -6.146   -6.176   -6.096  -26.601  -26.671  -26.481   -1.396   -1.416   -1.346   -3.690   -3.810   -3.590
 2.01  -5.998   -6.028   -5.848  -26.600  -26.640  -26.310   -1.140   -1.170   -0.980   -3.424   -3.484   -3.294
 2.25  -5.828   -5.938   -5.588  -26.172  -26.422  -25.522   -1.280   -1.750   -1.110   -2.809   -2.939   -2.469
 2.35  -6.045   -6.165   -6.005  -26.640  -26.800  -26.530   -1.212   -1.392   -0.602   -3.774   -2.774   -3.634
 2.45  -6.029   -6.089   -5.929  -26.627  -26.737  -26.237   -1.279   -1.669   -1.089   -3.461   -3.751   -2.791
 2.55  -6.042   -6.642   -5.972  -26.685  -26.925  -26.455   -1.191   -1.831   -1.051   -3.205   -3.585   -2.895
 2.65  -6.188   -6.258   -6.118  -26.970  -27.100  -26.670   -1.202   -1.422   -0.202   -3.822   -4.262   -3.112
 2.75  -6.284   -6.334   -6.184  -27.052  -27.192  -26.822   -1.199   -1.439   -0.589   -3.496   -4.056   -3.066
 2.90  -6.314   -6.334   -6.254  -26.939  -27.079  -26.809   -1.142   -1.442   -0.922   -3.285   -3.585   -2.985
 3.12  -6.541   -6.621   -6.431  -27.337  -27.457  -27.127   -1.323   -1.553   -0.323   -3.724   -3.934   -3.014
 3.38  -6.809   -6.829   -6.739  -27.540  -27.650  -27.280   -1.271   -1.351   -0.271   -3.268   -2.268   -2.948
