# Willott et al. (2010) selection function for CFHQS Deep Survey (4.47deg2)
# corrected for cosmology in M1450
# counter  z     M1450  p
        1  5.700 -29.00 0.03090
        2  5.700 -28.90 0.03090
        3  5.700 -28.80 0.03090
        4  5.700 -28.70 0.03090
        5  5.700 -28.60 0.03090
        6  5.700 -28.50 0.03090
        7  5.700 -28.40 0.03090
        8  5.700 -28.30 0.03090
        9  5.700 -28.20 0.03090
       10  5.700 -28.10 0.03090
       11  5.700 -28.00 0.03090
       12  5.700 -27.90 0.03090
       13  5.700 -27.80 0.03090
       14  5.700 -27.70 0.03090
       15  5.700 -27.60 0.03090
       16  5.700 -27.50 0.03090
       17  5.700 -27.40 0.03090
       18  5.700 -27.30 0.03090
       19  5.700 -27.20 0.03090
       20  5.700 -27.10 0.03090
       21  5.700 -27.00 0.03090
       22  5.700 -26.90 0.03090
       23  5.700 -26.80 0.03090
       24  5.700 -26.70 0.03090
       25  5.700 -26.60 0.03090
       26  5.700 -26.50 0.03090
       27  5.700 -26.40 0.03090
       28  5.700 -26.30 0.03090
       29  5.700 -26.20 0.03090
       30  5.700 -26.10 0.03090
       31  5.700 -26.00 0.03090
       32  5.700 -25.90 0.03090
       33  5.700 -25.80 0.03090
       34  5.700 -25.70 0.03090
       35  5.700 -25.60 0.03080
       36  5.700 -25.50 0.03060
       37  5.700 -25.40 0.03010
       38  5.700 -25.30 0.02880
       39  5.700 -25.20 0.02680
       40  5.700 -25.10 0.02460
       41  5.700 -25.00 0.02310
       42  5.700 -24.90 0.02190
       43  5.700 -24.80 0.02060
       44  5.700 -24.70 0.01940
       45  5.700 -24.60 0.01880
       46  5.700 -24.50 0.01970
       47  5.700 -24.40 0.02140
       48  5.700 -24.30 0.02300
       49  5.700 -24.20 0.02380
       50  5.700 -24.10 0.02370
       51  5.700 -24.00 0.02230
       52  5.700 -23.90 0.02050
       53  5.700 -23.80 0.01980
       54  5.700 -23.70 0.02050
       55  5.700 -23.60 0.02160
       56  5.700 -23.50 0.02180
       57  5.700 -23.40 0.02140
       58  5.700 -23.30 0.02140
       59  5.700 -23.20 0.02210
       60  5.700 -23.10 0.02220
       61  5.700 -23.00 0.02070
       62  5.700 -22.90 0.01870
       63  5.700 -22.80 0.01910
       64  5.700 -22.70 0.02190
       65  5.700 -22.60 0.02470
       66  5.700 -22.50 0.02450
       67  5.700 -22.40 0.02240
       68  5.700 -22.30 0.02190
       69  5.700 -22.20 0.02360
       70  5.700 -22.10 0.02430
       71  5.700 -22.00 0.02020
       72  5.700 -21.90 0.01030
       73  5.700 -21.80 0.00000
       74  5.700 -21.70 0.00000
       75  5.700 -21.60 0.00000
       76  5.700 -21.50 0.00000
       77  5.700 -21.40 0.00000
       78  5.700 -21.30 0.00000
       79  5.700 -21.20 0.00000
       80  5.700 -21.10 0.00000
       81  5.725 -29.00 0.03290
       82  5.725 -28.90 0.03430
       83  5.725 -28.80 0.03430
       84  5.725 -28.70 0.03430
       85  5.725 -28.60 0.03430
       86  5.725 -28.50 0.03430
       87  5.725 -28.40 0.03430
       88  5.725 -28.30 0.03430
       89  5.725 -28.20 0.03430
       90  5.725 -28.10 0.03430
       91  5.725 -28.00 0.03430
       92  5.725 -27.90 0.03430
       93  5.725 -27.80 0.03430
       94  5.725 -27.70 0.03430
       95  5.725 -27.60 0.03430
       96  5.725 -27.50 0.03430
       97  5.725 -27.40 0.03430
       98  5.725 -27.30 0.03430
       99  5.725 -27.20 0.03430
      100  5.725 -27.10 0.03430
      101  5.725 -27.00 0.03430
      102  5.725 -26.90 0.03430
      103  5.725 -26.80 0.03430
      104  5.725 -26.70 0.03430
      105  5.725 -26.60 0.03430
      106  5.725 -26.50 0.03430
      107  5.725 -26.40 0.03430
      108  5.725 -26.30 0.03430
      109  5.725 -26.20 0.03430
      110  5.725 -26.10 0.03430
      111  5.725 -26.00 0.03430
      112  5.725 -25.90 0.03430
      113  5.725 -25.80 0.03430
      114  5.725 -25.70 0.03430
      115  5.725 -25.60 0.03430
      116  5.725 -25.50 0.03430
      117  5.725 -25.40 0.03440
      118  5.725 -25.30 0.03440
      119  5.725 -25.20 0.03470
      120  5.725 -25.10 0.03520
      121  5.725 -25.00 0.03620
      122  5.725 -24.90 0.03750
      123  5.725 -24.80 0.03840
      124  5.725 -24.70 0.03870
      125  5.725 -24.60 0.03910
      126  5.725 -24.50 0.04060
      127  5.725 -24.40 0.04280
      128  5.725 -24.30 0.04440
      129  5.725 -24.20 0.04460
      130  5.725 -24.10 0.04400
      131  5.725 -24.00 0.04340
      132  5.725 -23.90 0.04320
      133  5.725 -23.80 0.04360
      134  5.725 -23.70 0.04450
      135  5.725 -23.60 0.04550
      136  5.725 -23.50 0.04570
      137  5.725 -23.40 0.04530
      138  5.725 -23.30 0.04450
      139  5.725 -23.20 0.04360
      140  5.725 -23.10 0.04260
      141  5.725 -23.00 0.04130
      142  5.725 -22.90 0.04040
      143  5.725 -22.80 0.04160
      144  5.725 -22.70 0.04490
      145  5.725 -22.60 0.04740
      146  5.725 -22.50 0.04580
      147  5.725 -22.40 0.04090
      148  5.725 -22.30 0.03690
      149  5.725 -22.20 0.03550
      150  5.725 -22.10 0.03420
      151  5.725 -22.00 0.02780
      152  5.725 -21.90 0.01640
      153  5.725 -21.80 0.00000
      154  5.725 -21.70 0.00000
      155  5.725 -21.60 0.00000
      156  5.725 -21.50 0.00000
      157  5.725 -21.40 0.00000
      158  5.725 -21.30 0.00000
      159  5.725 -21.20 0.00000
      160  5.725 -21.10 0.00000
      161  5.750 -29.00 0.06680
      162  5.750 -28.90 0.06990
      163  5.750 -28.80 0.06990
      164  5.750 -28.70 0.06990
      165  5.750 -28.60 0.06990
      166  5.750 -28.50 0.06990
      167  5.750 -28.40 0.06990
      168  5.750 -28.30 0.06990
      169  5.750 -28.20 0.06990
      170  5.750 -28.10 0.06990
      171  5.750 -28.00 0.06990
      172  5.750 -27.90 0.06990
      173  5.750 -27.80 0.06990
      174  5.750 -27.70 0.06990
      175  5.750 -27.60 0.06990
      176  5.750 -27.50 0.06990
      177  5.750 -27.40 0.06990
      178  5.750 -27.30 0.06990
      179  5.750 -27.20 0.06990
      180  5.750 -27.10 0.06990
      181  5.750 -27.00 0.06990
      182  5.750 -26.90 0.06990
      183  5.750 -26.80 0.06990
      184  5.750 -26.70 0.06990
      185  5.750 -26.60 0.06990
      186  5.750 -26.50 0.06990
      187  5.750 -26.40 0.06990
      188  5.750 -26.30 0.06990
      189  5.750 -26.20 0.06990
      190  5.750 -26.10 0.06990
      191  5.750 -26.00 0.06990
      192  5.750 -25.90 0.06990
      193  5.750 -25.80 0.06990
      194  5.750 -25.70 0.06990
      195  5.750 -25.60 0.06990
      196  5.750 -25.50 0.06980
      197  5.750 -25.40 0.06970
      198  5.750 -25.30 0.06960
      199  5.750 -25.20 0.06950
      200  5.750 -25.10 0.06980
      201  5.750 -25.00 0.07080
      202  5.750 -24.90 0.07270
      203  5.750 -24.80 0.07540
      204  5.750 -24.70 0.07850
      205  5.750 -24.60 0.08170
      206  5.750 -24.50 0.08440
      207  5.750 -24.40 0.08610
      208  5.750 -24.30 0.08630
      209  5.750 -24.20 0.08500
      210  5.750 -24.10 0.08360
      211  5.750 -24.00 0.08370
      212  5.750 -23.90 0.08540
      213  5.750 -23.80 0.08750
      214  5.750 -23.70 0.08910
      215  5.750 -23.60 0.09010
      216  5.750 -23.50 0.09050
      217  5.750 -23.40 0.09000
      218  5.750 -23.30 0.08820
      219  5.750 -23.20 0.08510
      220  5.750 -23.10 0.08170
      221  5.750 -23.00 0.07920
      222  5.750 -22.90 0.07850
      223  5.750 -22.80 0.08010
      224  5.750 -22.70 0.08340
      225  5.750 -22.60 0.08520
      226  5.750 -22.50 0.08180
      227  5.750 -22.40 0.07430
      228  5.750 -22.30 0.06800
      229  5.750 -22.20 0.06470
      230  5.750 -22.10 0.06070
      231  5.750 -22.00 0.04880
      232  5.750 -21.90 0.02950
      233  5.750 -21.80 0.01370
      234  5.750 -21.70 0.00000
      235  5.750 -21.60 0.00000
      236  5.750 -21.50 0.00000
      237  5.750 -21.40 0.00000
      238  5.750 -21.30 0.00000
      239  5.750 -21.20 0.00000
      240  5.750 -21.10 0.00000
      241  5.775 -29.00 0.13210
      242  5.775 -28.90 0.13770
      243  5.775 -28.80 0.13770
      244  5.775 -28.70 0.13770
      245  5.775 -28.60 0.13770
      246  5.775 -28.50 0.13770
      247  5.775 -28.40 0.13770
      248  5.775 -28.30 0.13770
      249  5.775 -28.20 0.13770
      250  5.775 -28.10 0.13770
      251  5.775 -28.00 0.13770
      252  5.775 -27.90 0.13770
      253  5.775 -27.80 0.13770
      254  5.775 -27.70 0.13770
      255  5.775 -27.60 0.13770
      256  5.775 -27.50 0.13770
      257  5.775 -27.40 0.13770
      258  5.775 -27.30 0.13770
      259  5.775 -27.20 0.13770
      260  5.775 -27.10 0.13770
      261  5.775 -27.00 0.13770
      262  5.775 -26.90 0.13770
      263  5.775 -26.80 0.13770
      264  5.775 -26.70 0.13770
      265  5.775 -26.60 0.13770
      266  5.775 -26.50 0.13770
      267  5.775 -26.40 0.13770
      268  5.775 -26.30 0.13770
      269  5.775 -26.20 0.13770
      270  5.775 -26.10 0.13770
      271  5.775 -26.00 0.13770
      272  5.775 -25.90 0.13770
      273  5.775 -25.80 0.13770
      274  5.775 -25.70 0.13770
      275  5.775 -25.60 0.13780
      276  5.775 -25.50 0.13790
      277  5.775 -25.40 0.13820
      278  5.775 -25.30 0.13890
      279  5.775 -25.20 0.13980
      280  5.775 -25.10 0.14080
      281  5.775 -25.00 0.14190
      282  5.775 -24.90 0.14340
      283  5.775 -24.80 0.14640
      284  5.775 -24.70 0.15100
      285  5.775 -24.60 0.15590
      286  5.775 -24.50 0.15920
      287  5.775 -24.40 0.16040
      288  5.775 -24.30 0.15990
      289  5.775 -24.20 0.15850
      290  5.775 -24.10 0.15740
      291  5.775 -24.00 0.15780
      292  5.775 -23.90 0.15970
      293  5.775 -23.80 0.16180
      294  5.775 -23.70 0.16350
      295  5.775 -23.60 0.16480
      296  5.775 -23.50 0.16620
      297  5.775 -23.40 0.16710
      298  5.775 -23.30 0.16580
      299  5.775 -23.20 0.16170
      300  5.775 -23.10 0.15610
      301  5.775 -23.00 0.15120
      302  5.775 -22.90 0.14850
      303  5.775 -22.80 0.14930
      304  5.775 -22.70 0.15290
      305  5.775 -22.60 0.15510
      306  5.775 -22.50 0.15090
      307  5.775 -22.40 0.14180
      308  5.775 -22.30 0.13210
      309  5.775 -22.20 0.12410
      310  5.775 -22.10 0.11340
      311  5.775 -22.00 0.08930
      312  5.775 -21.90 0.05580
      313  5.775 -21.80 0.02700
      314  5.775 -21.70 0.01230
      315  5.775 -21.60 0.00000
      316  5.775 -21.50 0.00000
      317  5.775 -21.40 0.00000
      318  5.775 -21.30 0.00000
      319  5.775 -21.20 0.00000
      320  5.775 -21.10 0.00000
      321  5.800 -29.00 0.22370
      322  5.800 -28.90 0.22970
      323  5.800 -28.80 0.22970
      324  5.800 -28.70 0.22970
      325  5.800 -28.60 0.22970
      326  5.800 -28.50 0.22970
      327  5.800 -28.40 0.22970
      328  5.800 -28.30 0.22970
      329  5.800 -28.20 0.22970
      330  5.800 -28.10 0.22970
      331  5.800 -28.00 0.22970
      332  5.800 -27.90 0.22970
      333  5.800 -27.80 0.22970
      334  5.800 -27.70 0.22970
      335  5.800 -27.60 0.22970
      336  5.800 -27.50 0.22970
      337  5.800 -27.40 0.22970
      338  5.800 -27.30 0.22970
      339  5.800 -27.20 0.22970
      340  5.800 -27.10 0.22970
      341  5.800 -27.00 0.22970
      342  5.800 -26.90 0.22970
      343  5.800 -26.80 0.22970
      344  5.800 -26.70 0.22970
      345  5.800 -26.60 0.22970
      346  5.800 -26.50 0.22970
      347  5.800 -26.40 0.22970
      348  5.800 -26.30 0.22970
      349  5.800 -26.20 0.22970
      350  5.800 -26.10 0.22970
      351  5.800 -26.00 0.22970
      352  5.800 -25.90 0.22970
      353  5.800 -25.80 0.22970
      354  5.800 -25.70 0.22970
      355  5.800 -25.60 0.22980
      356  5.800 -25.50 0.22990
      357  5.800 -25.40 0.23010
      358  5.800 -25.30 0.23050
      359  5.800 -25.20 0.23120
      360  5.800 -25.10 0.23230
      361  5.800 -25.00 0.23390
      362  5.800 -24.90 0.23650
      363  5.800 -24.80 0.24100
      364  5.800 -24.70 0.24730
      365  5.800 -24.60 0.25390
      366  5.800 -24.50 0.25950
      367  5.800 -24.40 0.26290
      368  5.800 -24.30 0.26350
      369  5.800 -24.20 0.26190
      370  5.800 -24.10 0.26060
      371  5.800 -24.00 0.26200
      372  5.800 -23.90 0.26570
      373  5.800 -23.80 0.26940
      374  5.800 -23.70 0.27190
      375  5.800 -23.60 0.27340
      376  5.800 -23.50 0.27420
      377  5.800 -23.40 0.27350
      378  5.800 -23.30 0.26990
      379  5.800 -23.20 0.26350
      380  5.800 -23.10 0.25620
      381  5.800 -23.00 0.25040
      382  5.800 -22.90 0.24780
      383  5.800 -22.80 0.24930
      384  5.800 -22.70 0.25310
      385  5.800 -22.60 0.25260
      386  5.800 -22.50 0.24360
      387  5.800 -22.40 0.22730
      388  5.800 -22.30 0.21000
      389  5.800 -22.20 0.19480
      390  5.800 -22.10 0.17260
      391  5.800 -22.00 0.13070
      392  5.800 -21.90 0.08070
      393  5.800 -21.80 0.03890
      394  5.800 -21.70 0.01820
      395  5.800 -21.60 0.00000
      396  5.800 -21.50 0.00000
      397  5.800 -21.40 0.00000
      398  5.800 -21.30 0.00000
      399  5.800 -21.20 0.00000
      400  5.800 -21.10 0.00000
      401  5.825 -29.00 0.34890
      402  5.825 -28.90 0.35500
      403  5.825 -28.80 0.35500
      404  5.825 -28.70 0.35500
      405  5.825 -28.60 0.35500
      406  5.825 -28.50 0.35500
      407  5.825 -28.40 0.35500
      408  5.825 -28.30 0.35500
      409  5.825 -28.20 0.35500
      410  5.825 -28.10 0.35500
      411  5.825 -28.00 0.35500
      412  5.825 -27.90 0.35500
      413  5.825 -27.80 0.35500
      414  5.825 -27.70 0.35500
      415  5.825 -27.60 0.35500
      416  5.825 -27.50 0.35500
      417  5.825 -27.40 0.35500
      418  5.825 -27.30 0.35500
      419  5.825 -27.20 0.35500
      420  5.825 -27.10 0.35500
      421  5.825 -27.00 0.35500
      422  5.825 -26.90 0.35500
      423  5.825 -26.80 0.35500
      424  5.825 -26.70 0.35500
      425  5.825 -26.60 0.35500
      426  5.825 -26.50 0.35500
      427  5.825 -26.40 0.35500
      428  5.825 -26.30 0.35500
      429  5.825 -26.20 0.35500
      430  5.825 -26.10 0.35500
      431  5.825 -26.00 0.35500
      432  5.825 -25.90 0.35500
      433  5.825 -25.80 0.35500
      434  5.825 -25.70 0.35490
      435  5.825 -25.60 0.35490
      436  5.825 -25.50 0.35480
      437  5.825 -25.40 0.35480
      438  5.825 -25.30 0.35480
      439  5.825 -25.20 0.35530
      440  5.825 -25.10 0.35680
      441  5.825 -25.00 0.35990
      442  5.825 -24.90 0.36470
      443  5.825 -24.80 0.37100
      444  5.825 -24.70 0.37830
      445  5.825 -24.60 0.38570
      446  5.825 -24.50 0.39220
      447  5.825 -24.40 0.39610
      448  5.825 -24.30 0.39650
      449  5.825 -24.20 0.39460
      450  5.825 -24.10 0.39410
      451  5.825 -24.00 0.39730
      452  5.825 -23.90 0.40270
      453  5.825 -23.80 0.40750
      454  5.825 -23.70 0.41010
      455  5.825 -23.60 0.41100
      456  5.825 -23.50 0.41070
      457  5.825 -23.40 0.40790
      458  5.825 -23.30 0.40190
      459  5.825 -23.20 0.39330
      460  5.825 -23.10 0.38480
      461  5.825 -23.00 0.37870
      462  5.825 -22.90 0.37650
      463  5.825 -22.80 0.37750
      464  5.825 -22.70 0.37850
      465  5.825 -22.60 0.37290
      466  5.825 -22.50 0.35930
      467  5.825 -22.40 0.33850
      468  5.825 -22.30 0.31780
      469  5.825 -22.20 0.29410
      470  5.825 -22.10 0.25110
      471  5.825 -22.00 0.18330
      472  5.825 -21.90 0.10890
      473  5.825 -21.80 0.05110
      474  5.825 -21.70 0.02490
      475  5.825 -21.60 0.01180
      476  5.825 -21.50 0.00000
      477  5.825 -21.40 0.00000
      478  5.825 -21.30 0.00000
      479  5.825 -21.20 0.00000
      480  5.825 -21.10 0.00000
      481  5.850 -29.00 0.52340
      482  5.850 -28.90 0.53140
      483  5.850 -28.80 0.53140
      484  5.850 -28.70 0.53140
      485  5.850 -28.60 0.53140
      486  5.850 -28.50 0.53140
      487  5.850 -28.40 0.53140
      488  5.850 -28.30 0.53140
      489  5.850 -28.20 0.53140
      490  5.850 -28.10 0.53140
      491  5.850 -28.00 0.53140
      492  5.850 -27.90 0.53140
      493  5.850 -27.80 0.53140
      494  5.850 -27.70 0.53140
      495  5.850 -27.60 0.53140
      496  5.850 -27.50 0.53140
      497  5.850 -27.40 0.53140
      498  5.850 -27.30 0.53140
      499  5.850 -27.20 0.53140
      500  5.850 -27.10 0.53140
      501  5.850 -27.00 0.53140
      502  5.850 -26.90 0.53140
      503  5.850 -26.80 0.53140
      504  5.850 -26.70 0.53140
      505  5.850 -26.60 0.53140
      506  5.850 -26.50 0.53140
      507  5.850 -26.40 0.53140
      508  5.850 -26.30 0.53140
      509  5.850 -26.20 0.53140
      510  5.850 -26.10 0.53140
      511  5.850 -26.00 0.53140
      512  5.850 -25.90 0.53140
      513  5.850 -25.80 0.53150
      514  5.850 -25.70 0.53170
      515  5.850 -25.60 0.53220
      516  5.850 -25.50 0.53300
      517  5.850 -25.40 0.53460
      518  5.850 -25.30 0.53730
      519  5.850 -25.20 0.54130
      520  5.850 -25.10 0.54680
      521  5.850 -25.00 0.55340
      522  5.850 -24.90 0.56020
      523  5.850 -24.80 0.56600
      524  5.850 -24.70 0.57010
      525  5.850 -24.60 0.57220
      526  5.850 -24.50 0.57250
      527  5.850 -24.40 0.57150
      528  5.850 -24.30 0.57020
      529  5.850 -24.20 0.56950
      530  5.850 -24.10 0.57010
      531  5.850 -24.00 0.57230
      532  5.850 -23.90 0.57500
      533  5.850 -23.80 0.57680
      534  5.850 -23.70 0.57780
      535  5.850 -23.60 0.57900
      536  5.850 -23.50 0.58030
      537  5.850 -23.40 0.57980
      538  5.850 -23.30 0.57540
      539  5.850 -23.20 0.56670
      540  5.850 -23.10 0.55630
      541  5.850 -23.00 0.54670
      542  5.850 -22.90 0.54060
      543  5.850 -22.80 0.53880
      544  5.850 -22.70 0.53760
      545  5.850 -22.60 0.53460
      546  5.850 -22.50 0.52370
      547  5.850 -22.40 0.50610
      548  5.850 -22.30 0.47970
      549  5.850 -22.20 0.43860
      550  5.850 -22.10 0.35900
      551  5.850 -22.00 0.25630
      552  5.850 -21.90 0.14280
      553  5.850 -21.80 0.06660
      554  5.850 -21.70 0.03380
      555  5.850 -21.60 0.01600
      556  5.850 -21.50 0.00000
      557  5.850 -21.40 0.00000
      558  5.850 -21.30 0.00000
      559  5.850 -21.20 0.00000
      560  5.850 -21.10 0.00000
      561  5.875 -29.00 0.72060
      562  5.875 -28.90 0.71790
      563  5.875 -28.80 0.71790
      564  5.875 -28.70 0.71790
      565  5.875 -28.60 0.71790
      566  5.875 -28.50 0.71790
      567  5.875 -28.40 0.71790
      568  5.875 -28.30 0.71790
      569  5.875 -28.20 0.71790
      570  5.875 -28.10 0.71790
      571  5.875 -28.00 0.71790
      572  5.875 -27.90 0.71790
      573  5.875 -27.80 0.71790
      574  5.875 -27.70 0.71790
      575  5.875 -27.60 0.71790
      576  5.875 -27.50 0.71790
      577  5.875 -27.40 0.71790
      578  5.875 -27.30 0.71790
      579  5.875 -27.20 0.71790
      580  5.875 -27.10 0.71790
      581  5.875 -27.00 0.71790
      582  5.875 -26.90 0.71790
      583  5.875 -26.80 0.71790
      584  5.875 -26.70 0.71790
      585  5.875 -26.60 0.71790
      586  5.875 -26.50 0.71790
      587  5.875 -26.40 0.71790
      588  5.875 -26.30 0.71790
      589  5.875 -26.20 0.71790
      590  5.875 -26.10 0.71790
      591  5.875 -26.00 0.71800
      592  5.875 -25.90 0.71820
      593  5.875 -25.80 0.71870
      594  5.875 -25.70 0.71960
      595  5.875 -25.60 0.72130
      596  5.875 -25.50 0.72470
      597  5.875 -25.40 0.73030
      598  5.875 -25.30 0.73860
      599  5.875 -25.20 0.74940
      600  5.875 -25.10 0.76110
      601  5.875 -25.00 0.77160
      602  5.875 -24.90 0.77800
      603  5.875 -24.80 0.77900
      604  5.875 -24.70 0.77550
      605  5.875 -24.60 0.77060
      606  5.875 -24.50 0.76610
      607  5.875 -24.40 0.76350
      608  5.875 -24.30 0.76360
      609  5.875 -24.20 0.76500
      610  5.875 -24.10 0.76540
      611  5.875 -24.00 0.76430
      612  5.875 -23.90 0.76260
      613  5.875 -23.80 0.76130
      614  5.875 -23.70 0.76170
      615  5.875 -23.60 0.76390
      616  5.875 -23.50 0.76700
      617  5.875 -23.40 0.76800
      618  5.875 -23.30 0.76460
      619  5.875 -23.20 0.75550
      620  5.875 -23.10 0.74250
      621  5.875 -23.00 0.72900
      622  5.875 -22.90 0.71980
      623  5.875 -22.80 0.71640
      624  5.875 -22.70 0.71640
      625  5.875 -22.60 0.71370
      626  5.875 -22.50 0.69900
      627  5.875 -22.40 0.67500
      628  5.875 -22.30 0.62950
      629  5.875 -22.20 0.54870
      630  5.875 -22.10 0.42200
      631  5.875 -22.00 0.27430
      632  5.875 -21.90 0.13980
      633  5.875 -21.80 0.07200
      634  5.875 -21.70 0.03750
      635  5.875 -21.60 0.01720
      636  5.875 -21.50 0.00000
      637  5.875 -21.40 0.00000
      638  5.875 -21.30 0.00000
      639  5.875 -21.20 0.00000
      640  5.875 -21.10 0.00000
      641  5.900 -29.00 0.85740
      642  5.900 -28.90 0.85520
      643  5.900 -28.80 0.85520
      644  5.900 -28.70 0.85520
      645  5.900 -28.60 0.85520
      646  5.900 -28.50 0.85520
      647  5.900 -28.40 0.85520
      648  5.900 -28.30 0.85520
      649  5.900 -28.20 0.85520
      650  5.900 -28.10 0.85520
      651  5.900 -28.00 0.85520
      652  5.900 -27.90 0.85520
      653  5.900 -27.80 0.85520
      654  5.900 -27.70 0.85520
      655  5.900 -27.60 0.85520
      656  5.900 -27.50 0.85520
      657  5.900 -27.40 0.85520
      658  5.900 -27.30 0.85520
      659  5.900 -27.20 0.85520
      660  5.900 -27.10 0.85520
      661  5.900 -27.00 0.85520
      662  5.900 -26.90 0.85520
      663  5.900 -26.80 0.85520
      664  5.900 -26.70 0.85520
      665  5.900 -26.60 0.85520
      666  5.900 -26.50 0.85520
      667  5.900 -26.40 0.85520
      668  5.900 -26.30 0.85520
      669  5.900 -26.20 0.85520
      670  5.900 -26.10 0.85520
      671  5.900 -26.00 0.85540
      672  5.900 -25.90 0.85570
      673  5.900 -25.80 0.85640
      674  5.900 -25.70 0.85780
      675  5.900 -25.60 0.86020
      676  5.900 -25.50 0.86470
      677  5.900 -25.40 0.87170
      678  5.900 -25.30 0.88090
      679  5.900 -25.20 0.89100
      680  5.900 -25.10 0.90040
      681  5.900 -25.00 0.90620
      682  5.900 -24.90 0.90670
      683  5.900 -24.80 0.90280
      684  5.900 -24.70 0.89840
      685  5.900 -24.60 0.89600
      686  5.900 -24.50 0.89630
      687  5.900 -24.40 0.89870
      688  5.900 -24.30 0.90180
      689  5.900 -24.20 0.90400
      690  5.900 -24.10 0.90450
      691  5.900 -24.00 0.90340
      692  5.900 -23.90 0.90190
      693  5.900 -23.80 0.90100
      694  5.900 -23.70 0.90220
      695  5.900 -23.60 0.90500
      696  5.900 -23.50 0.90720
      697  5.900 -23.40 0.90630
      698  5.900 -23.30 0.90080
      699  5.900 -23.20 0.89040
      700  5.900 -23.10 0.87660
      701  5.900 -23.00 0.86330
      702  5.900 -22.90 0.85420
      703  5.900 -22.80 0.84720
      704  5.900 -22.70 0.84450
      705  5.900 -22.60 0.83370
      706  5.900 -22.50 0.81180
      707  5.900 -22.40 0.77210
      708  5.900 -22.30 0.70280
      709  5.900 -22.20 0.58290
      710  5.900 -22.10 0.41440
      711  5.900 -22.00 0.24090
      712  5.900 -21.90 0.12330
      713  5.900 -21.80 0.06230
      714  5.900 -21.70 0.03010
      715  5.900 -21.60 0.01370
      716  5.900 -21.50 0.00000
      717  5.900 -21.40 0.00000
      718  5.900 -21.30 0.00000
      719  5.900 -21.20 0.00000
      720  5.900 -21.10 0.00000
      721  5.925 -29.00 0.93300
      722  5.925 -28.90 0.93160
      723  5.925 -28.80 0.93160
      724  5.925 -28.70 0.93160
      725  5.925 -28.60 0.93160
      726  5.925 -28.50 0.93160
      727  5.925 -28.40 0.93160
      728  5.925 -28.30 0.93160
      729  5.925 -28.20 0.93160
      730  5.925 -28.10 0.93160
      731  5.925 -28.00 0.93160
      732  5.925 -27.90 0.93160
      733  5.925 -27.80 0.93160
      734  5.925 -27.70 0.93160
      735  5.925 -27.60 0.93160
      736  5.925 -27.50 0.93160
      737  5.925 -27.40 0.93160
      738  5.925 -27.30 0.93160
      739  5.925 -27.20 0.93160
      740  5.925 -27.10 0.93160
      741  5.925 -27.00 0.93160
      742  5.925 -26.90 0.93160
      743  5.925 -26.80 0.93160
      744  5.925 -26.70 0.93160
      745  5.925 -26.60 0.93160
      746  5.925 -26.50 0.93160
      747  5.925 -26.40 0.93160
      748  5.925 -26.30 0.93160
      749  5.925 -26.20 0.93170
      750  5.925 -26.10 0.93170
      751  5.925 -26.00 0.93190
      752  5.925 -25.90 0.93230
      753  5.925 -25.80 0.93310
      754  5.925 -25.70 0.93440
      755  5.925 -25.60 0.93680
      756  5.925 -25.50 0.94080
      757  5.925 -25.40 0.94650
      758  5.925 -25.30 0.95310
      759  5.925 -25.20 0.95940
      760  5.925 -25.10 0.96390
      761  5.925 -25.00 0.96560
      762  5.925 -24.90 0.96420
      763  5.925 -24.80 0.96110
      764  5.925 -24.70 0.95860
      765  5.925 -24.60 0.95780
      766  5.925 -24.50 0.95880
      767  5.925 -24.40 0.96110
      768  5.925 -24.30 0.96350
      769  5.925 -24.20 0.96520
      770  5.925 -24.10 0.96570
      771  5.925 -24.00 0.96510
      772  5.925 -23.90 0.96400
      773  5.925 -23.80 0.96380
      774  5.925 -23.70 0.96510
      775  5.925 -23.60 0.96740
      776  5.925 -23.50 0.96850
      777  5.925 -23.40 0.96640
      778  5.925 -23.30 0.96010
      779  5.925 -23.20 0.95030
      780  5.925 -23.10 0.93850
      781  5.925 -23.00 0.92710
      782  5.925 -22.90 0.91570
      783  5.925 -22.80 0.90630
      784  5.925 -22.70 0.89710
      785  5.925 -22.60 0.87810
      786  5.925 -22.50 0.85010
      787  5.925 -22.40 0.79540
      788  5.925 -22.30 0.70680
      789  5.925 -22.20 0.55210
      790  5.925 -22.10 0.36990
      791  5.925 -22.00 0.19900
      792  5.925 -21.90 0.09890
      793  5.925 -21.80 0.05060
      794  5.925 -21.70 0.02560
      795  5.925 -21.60 0.01070
      796  5.925 -21.50 0.00000
      797  5.925 -21.40 0.00000
      798  5.925 -21.30 0.00000
      799  5.925 -21.20 0.00000
      800  5.925 -21.10 0.00000
      801  5.950 -29.00 0.96860
      802  5.950 -28.90 0.96710
      803  5.950 -28.80 0.96710
      804  5.950 -28.70 0.96710
      805  5.950 -28.60 0.96710
      806  5.950 -28.50 0.96710
      807  5.950 -28.40 0.96710
      808  5.950 -28.30 0.96710
      809  5.950 -28.20 0.96710
      810  5.950 -28.10 0.96710
      811  5.950 -28.00 0.96710
      812  5.950 -27.90 0.96710
      813  5.950 -27.80 0.96710
      814  5.950 -27.70 0.96710
      815  5.950 -27.60 0.96710
      816  5.950 -27.50 0.96710
      817  5.950 -27.40 0.96710
      818  5.950 -27.30 0.96710
      819  5.950 -27.20 0.96710
      820  5.950 -27.10 0.96710
      821  5.950 -27.00 0.96710
      822  5.950 -26.90 0.96710
      823  5.950 -26.80 0.96710
      824  5.950 -26.70 0.96710
      825  5.950 -26.60 0.96710
      826  5.950 -26.50 0.96710
      827  5.950 -26.40 0.96710
      828  5.950 -26.30 0.96720
      829  5.950 -26.20 0.96720
      830  5.950 -26.10 0.96720
      831  5.950 -26.00 0.96740
      832  5.950 -25.90 0.96760
      833  5.950 -25.80 0.96810
      834  5.950 -25.70 0.96890
      835  5.950 -25.60 0.97030
      836  5.950 -25.50 0.97250
      837  5.950 -25.40 0.97530
      838  5.950 -25.30 0.97830
      839  5.950 -25.20 0.98060
      840  5.950 -25.10 0.98160
      841  5.950 -25.00 0.98100
      842  5.950 -24.90 0.97950
      843  5.950 -24.80 0.97800
      844  5.950 -24.70 0.97730
      845  5.950 -24.60 0.97750
      846  5.950 -24.50 0.97800
      847  5.950 -24.40 0.97830
      848  5.950 -24.30 0.97840
      849  5.950 -24.20 0.97840
      850  5.950 -24.10 0.97820
      851  5.950 -24.00 0.97810
      852  5.950 -23.90 0.97790
      853  5.950 -23.80 0.97750
      854  5.950 -23.70 0.97680
      855  5.950 -23.60 0.97580
      856  5.950 -23.50 0.97440
      857  5.950 -23.40 0.97180
      858  5.950 -23.30 0.96700
      859  5.950 -23.20 0.95960
      860  5.950 -23.10 0.95000
      861  5.950 -23.00 0.93860
      862  5.950 -22.90 0.92490
      863  5.950 -22.80 0.91290
      864  5.950 -22.70 0.89330
      865  5.950 -22.60 0.86810
      866  5.950 -22.50 0.82510
      867  5.950 -22.40 0.75850
      868  5.950 -22.30 0.63300
      869  5.950 -22.20 0.46760
      870  5.950 -22.10 0.29460
      871  5.950 -22.00 0.14810
      872  5.950 -21.90 0.07430
      873  5.950 -21.80 0.03810
      874  5.950 -21.70 0.01780
      875  5.950 -21.60 0.00000
      876  5.950 -21.50 0.00000
      877  5.950 -21.40 0.00000
      878  5.950 -21.30 0.00000
      879  5.950 -21.20 0.00000
      880  5.950 -21.10 0.00000
      881  5.975 -29.00 0.99000
      882  5.975 -28.90 0.98880
      883  5.975 -28.80 0.98880
      884  5.975 -28.70 0.98880
      885  5.975 -28.60 0.98880
      886  5.975 -28.50 0.98880
      887  5.975 -28.40 0.98880
      888  5.975 -28.30 0.98880
      889  5.975 -28.20 0.98880
      890  5.975 -28.10 0.98880
      891  5.975 -28.00 0.98880
      892  5.975 -27.90 0.98880
      893  5.975 -27.80 0.98880
      894  5.975 -27.70 0.98880
      895  5.975 -27.60 0.98880
      896  5.975 -27.50 0.98880
      897  5.975 -27.40 0.98880
      898  5.975 -27.30 0.98880
      899  5.975 -27.20 0.98880
      900  5.975 -27.10 0.98880
      901  5.975 -27.00 0.98880
      902  5.975 -26.90 0.98880
      903  5.975 -26.80 0.98880
      904  5.975 -26.70 0.98880
      905  5.975 -26.60 0.98880
      906  5.975 -26.50 0.98880
      907  5.975 -26.40 0.98880
      908  5.975 -26.30 0.98880
      909  5.975 -26.20 0.98880
      910  5.975 -26.10 0.98880
      911  5.975 -26.00 0.98880
      912  5.975 -25.90 0.98870
      913  5.975 -25.80 0.98860
      914  5.975 -25.70 0.98840
      915  5.975 -25.60 0.98810
      916  5.975 -25.50 0.98750
      917  5.975 -25.40 0.98670
      918  5.975 -25.30 0.98570
      919  5.975 -25.20 0.98420
      920  5.975 -25.10 0.98210
      921  5.975 -25.00 0.97980
      922  5.975 -24.90 0.97790
      923  5.975 -24.80 0.97710
      924  5.975 -24.70 0.97720
      925  5.975 -24.60 0.97720
      926  5.975 -24.50 0.97610
      927  5.975 -24.40 0.97420
      928  5.975 -24.30 0.97240
      929  5.975 -24.20 0.97190
      930  5.975 -24.10 0.97260
      931  5.975 -24.00 0.97400
      932  5.975 -23.90 0.97490
      933  5.975 -23.80 0.97430
      934  5.975 -23.70 0.97220
      935  5.975 -23.60 0.96940
      936  5.975 -23.50 0.96700
      937  5.975 -23.40 0.96470
      938  5.975 -23.30 0.96140
      939  5.975 -23.20 0.95620
      940  5.975 -23.10 0.94870
      941  5.975 -23.00 0.93660
      942  5.975 -22.90 0.92440
      943  5.975 -22.80 0.90670
      944  5.975 -22.70 0.88050
      945  5.975 -22.60 0.84820
      946  5.975 -22.50 0.79200
      947  5.975 -22.40 0.69620
      948  5.975 -22.30 0.54750
      949  5.975 -22.20 0.38380
      950  5.975 -22.10 0.21080
      951  5.975 -22.00 0.10350
      952  5.975 -21.90 0.05340
      953  5.975 -21.80 0.02800
      954  5.975 -21.70 0.01020
      955  5.975 -21.60 0.00000
      956  5.975 -21.50 0.00000
      957  5.975 -21.40 0.00000
      958  5.975 -21.30 0.00000
      959  5.975 -21.20 0.00000
      960  5.975 -21.10 0.00000
      961  6.000 -29.00 0.99700
      962  6.000 -28.90 0.99680
      963  6.000 -28.80 0.99680
      964  6.000 -28.70 0.99680
      965  6.000 -28.60 0.99680
      966  6.000 -28.50 0.99680
      967  6.000 -28.40 0.99680
      968  6.000 -28.30 0.99680
      969  6.000 -28.20 0.99680
      970  6.000 -28.10 0.99680
      971  6.000 -28.00 0.99680
      972  6.000 -27.90 0.99680
      973  6.000 -27.80 0.99680
      974  6.000 -27.70 0.99680
      975  6.000 -27.60 0.99680
      976  6.000 -27.50 0.99680
      977  6.000 -27.40 0.99680
      978  6.000 -27.30 0.99680
      979  6.000 -27.20 0.99680
      980  6.000 -27.10 0.99680
      981  6.000 -27.00 0.99680
      982  6.000 -26.90 0.99680
      983  6.000 -26.80 0.99680
      984  6.000 -26.70 0.99680
      985  6.000 -26.60 0.99680
      986  6.000 -26.50 0.99680
      987  6.000 -26.40 0.99680
      988  6.000 -26.30 0.99680
      989  6.000 -26.20 0.99680
      990  6.000 -26.10 0.99670
      991  6.000 -26.00 0.99660
      992  6.000 -25.90 0.99640
      993  6.000 -25.80 0.99600
      994  6.000 -25.70 0.99520
      995  6.000 -25.60 0.99410
      996  6.000 -25.50 0.99240
      997  6.000 -25.40 0.99020
      998  6.000 -25.30 0.98760
      999  6.000 -25.20 0.98450
     1000  6.000 -25.10 0.98120
     1001  6.000 -25.00 0.97830
     1002  6.000 -24.90 0.97630
     1003  6.000 -24.80 0.97530
     1004  6.000 -24.70 0.97440
     1005  6.000 -24.60 0.97260
     1006  6.000 -24.50 0.96960
     1007  6.000 -24.40 0.96610
     1008  6.000 -24.30 0.96370
     1009  6.000 -24.20 0.96340
     1010  6.000 -24.10 0.96520
     1011  6.000 -24.00 0.96790
     1012  6.000 -23.90 0.96970
     1013  6.000 -23.80 0.96940
     1014  6.000 -23.70 0.96720
     1015  6.000 -23.60 0.96460
     1016  6.000 -23.50 0.96210
     1017  6.000 -23.40 0.95950
     1018  6.000 -23.30 0.95610
     1019  6.000 -23.20 0.95130
     1020  6.000 -23.10 0.94350
     1021  6.000 -23.00 0.93250
     1022  6.000 -22.90 0.92120
     1023  6.000 -22.80 0.89710
     1024  6.000 -22.70 0.86640
     1025  6.000 -22.60 0.82460
     1026  6.000 -22.50 0.75100
     1027  6.000 -22.40 0.61890
     1028  6.000 -22.30 0.45510
     1029  6.000 -22.20 0.27980
     1030  6.000 -22.10 0.13500
     1031  6.000 -22.00 0.06880
     1032  6.000 -21.90 0.03400
     1033  6.000 -21.80 0.01570
     1034  6.000 -21.70 0.00000
     1035  6.000 -21.60 0.00000
     1036  6.000 -21.50 0.00000
     1037  6.000 -21.40 0.00000
     1038  6.000 -21.30 0.00000
     1039  6.000 -21.20 0.00000
     1040  6.000 -21.10 0.00000
     1041  6.025 -29.00 0.99610
     1042  6.025 -28.90 0.99770
     1043  6.025 -28.80 0.99770
     1044  6.025 -28.70 0.99770
     1045  6.025 -28.60 0.99770
     1046  6.025 -28.50 0.99770
     1047  6.025 -28.40 0.99770
     1048  6.025 -28.30 0.99770
     1049  6.025 -28.20 0.99770
     1050  6.025 -28.10 0.99770
     1051  6.025 -28.00 0.99770
     1052  6.025 -27.90 0.99770
     1053  6.025 -27.80 0.99770
     1054  6.025 -27.70 0.99770
     1055  6.025 -27.60 0.99770
     1056  6.025 -27.50 0.99770
     1057  6.025 -27.40 0.99770
     1058  6.025 -27.30 0.99770
     1059  6.025 -27.20 0.99770
     1060  6.025 -27.10 0.99770
     1061  6.025 -27.00 0.99770
     1062  6.025 -26.90 0.99770
     1063  6.025 -26.80 0.99770
     1064  6.025 -26.70 0.99770
     1065  6.025 -26.60 0.99770
     1066  6.025 -26.50 0.99770
     1067  6.025 -26.40 0.99770
     1068  6.025 -26.30 0.99770
     1069  6.025 -26.20 0.99760
     1070  6.025 -26.10 0.99750
     1071  6.025 -26.00 0.99730
     1072  6.025 -25.90 0.99700
     1073  6.025 -25.80 0.99630
     1074  6.025 -25.70 0.99530
     1075  6.025 -25.60 0.99370
     1076  6.025 -25.50 0.99160
     1077  6.025 -25.40 0.98900
     1078  6.025 -25.30 0.98610
     1079  6.025 -25.20 0.98300
     1080  6.025 -25.10 0.98000
     1081  6.025 -25.00 0.97750
     1082  6.025 -24.90 0.97540
     1083  6.025 -24.80 0.97370
     1084  6.025 -24.70 0.97170
     1085  6.025 -24.60 0.96910
     1086  6.025 -24.50 0.96580
     1087  6.025 -24.40 0.96220
     1088  6.025 -24.30 0.95970
     1089  6.025 -24.20 0.95950
     1090  6.025 -24.10 0.96160
     1091  6.025 -24.00 0.96470
     1092  6.025 -23.90 0.96670
     1093  6.025 -23.80 0.96690
     1094  6.025 -23.70 0.96570
     1095  6.025 -23.60 0.96380
     1096  6.025 -23.50 0.96090
     1097  6.025 -23.40 0.95680
     1098  6.025 -23.30 0.95180
     1099  6.025 -23.20 0.94580
     1100  6.025 -23.10 0.93660
     1101  6.025 -23.00 0.92780
     1102  6.025 -22.90 0.90940
     1103  6.025 -22.80 0.88130
     1104  6.025 -22.70 0.84350
     1105  6.025 -22.60 0.78530
     1106  6.025 -22.50 0.68640
     1107  6.025 -22.40 0.53550
     1108  6.025 -22.30 0.36580
     1109  6.025 -22.20 0.20630
     1110  6.025 -22.10 0.10630
     1111  6.025 -22.00 0.05320
     1112  6.025 -21.90 0.02490
     1113  6.025 -21.80 0.01000
     1114  6.025 -21.70 0.00000
     1115  6.025 -21.60 0.00000
     1116  6.025 -21.50 0.00000
     1117  6.025 -21.40 0.00000
     1118  6.025 -21.30 0.00000
     1119  6.025 -21.20 0.00000
     1120  6.025 -21.10 0.00000
     1121  6.050 -29.00 0.99950
     1122  6.050 -28.90 0.99740
     1123  6.050 -28.80 0.99740
     1124  6.050 -28.70 0.99740
     1125  6.050 -28.60 0.99740
     1126  6.050 -28.50 0.99740
     1127  6.050 -28.40 0.99740
     1128  6.050 -28.30 0.99740
     1129  6.050 -28.20 0.99740
     1130  6.050 -28.10 0.99740
     1131  6.050 -28.00 0.99740
     1132  6.050 -27.90 0.99740
     1133  6.050 -27.80 0.99740
     1134  6.050 -27.70 0.99740
     1135  6.050 -27.60 0.99740
     1136  6.050 -27.50 0.99740
     1137  6.050 -27.40 0.99740
     1138  6.050 -27.30 0.99740
     1139  6.050 -27.20 0.99740
     1140  6.050 -27.10 0.99740
     1141  6.050 -27.00 0.99740
     1142  6.050 -26.90 0.99740
     1143  6.050 -26.80 0.99740
     1144  6.050 -26.70 0.99740
     1145  6.050 -26.60 0.99740
     1146  6.050 -26.50 0.99740
     1147  6.050 -26.40 0.99740
     1148  6.050 -26.30 0.99740
     1149  6.050 -26.20 0.99730
     1150  6.050 -26.10 0.99720
     1151  6.050 -26.00 0.99690
     1152  6.050 -25.90 0.99650
     1153  6.050 -25.80 0.99570
     1154  6.050 -25.70 0.99440
     1155  6.050 -25.60 0.99270
     1156  6.050 -25.50 0.99060
     1157  6.050 -25.40 0.98820
     1158  6.050 -25.30 0.98560
     1159  6.050 -25.20 0.98290
     1160  6.050 -25.10 0.98020
     1161  6.050 -25.00 0.97760
     1162  6.050 -24.90 0.97500
     1163  6.050 -24.80 0.97230
     1164  6.050 -24.70 0.96950
     1165  6.050 -24.60 0.96620
     1166  6.050 -24.50 0.96250
     1167  6.050 -24.40 0.95920
     1168  6.050 -24.30 0.95740
     1169  6.050 -24.20 0.95790
     1170  6.050 -24.10 0.96060
     1171  6.050 -24.00 0.96370
     1172  6.050 -23.90 0.96560
     1173  6.050 -23.80 0.96570
     1174  6.050 -23.70 0.96450
     1175  6.050 -23.60 0.96220
     1176  6.050 -23.50 0.95860
     1177  6.050 -23.40 0.95400
     1178  6.050 -23.30 0.94880
     1179  6.050 -23.20 0.94100
     1180  6.050 -23.10 0.93250
     1181  6.050 -23.00 0.91990
     1182  6.050 -22.90 0.89580
     1183  6.050 -22.80 0.86560
     1184  6.050 -22.70 0.81870
     1185  6.050 -22.60 0.74240
     1186  6.050 -22.50 0.62130
     1187  6.050 -22.40 0.46480
     1188  6.050 -22.30 0.29410
     1189  6.050 -22.20 0.15450
     1190  6.050 -22.10 0.07890
     1191  6.050 -22.00 0.03980
     1192  6.050 -21.90 0.01770
     1193  6.050 -21.80 0.00000
     1194  6.050 -21.70 0.00000
     1195  6.050 -21.60 0.00000
     1196  6.050 -21.50 0.00000
     1197  6.050 -21.40 0.00000
     1198  6.050 -21.30 0.00000
     1199  6.050 -21.20 0.00000
     1200  6.050 -21.10 0.00000
     1201  6.075 -29.00 0.99430
     1202  6.075 -28.90 0.99450
     1203  6.075 -28.80 0.99450
     1204  6.075 -28.70 0.99450
     1205  6.075 -28.60 0.99450
     1206  6.075 -28.50 0.99450
     1207  6.075 -28.40 0.99450
     1208  6.075 -28.30 0.99450
     1209  6.075 -28.20 0.99450
     1210  6.075 -28.10 0.99450
     1211  6.075 -28.00 0.99450
     1212  6.075 -27.90 0.99450
     1213  6.075 -27.80 0.99450
     1214  6.075 -27.70 0.99450
     1215  6.075 -27.60 0.99450
     1216  6.075 -27.50 0.99450
     1217  6.075 -27.40 0.99450
     1218  6.075 -27.30 0.99450
     1219  6.075 -27.20 0.99450
     1220  6.075 -27.10 0.99450
     1221  6.075 -27.00 0.99450
     1222  6.075 -26.90 0.99450
     1223  6.075 -26.80 0.99450
     1224  6.075 -26.70 0.99450
     1225  6.075 -26.60 0.99450
     1226  6.075 -26.50 0.99450
     1227  6.075 -26.40 0.99440
     1228  6.075 -26.30 0.99440
     1229  6.075 -26.20 0.99440
     1230  6.075 -26.10 0.99430
     1231  6.075 -26.00 0.99410
     1232  6.075 -25.90 0.99380
     1233  6.075 -25.80 0.99330
     1234  6.075 -25.70 0.99250
     1235  6.075 -25.60 0.99110
     1236  6.075 -25.50 0.98930
     1237  6.075 -25.40 0.98720
     1238  6.075 -25.30 0.98490
     1239  6.075 -25.20 0.98260
     1240  6.075 -25.10 0.98030
     1241  6.075 -25.00 0.97770
     1242  6.075 -24.90 0.97470
     1243  6.075 -24.80 0.97130
     1244  6.075 -24.70 0.96730
     1245  6.075 -24.60 0.96310
     1246  6.075 -24.50 0.95920
     1247  6.075 -24.40 0.95700
     1248  6.075 -24.30 0.95700
     1249  6.075 -24.20 0.95950
     1250  6.075 -24.10 0.96310
     1251  6.075 -24.00 0.96560
     1252  6.075 -23.90 0.96600
     1253  6.075 -23.80 0.96480
     1254  6.075 -23.70 0.96240
     1255  6.075 -23.60 0.95880
     1256  6.075 -23.50 0.95430
     1257  6.075 -23.40 0.94930
     1258  6.075 -23.30 0.94320
     1259  6.075 -23.20 0.93410
     1260  6.075 -23.10 0.92450
     1261  6.075 -23.00 0.90230
     1262  6.075 -22.90 0.87290
     1263  6.075 -22.80 0.83370
     1264  6.075 -22.70 0.76620
     1265  6.075 -22.60 0.65950
     1266  6.075 -22.50 0.51510
     1267  6.075 -22.40 0.35120
     1268  6.075 -22.30 0.18910
     1269  6.075 -22.20 0.09760
     1270  6.075 -22.10 0.05040
     1271  6.075 -22.00 0.02390
     1272  6.075 -21.90 0.00000
     1273  6.075 -21.80 0.00000
     1274  6.075 -21.70 0.00000
     1275  6.075 -21.60 0.00000
     1276  6.075 -21.50 0.00000
     1277  6.075 -21.40 0.00000
     1278  6.075 -21.30 0.00000
     1279  6.075 -21.20 0.00000
     1280  6.075 -21.10 0.00000
     1281  6.100 -29.00 0.99370
     1282  6.100 -28.90 0.99310
     1283  6.100 -28.80 0.99310
     1284  6.100 -28.70 0.99310
     1285  6.100 -28.60 0.99310
     1286  6.100 -28.50 0.99310
     1287  6.100 -28.40 0.99310
     1288  6.100 -28.30 0.99310
     1289  6.100 -28.20 0.99310
     1290  6.100 -28.10 0.99310
     1291  6.100 -28.00 0.99310
     1292  6.100 -27.90 0.99310
     1293  6.100 -27.80 0.99310
     1294  6.100 -27.70 0.99310
     1295  6.100 -27.60 0.99310
     1296  6.100 -27.50 0.99310
     1297  6.100 -27.40 0.99310
     1298  6.100 -27.30 0.99310
     1299  6.100 -27.20 0.99310
     1300  6.100 -27.10 0.99310
     1301  6.100 -27.00 0.99310
     1302  6.100 -26.90 0.99310
     1303  6.100 -26.80 0.99310
     1304  6.100 -26.70 0.99310
     1305  6.100 -26.60 0.99310
     1306  6.100 -26.50 0.99310
     1307  6.100 -26.40 0.99310
     1308  6.100 -26.30 0.99310
     1309  6.100 -26.20 0.99310
     1310  6.100 -26.10 0.99310
     1311  6.100 -26.00 0.99300
     1312  6.100 -25.90 0.99290
     1313  6.100 -25.80 0.99260
     1314  6.100 -25.70 0.99190
     1315  6.100 -25.60 0.99060
     1316  6.100 -25.50 0.98890
     1317  6.100 -25.40 0.98670
     1318  6.100 -25.30 0.98440
     1319  6.100 -25.20 0.98220
     1320  6.100 -25.10 0.97960
     1321  6.100 -25.00 0.97650
     1322  6.100 -24.90 0.97290
     1323  6.100 -24.80 0.96900
     1324  6.100 -24.70 0.96460
     1325  6.100 -24.60 0.96010
     1326  6.100 -24.50 0.95670
     1327  6.100 -24.40 0.95520
     1328  6.100 -24.30 0.95660
     1329  6.100 -24.20 0.96010
     1330  6.100 -24.10 0.96360
     1331  6.100 -24.00 0.96520
     1332  6.100 -23.90 0.96480
     1333  6.100 -23.80 0.96300
     1334  6.100 -23.70 0.96000
     1335  6.100 -23.60 0.95570
     1336  6.100 -23.50 0.95060
     1337  6.100 -23.40 0.94520
     1338  6.100 -23.30 0.93650
     1339  6.100 -23.20 0.92800
     1340  6.100 -23.10 0.91090
     1341  6.100 -23.00 0.88310
     1342  6.100 -22.90 0.85040
     1343  6.100 -22.80 0.79540
     1344  6.100 -22.70 0.70820
     1345  6.100 -22.60 0.58080
     1346  6.100 -22.50 0.42360
     1347  6.100 -22.40 0.25540
     1348  6.100 -22.30 0.13410
     1349  6.100 -22.20 0.07090
     1350  6.100 -22.10 0.03680
     1351  6.100 -22.00 0.01630
     1352  6.100 -21.90 0.00000
     1353  6.100 -21.80 0.00000
     1354  6.100 -21.70 0.00000
     1355  6.100 -21.60 0.00000
     1356  6.100 -21.50 0.00000
     1357  6.100 -21.40 0.00000
     1358  6.100 -21.30 0.00000
     1359  6.100 -21.20 0.00000
     1360  6.100 -21.10 0.00000
     1361  6.125 -29.00 0.99070
     1362  6.125 -28.90 0.99190
     1363  6.125 -28.80 0.99190
     1364  6.125 -28.70 0.99190
     1365  6.125 -28.60 0.99190
     1366  6.125 -28.50 0.99190
     1367  6.125 -28.40 0.99190
     1368  6.125 -28.30 0.99190
     1369  6.125 -28.20 0.99190
     1370  6.125 -28.10 0.99190
     1371  6.125 -28.00 0.99190
     1372  6.125 -27.90 0.99190
     1373  6.125 -27.80 0.99190
     1374  6.125 -27.70 0.99190
     1375  6.125 -27.60 0.99190
     1376  6.125 -27.50 0.99190
     1377  6.125 -27.40 0.99190
     1378  6.125 -27.30 0.99190
     1379  6.125 -27.20 0.99190
     1380  6.125 -27.10 0.99190
     1381  6.125 -27.00 0.99190
     1382  6.125 -26.90 0.99190
     1383  6.125 -26.80 0.99190
     1384  6.125 -26.70 0.99190
     1385  6.125 -26.60 0.99190
     1386  6.125 -26.50 0.99190
     1387  6.125 -26.40 0.99190
     1388  6.125 -26.30 0.99180
     1389  6.125 -26.20 0.99170
     1390  6.125 -26.10 0.99160
     1391  6.125 -26.00 0.99140
     1392  6.125 -25.90 0.99100
     1393  6.125 -25.80 0.99030
     1394  6.125 -25.70 0.98930
     1395  6.125 -25.60 0.98810
     1396  6.125 -25.50 0.98670
     1397  6.125 -25.40 0.98510
     1398  6.125 -25.30 0.98330
     1399  6.125 -25.20 0.98090
     1400  6.125 -25.10 0.97780
     1401  6.125 -25.00 0.97390
     1402  6.125 -24.90 0.96960
     1403  6.125 -24.80 0.96510
     1404  6.125 -24.70 0.96060
     1405  6.125 -24.60 0.95650
     1406  6.125 -24.50 0.95410
     1407  6.125 -24.40 0.95420
     1408  6.125 -24.30 0.95700
     1409  6.125 -24.20 0.96100
     1410  6.125 -24.10 0.96390
     1411  6.125 -24.00 0.96470
     1412  6.125 -23.90 0.96390
     1413  6.125 -23.80 0.96150
     1414  6.125 -23.70 0.95780
     1415  6.125 -23.60 0.95320
     1416  6.125 -23.50 0.94840
     1417  6.125 -23.40 0.94110
     1418  6.125 -23.30 0.93330
     1419  6.125 -23.20 0.92220
     1420  6.125 -23.10 0.89630
     1421  6.125 -23.00 0.86920
     1422  6.125 -22.90 0.82690
     1423  6.125 -22.80 0.75790
     1424  6.125 -22.70 0.64550
     1425  6.125 -22.60 0.49980
     1426  6.125 -22.50 0.33300
     1427  6.125 -22.40 0.17590
     1428  6.125 -22.30 0.09110
     1429  6.125 -22.20 0.04750
     1430  6.125 -22.10 0.02060
     1431  6.125 -22.00 0.00000
     1432  6.125 -21.90 0.00000
     1433  6.125 -21.80 0.00000
     1434  6.125 -21.70 0.00000
     1435  6.125 -21.60 0.00000
     1436  6.125 -21.50 0.00000
     1437  6.125 -21.40 0.00000
     1438  6.125 -21.30 0.00000
     1439  6.125 -21.20 0.00000
     1440  6.125 -21.10 0.00000
     1441  6.150 -29.00 0.99290
     1442  6.150 -28.90 0.99160
     1443  6.150 -28.80 0.99160
     1444  6.150 -28.70 0.99160
     1445  6.150 -28.60 0.99160
     1446  6.150 -28.50 0.99160
     1447  6.150 -28.40 0.99160
     1448  6.150 -28.30 0.99160
     1449  6.150 -28.20 0.99160
     1450  6.150 -28.10 0.99160
     1451  6.150 -28.00 0.99160
     1452  6.150 -27.90 0.99160
     1453  6.150 -27.80 0.99160
     1454  6.150 -27.70 0.99160
     1455  6.150 -27.60 0.99160
     1456  6.150 -27.50 0.99160
     1457  6.150 -27.40 0.99160
     1458  6.150 -27.30 0.99160
     1459  6.150 -27.20 0.99160
     1460  6.150 -27.10 0.99160
     1461  6.150 -27.00 0.99160
     1462  6.150 -26.90 0.99160
     1463  6.150 -26.80 0.99160
     1464  6.150 -26.70 0.99160
     1465  6.150 -26.60 0.99160
     1466  6.150 -26.50 0.99160
     1467  6.150 -26.40 0.99150
     1468  6.150 -26.30 0.99150
     1469  6.150 -26.20 0.99130
     1470  6.150 -26.10 0.99110
     1471  6.150 -26.00 0.99070
     1472  6.150 -25.90 0.99000
     1473  6.150 -25.80 0.98910
     1474  6.150 -25.70 0.98780
     1475  6.150 -25.60 0.98640
     1476  6.150 -25.50 0.98500
     1477  6.150 -25.40 0.98360
     1478  6.150 -25.30 0.98180
     1479  6.150 -25.20 0.97910
     1480  6.150 -25.10 0.97530
     1481  6.150 -25.00 0.97080
     1482  6.150 -24.90 0.96620
     1483  6.150 -24.80 0.96160
     1484  6.150 -24.70 0.95730
     1485  6.150 -24.60 0.95450
     1486  6.150 -24.50 0.95390
     1487  6.150 -24.40 0.95580
     1488  6.150 -24.30 0.95940
     1489  6.150 -24.20 0.96280
     1490  6.150 -24.10 0.96440
     1491  6.150 -24.00 0.96420
     1492  6.150 -23.90 0.96230
     1493  6.150 -23.80 0.95890
     1494  6.150 -23.70 0.95450
     1495  6.150 -23.60 0.95000
     1496  6.150 -23.50 0.94450
     1497  6.150 -23.40 0.93620
     1498  6.150 -23.30 0.92750
     1499  6.150 -23.20 0.90840
     1500  6.150 -23.10 0.88040
     1501  6.150 -23.00 0.84680
     1502  6.150 -22.90 0.78910
     1503  6.150 -22.80 0.70100
     1504  6.150 -22.70 0.56730
     1505  6.150 -22.60 0.40670
     1506  6.150 -22.50 0.24600
     1507  6.150 -22.40 0.13360
     1508  6.150 -22.30 0.07050
     1509  6.150 -22.20 0.03510
     1510  6.150 -22.10 0.01380
     1511  6.150 -22.00 0.00000
     1512  6.150 -21.90 0.00000
     1513  6.150 -21.80 0.00000
     1514  6.150 -21.70 0.00000
     1515  6.150 -21.60 0.00000
     1516  6.150 -21.50 0.00000
     1517  6.150 -21.40 0.00000
     1518  6.150 -21.30 0.00000
     1519  6.150 -21.20 0.00000
     1520  6.150 -21.10 0.00000
     1521  6.175 -29.00 0.98980
     1522  6.175 -28.90 0.99030
     1523  6.175 -28.80 0.99030
     1524  6.175 -28.70 0.99030
     1525  6.175 -28.60 0.99030
     1526  6.175 -28.50 0.99030
     1527  6.175 -28.40 0.99030
     1528  6.175 -28.30 0.99030
     1529  6.175 -28.20 0.99030
     1530  6.175 -28.10 0.99030
     1531  6.175 -28.00 0.99030
     1532  6.175 -27.90 0.99030
     1533  6.175 -27.80 0.99030
     1534  6.175 -27.70 0.99030
     1535  6.175 -27.60 0.99030
     1536  6.175 -27.50 0.99030
     1537  6.175 -27.40 0.99030
     1538  6.175 -27.30 0.99030
     1539  6.175 -27.20 0.99030
     1540  6.175 -27.10 0.99030
     1541  6.175 -27.00 0.99030
     1542  6.175 -26.90 0.99030
     1543  6.175 -26.80 0.99030
     1544  6.175 -26.70 0.99030
     1545  6.175 -26.60 0.99030
     1546  6.175 -26.50 0.99030
     1547  6.175 -26.40 0.99020
     1548  6.175 -26.30 0.99010
     1549  6.175 -26.20 0.98990
     1550  6.175 -26.10 0.98950
     1551  6.175 -26.00 0.98890
     1552  6.175 -25.90 0.98810
     1553  6.175 -25.80 0.98710
     1554  6.175 -25.70 0.98590
     1555  6.175 -25.60 0.98480
     1556  6.175 -25.50 0.98380
     1557  6.175 -25.40 0.98250
     1558  6.175 -25.30 0.98060
     1559  6.175 -25.20 0.97760
     1560  6.175 -25.10 0.97350
     1561  6.175 -25.00 0.96880
     1562  6.175 -24.90 0.96400
     1563  6.175 -24.80 0.95950
     1564  6.175 -24.70 0.95590
     1565  6.175 -24.60 0.95440
     1566  6.175 -24.50 0.95530
     1567  6.175 -24.40 0.95820
     1568  6.175 -24.30 0.96190
     1569  6.175 -24.20 0.96450
     1570  6.175 -24.10 0.96500
     1571  6.175 -24.00 0.96370
     1572  6.175 -23.90 0.96080
     1573  6.175 -23.80 0.95670
     1574  6.175 -23.70 0.95220
     1575  6.175 -23.60 0.94750
     1576  6.175 -23.50 0.93980
     1577  6.175 -23.40 0.93300
     1578  6.175 -23.30 0.91820
     1579  6.175 -23.20 0.89510
     1580  6.175 -23.10 0.86360
     1581  6.175 -23.00 0.81940
     1582  6.175 -22.90 0.74870
     1583  6.175 -22.80 0.63500
     1584  6.175 -22.70 0.48830
     1585  6.175 -22.60 0.32930
     1586  6.175 -22.50 0.18320
     1587  6.175 -22.40 0.09870
     1588  6.175 -22.30 0.05200
     1589  6.175 -22.20 0.02200
     1590  6.175 -22.10 0.00000
     1591  6.175 -22.00 0.00000
     1592  6.175 -21.90 0.00000
     1593  6.175 -21.80 0.00000
     1594  6.175 -21.70 0.00000
     1595  6.175 -21.60 0.00000
     1596  6.175 -21.50 0.00000
     1597  6.175 -21.40 0.00000
     1598  6.175 -21.30 0.00000
     1599  6.175 -21.20 0.00000
     1600  6.175 -21.10 0.00000
     1601  6.200 -29.00 0.98940
     1602  6.200 -28.90 0.98920
     1603  6.200 -28.80 0.98920
     1604  6.200 -28.70 0.98920
     1605  6.200 -28.60 0.98920
     1606  6.200 -28.50 0.98920
     1607  6.200 -28.40 0.98920
     1608  6.200 -28.30 0.98920
     1609  6.200 -28.20 0.98920
     1610  6.200 -28.10 0.98920
     1611  6.200 -28.00 0.98920
     1612  6.200 -27.90 0.98920
     1613  6.200 -27.80 0.98920
     1614  6.200 -27.70 0.98920
     1615  6.200 -27.60 0.98920
     1616  6.200 -27.50 0.98920
     1617  6.200 -27.40 0.98920
     1618  6.200 -27.30 0.98920
     1619  6.200 -27.20 0.98920
     1620  6.200 -27.10 0.98920
     1621  6.200 -27.00 0.98920
     1622  6.200 -26.90 0.98920
     1623  6.200 -26.80 0.98920
     1624  6.200 -26.70 0.98920
     1625  6.200 -26.60 0.98920
     1626  6.200 -26.50 0.98910
     1627  6.200 -26.40 0.98900
     1628  6.200 -26.30 0.98890
     1629  6.200 -26.20 0.98860
     1630  6.200 -26.10 0.98810
     1631  6.200 -26.00 0.98740
     1632  6.200 -25.90 0.98640
     1633  6.200 -25.80 0.98510
     1634  6.200 -25.70 0.98400
     1635  6.200 -25.60 0.98300
     1636  6.200 -25.50 0.98210
     1637  6.200 -25.40 0.98080
     1638  6.200 -25.30 0.97840
     1639  6.200 -25.20 0.97460
     1640  6.200 -25.10 0.96990
     1641  6.200 -25.00 0.96480
     1642  6.200 -24.90 0.95990
     1643  6.200 -24.80 0.95600
     1644  6.200 -24.70 0.95410
     1645  6.200 -24.60 0.95490
     1646  6.200 -24.50 0.95800
     1647  6.200 -24.40 0.96210
     1648  6.200 -24.30 0.96520
     1649  6.200 -24.20 0.96600
     1650  6.200 -24.10 0.96450
     1651  6.200 -24.00 0.96150
     1652  6.200 -23.90 0.95740
     1653  6.200 -23.80 0.95280
     1654  6.200 -23.70 0.94850
     1655  6.200 -23.60 0.94180
     1656  6.200 -23.50 0.93420
     1657  6.200 -23.40 0.92290
     1658  6.200 -23.30 0.90040
     1659  6.200 -23.20 0.87200
     1660  6.200 -23.10 0.83170
     1661  6.200 -23.00 0.76750
     1662  6.200 -22.90 0.66330
     1663  6.200 -22.80 0.51960
     1664  6.200 -22.70 0.35630
     1665  6.200 -22.60 0.20050
     1666  6.200 -22.50 0.10460
     1667  6.200 -22.40 0.05530
     1668  6.200 -22.30 0.02820
     1669  6.200 -22.20 0.01140
     1670  6.200 -22.10 0.00000
     1671  6.200 -22.00 0.00000
     1672  6.200 -21.90 0.00000
     1673  6.200 -21.80 0.00000
     1674  6.200 -21.70 0.00000
     1675  6.200 -21.60 0.00000
     1676  6.200 -21.50 0.00000
     1677  6.200 -21.40 0.00000
     1678  6.200 -21.30 0.00000
     1679  6.200 -21.20 0.00000
     1680  6.200 -21.10 0.00000
     1681  6.225 -29.00 0.98280
     1682  6.225 -28.90 0.98610
     1683  6.225 -28.80 0.98610
     1684  6.225 -28.70 0.98610
     1685  6.225 -28.60 0.98610
     1686  6.225 -28.50 0.98610
     1687  6.225 -28.40 0.98610
     1688  6.225 -28.30 0.98610
     1689  6.225 -28.20 0.98610
     1690  6.225 -28.10 0.98610
     1691  6.225 -28.00 0.98610
     1692  6.225 -27.90 0.98610
     1693  6.225 -27.80 0.98610
     1694  6.225 -27.70 0.98610
     1695  6.225 -27.60 0.98610
     1696  6.225 -27.50 0.98610
     1697  6.225 -27.40 0.98610
     1698  6.225 -27.30 0.98610
     1699  6.225 -27.20 0.98610
     1700  6.225 -27.10 0.98610
     1701  6.225 -27.00 0.98610
     1702  6.225 -26.90 0.98610
     1703  6.225 -26.80 0.98610
     1704  6.225 -26.70 0.98600
     1705  6.225 -26.60 0.98600
     1706  6.225 -26.50 0.98590
     1707  6.225 -26.40 0.98570
     1708  6.225 -26.30 0.98540
     1709  6.225 -26.20 0.98500
     1710  6.225 -26.10 0.98430
     1711  6.225 -26.00 0.98310
     1712  6.225 -25.90 0.98150
     1713  6.225 -25.80 0.97970
     1714  6.225 -25.70 0.97830
     1715  6.225 -25.60 0.97730
     1716  6.225 -25.50 0.97650
     1717  6.225 -25.40 0.97510
     1718  6.225 -25.30 0.97240
     1719  6.225 -25.20 0.96860
     1720  6.225 -25.10 0.96420
     1721  6.225 -25.00 0.95950
     1722  6.225 -24.90 0.95480
     1723  6.225 -24.80 0.95130
     1724  6.225 -24.70 0.95000
     1725  6.225 -24.60 0.95150
     1726  6.225 -24.50 0.95520
     1727  6.225 -24.40 0.95920
     1728  6.225 -24.30 0.96150
     1729  6.225 -24.20 0.96160
     1730  6.225 -24.10 0.96000
     1731  6.225 -24.00 0.95690
     1732  6.225 -23.90 0.95260
     1733  6.225 -23.80 0.94780
     1734  6.225 -23.70 0.94170
     1735  6.225 -23.60 0.93360
     1736  6.225 -23.50 0.92620
     1737  6.225 -23.40 0.90790
     1738  6.225 -23.30 0.88120
     1739  6.225 -23.20 0.84880
     1740  6.225 -23.10 0.79840
     1741  6.225 -23.00 0.71710
     1742  6.225 -22.90 0.59120
     1743  6.225 -22.80 0.44170
     1744  6.225 -22.70 0.27990
     1745  6.225 -22.60 0.15360
     1746  6.225 -22.50 0.08360
     1747  6.225 -22.40 0.04500
     1748  6.225 -22.30 0.02160
     1749  6.225 -22.20 0.00000
     1750  6.225 -22.10 0.00000
     1751  6.225 -22.00 0.00000
     1752  6.225 -21.90 0.00000
     1753  6.225 -21.80 0.00000
     1754  6.225 -21.70 0.00000
     1755  6.225 -21.60 0.00000
     1756  6.225 -21.50 0.00000
     1757  6.225 -21.40 0.00000
     1758  6.225 -21.30 0.00000
     1759  6.225 -21.20 0.00000
     1760  6.225 -21.10 0.00000
     1761  6.250 -29.00 0.97970
     1762  6.250 -28.90 0.97930
     1763  6.250 -28.80 0.97930
     1764  6.250 -28.70 0.97930
     1765  6.250 -28.60 0.97930
     1766  6.250 -28.50 0.97930
     1767  6.250 -28.40 0.97930
     1768  6.250 -28.30 0.97930
     1769  6.250 -28.20 0.97930
     1770  6.250 -28.10 0.97930
     1771  6.250 -28.00 0.97930
     1772  6.250 -27.90 0.97930
     1773  6.250 -27.80 0.97930
     1774  6.250 -27.70 0.97930
     1775  6.250 -27.60 0.97930
     1776  6.250 -27.50 0.97930
     1777  6.250 -27.40 0.97930
     1778  6.250 -27.30 0.97930
     1779  6.250 -27.20 0.97930
     1780  6.250 -27.10 0.97930
     1781  6.250 -27.00 0.97930
     1782  6.250 -26.90 0.97920
     1783  6.250 -26.80 0.97920
     1784  6.250 -26.70 0.97910
     1785  6.250 -26.60 0.97900
     1786  6.250 -26.50 0.97870
     1787  6.250 -26.40 0.97830
     1788  6.250 -26.30 0.97760
     1789  6.250 -26.20 0.97660
     1790  6.250 -26.10 0.97500
     1791  6.250 -26.00 0.97290
     1792  6.250 -25.90 0.97070
     1793  6.250 -25.80 0.96910
     1794  6.250 -25.70 0.96820
     1795  6.250 -25.60 0.96810
     1796  6.250 -25.50 0.96790
     1797  6.250 -25.40 0.96640
     1798  6.250 -25.30 0.96360
     1799  6.250 -25.20 0.96000
     1800  6.250 -25.10 0.95620
     1801  6.250 -25.00 0.95200
     1802  6.250 -24.90 0.94750
     1803  6.250 -24.80 0.94400
     1804  6.250 -24.70 0.94300
     1805  6.250 -24.60 0.94530
     1806  6.250 -24.50 0.94930
     1807  6.250 -24.40 0.95270
     1808  6.250 -24.30 0.95420
     1809  6.250 -24.20 0.95420
     1810  6.250 -24.10 0.95270
     1811  6.250 -24.00 0.94960
     1812  6.250 -23.90 0.94490
     1813  6.250 -23.80 0.93890
     1814  6.250 -23.70 0.93020
     1815  6.250 -23.60 0.92270
     1816  6.250 -23.50 0.90890
     1817  6.250 -23.40 0.88470
     1818  6.250 -23.30 0.85490
     1819  6.250 -23.20 0.81180
     1820  6.250 -23.10 0.74720
     1821  6.250 -23.00 0.64030
     1822  6.250 -22.90 0.50280
     1823  6.250 -22.80 0.33830
     1824  6.250 -22.70 0.18820
     1825  6.250 -22.60 0.10020
     1826  6.250 -22.50 0.05310
     1827  6.250 -22.40 0.02640
     1828  6.250 -22.30 0.01090
     1829  6.250 -22.20 0.00000
     1830  6.250 -22.10 0.00000
     1831  6.250 -22.00 0.00000
     1832  6.250 -21.90 0.00000
     1833  6.250 -21.80 0.00000
     1834  6.250 -21.70 0.00000
     1835  6.250 -21.60 0.00000
     1836  6.250 -21.50 0.00000
     1837  6.250 -21.40 0.00000
     1838  6.250 -21.30 0.00000
     1839  6.250 -21.20 0.00000
     1840  6.250 -21.10 0.00000
     1841  6.275 -29.00 0.97320
     1842  6.275 -28.90 0.97060
     1843  6.275 -28.80 0.97060
     1844  6.275 -28.70 0.97060
     1845  6.275 -28.60 0.97060
     1846  6.275 -28.50 0.97060
     1847  6.275 -28.40 0.97060
     1848  6.275 -28.30 0.97060
     1849  6.275 -28.20 0.97060
     1850  6.275 -28.10 0.97060
     1851  6.275 -28.00 0.97060
     1852  6.275 -27.90 0.97060
     1853  6.275 -27.80 0.97060
     1854  6.275 -27.70 0.97060
     1855  6.275 -27.60 0.97060
     1856  6.275 -27.50 0.97060
     1857  6.275 -27.40 0.97060
     1858  6.275 -27.30 0.97060
     1859  6.275 -27.20 0.97060
     1860  6.275 -27.10 0.97060
     1861  6.275 -27.00 0.97060
     1862  6.275 -26.90 0.97060
     1863  6.275 -26.80 0.97050
     1864  6.275 -26.70 0.97030
     1865  6.275 -26.60 0.97010
     1866  6.275 -26.50 0.96970
     1867  6.275 -26.40 0.96890
     1868  6.275 -26.30 0.96780
     1869  6.275 -26.20 0.96610
     1870  6.275 -26.10 0.96390
     1871  6.275 -26.00 0.96160
     1872  6.275 -25.90 0.95990
     1873  6.275 -25.80 0.95920
     1874  6.275 -25.70 0.95940
     1875  6.275 -25.60 0.95990
     1876  6.275 -25.50 0.95930
     1877  6.275 -25.40 0.95720
     1878  6.275 -25.30 0.95420
     1879  6.275 -25.20 0.95090
     1880  6.275 -25.10 0.94700
     1881  6.275 -25.00 0.94270
     1882  6.275 -24.90 0.93880
     1883  6.275 -24.80 0.93660
     1884  6.275 -24.70 0.93720
     1885  6.275 -24.60 0.94000
     1886  6.275 -24.50 0.94320
     1887  6.275 -24.40 0.94530
     1888  6.275 -24.30 0.94610
     1889  6.275 -24.20 0.94580
     1890  6.275 -24.10 0.94380
     1891  6.275 -24.00 0.94010
     1892  6.275 -23.90 0.93520
     1893  6.275 -23.80 0.92710
     1894  6.275 -23.70 0.91950
     1895  6.275 -23.60 0.90900
     1896  6.275 -23.50 0.88720
     1897  6.275 -23.40 0.86010
     1898  6.275 -23.30 0.82460
     1899  6.275 -23.20 0.76730
     1900  6.275 -23.10 0.67430
     1901  6.275 -23.00 0.54990
     1902  6.275 -22.90 0.39770
     1903  6.275 -22.80 0.24520
     1904  6.275 -22.70 0.13520
     1905  6.275 -22.60 0.07410
     1906  6.275 -22.50 0.03820
     1907  6.275 -22.40 0.01660
     1908  6.275 -22.30 0.00000
     1909  6.275 -22.20 0.00000
     1910  6.275 -22.10 0.00000
     1911  6.275 -22.00 0.00000
     1912  6.275 -21.90 0.00000
     1913  6.275 -21.80 0.00000
     1914  6.275 -21.70 0.00000
     1915  6.275 -21.60 0.00000
     1916  6.275 -21.50 0.00000
     1917  6.275 -21.40 0.00000
     1918  6.275 -21.30 0.00000
     1919  6.275 -21.20 0.00000
     1920  6.275 -21.10 0.00000
     1921  6.300 -29.00 0.96210
     1922  6.300 -28.90 0.96460
     1923  6.300 -28.80 0.96460
     1924  6.300 -28.70 0.96460
     1925  6.300 -28.60 0.96460
     1926  6.300 -28.50 0.96460
     1927  6.300 -28.40 0.96460
     1928  6.300 -28.30 0.96460
     1929  6.300 -28.20 0.96460
     1930  6.300 -28.10 0.96460
     1931  6.300 -28.00 0.96460
     1932  6.300 -27.90 0.96460
     1933  6.300 -27.80 0.96460
     1934  6.300 -27.70 0.96460
     1935  6.300 -27.60 0.96460
     1936  6.300 -27.50 0.96460
     1937  6.300 -27.40 0.96460
     1938  6.300 -27.30 0.96460
     1939  6.300 -27.20 0.96450
     1940  6.300 -27.10 0.96450
     1941  6.300 -27.00 0.96450
     1942  6.300 -26.90 0.96440
     1943  6.300 -26.80 0.96430
     1944  6.300 -26.70 0.96410
     1945  6.300 -26.60 0.96370
     1946  6.300 -26.50 0.96310
     1947  6.300 -26.40 0.96210
     1948  6.300 -26.30 0.96060
     1949  6.300 -26.20 0.95860
     1950  6.300 -26.10 0.95630
     1951  6.300 -26.00 0.95430
     1952  6.300 -25.90 0.95330
     1953  6.300 -25.80 0.95320
     1954  6.300 -25.70 0.95370
     1955  6.300 -25.60 0.95360
     1956  6.300 -25.50 0.95210
     1957  6.300 -25.40 0.94920
     1958  6.300 -25.30 0.94560
     1959  6.300 -25.20 0.94180
     1960  6.300 -25.10 0.93750
     1961  6.300 -25.00 0.93350
     1962  6.300 -24.90 0.93070
     1963  6.300 -24.80 0.93020
     1964  6.300 -24.70 0.93210
     1965  6.300 -24.60 0.93530
     1966  6.300 -24.50 0.93780
     1967  6.300 -24.40 0.93890
     1968  6.300 -24.30 0.93890
     1969  6.300 -24.20 0.93750
     1970  6.300 -24.10 0.93450
     1971  6.300 -24.00 0.93030
     1972  6.300 -23.90 0.92380
     1973  6.300 -23.80 0.91610
     1974  6.300 -23.70 0.90890
     1975  6.300 -23.60 0.89230
     1976  6.300 -23.50 0.86690
     1977  6.300 -23.40 0.83630
     1978  6.300 -23.30 0.79510
     1979  6.300 -23.20 0.72130
     1980  6.300 -23.10 0.61300
     1981  6.300 -23.00 0.47600
     1982  6.300 -22.90 0.32120
     1983  6.300 -22.80 0.18120
     1984  6.300 -22.70 0.09790
     1985  6.300 -22.60 0.05390
     1986  6.300 -22.50 0.02320
     1987  6.300 -22.40 0.01130
     1988  6.300 -22.30 0.00000
     1989  6.300 -22.20 0.00000
     1990  6.300 -22.10 0.00000
     1991  6.300 -22.00 0.00000
     1992  6.300 -21.90 0.00000
     1993  6.300 -21.80 0.00000
     1994  6.300 -21.70 0.00000
     1995  6.300 -21.60 0.00000
     1996  6.300 -21.50 0.00000
     1997  6.300 -21.40 0.00000
     1998  6.300 -21.30 0.00000
     1999  6.300 -21.20 0.00000
     2000  6.300 -21.10 0.00000
     2001  6.325 -29.00 0.95820
     2002  6.325 -28.90 0.95470
     2003  6.325 -28.80 0.95470
     2004  6.325 -28.70 0.95470
     2005  6.325 -28.60 0.95470
     2006  6.325 -28.50 0.95470
     2007  6.325 -28.40 0.95470
     2008  6.325 -28.30 0.95470
     2009  6.325 -28.20 0.95470
     2010  6.325 -28.10 0.95470
     2011  6.325 -28.00 0.95470
     2012  6.325 -27.90 0.95470
     2013  6.325 -27.80 0.95470
     2014  6.325 -27.70 0.95470
     2015  6.325 -27.60 0.95470
     2016  6.325 -27.50 0.95470
     2017  6.325 -27.40 0.95470
     2018  6.325 -27.30 0.95470
     2019  6.325 -27.20 0.95460
     2020  6.325 -27.10 0.95460
     2021  6.325 -27.00 0.95460
     2022  6.325 -26.90 0.95440
     2023  6.325 -26.80 0.95430
     2024  6.325 -26.70 0.95400
     2025  6.325 -26.60 0.95340
     2026  6.325 -26.50 0.95250
     2027  6.325 -26.40 0.95100
     2028  6.325 -26.30 0.94920
     2029  6.325 -26.20 0.94710
     2030  6.325 -26.10 0.94540
     2031  6.325 -26.00 0.94450
     2032  6.325 -25.90 0.94440
     2033  6.325 -25.80 0.94470
     2034  6.325 -25.70 0.94440
     2035  6.325 -25.60 0.94270
     2036  6.325 -25.50 0.93960
     2037  6.325 -25.40 0.93570
     2038  6.325 -25.30 0.93160
     2039  6.325 -25.20 0.92740
     2040  6.325 -25.10 0.92340
     2041  6.325 -25.00 0.92070
     2042  6.325 -24.90 0.92010
     2043  6.325 -24.80 0.92180
     2044  6.325 -24.70 0.92490
     2045  6.325 -24.60 0.92750
     2046  6.325 -24.50 0.92860
     2047  6.325 -24.40 0.92830
     2048  6.325 -24.30 0.92680
     2049  6.325 -24.20 0.92390
     2050  6.325 -24.10 0.92000
     2051  6.325 -24.00 0.91480
     2052  6.325 -23.90 0.90690
     2053  6.325 -23.80 0.89990
     2054  6.325 -23.70 0.88740
     2055  6.325 -23.60 0.86350
     2056  6.325 -23.50 0.83570
     2057  6.325 -23.40 0.79500
     2058  6.325 -23.30 0.73060
     2059  6.325 -23.20 0.63100
     2060  6.325 -23.10 0.49470
     2061  6.325 -23.00 0.34650
     2062  6.325 -22.90 0.20520
     2063  6.325 -22.80 0.11260
     2064  6.325 -22.70 0.06210
     2065  6.325 -22.60 0.03140
     2066  6.325 -22.50 0.01460
     2067  6.325 -22.40 0.00000
     2068  6.325 -22.30 0.00000
     2069  6.325 -22.20 0.00000
     2070  6.325 -22.10 0.00000
     2071  6.325 -22.00 0.00000
     2072  6.325 -21.90 0.00000
     2073  6.325 -21.80 0.00000
     2074  6.325 -21.70 0.00000
     2075  6.325 -21.60 0.00000
     2076  6.325 -21.50 0.00000
     2077  6.325 -21.40 0.00000
     2078  6.325 -21.30 0.00000
     2079  6.325 -21.20 0.00000
     2080  6.325 -21.10 0.00000
     2081  6.350 -29.00 0.94270
     2082  6.350 -28.90 0.94390
     2083  6.350 -28.80 0.94390
     2084  6.350 -28.70 0.94390
     2085  6.350 -28.60 0.94390
     2086  6.350 -28.50 0.94390
     2087  6.350 -28.40 0.94390
     2088  6.350 -28.30 0.94390
     2089  6.350 -28.20 0.94390
     2090  6.350 -28.10 0.94390
     2091  6.350 -28.00 0.94390
     2092  6.350 -27.90 0.94390
     2093  6.350 -27.80 0.94390
     2094  6.350 -27.70 0.94390
     2095  6.350 -27.60 0.94390
     2096  6.350 -27.50 0.94390
     2097  6.350 -27.40 0.94390
     2098  6.350 -27.30 0.94390
     2099  6.350 -27.20 0.94390
     2100  6.350 -27.10 0.94390
     2101  6.350 -27.00 0.94380
     2102  6.350 -26.90 0.94370
     2103  6.350 -26.80 0.94350
     2104  6.350 -26.70 0.94310
     2105  6.350 -26.60 0.94250
     2106  6.350 -26.50 0.94150
     2107  6.350 -26.40 0.94010
     2108  6.350 -26.30 0.93860
     2109  6.350 -26.20 0.93710
     2110  6.350 -26.10 0.93620
     2111  6.350 -26.00 0.93580
     2112  6.350 -25.90 0.93560
     2113  6.350 -25.80 0.93510
     2114  6.350 -25.70 0.93360
     2115  6.350 -25.60 0.93070
     2116  6.350 -25.50 0.92680
     2117  6.350 -25.40 0.92250
     2118  6.350 -25.30 0.91810
     2119  6.350 -25.20 0.91410
     2120  6.350 -25.10 0.91110
     2121  6.350 -25.00 0.90990
     2122  6.350 -24.90 0.91100
     2123  6.350 -24.80 0.91390
     2124  6.350 -24.70 0.91700
     2125  6.350 -24.60 0.91870
     2126  6.350 -24.50 0.91860
     2127  6.350 -24.40 0.91710
     2128  6.350 -24.30 0.91420
     2129  6.350 -24.20 0.91020
     2130  6.350 -24.10 0.90530
     2131  6.350 -24.00 0.89750
     2132  6.350 -23.90 0.89030
     2133  6.350 -23.80 0.88040
     2134  6.350 -23.70 0.86060
     2135  6.350 -23.60 0.83460
     2136  6.350 -23.50 0.80060
     2137  6.350 -23.40 0.74630
     2138  6.350 -23.30 0.66020
     2139  6.350 -23.20 0.54010
     2140  6.350 -23.10 0.40260
     2141  6.350 -23.00 0.25260
     2142  6.350 -22.90 0.14090
     2143  6.350 -22.80 0.07680
     2144  6.350 -22.70 0.04270
     2145  6.350 -22.60 0.02030
     2146  6.350 -22.50 0.00000
     2147  6.350 -22.40 0.00000
     2148  6.350 -22.30 0.00000
     2149  6.350 -22.20 0.00000
     2150  6.350 -22.10 0.00000
     2151  6.350 -22.00 0.00000
     2152  6.350 -21.90 0.00000
     2153  6.350 -21.80 0.00000
     2154  6.350 -21.70 0.00000
     2155  6.350 -21.60 0.00000
     2156  6.350 -21.50 0.00000
     2157  6.350 -21.40 0.00000
     2158  6.350 -21.30 0.00000
     2159  6.350 -21.20 0.00000
     2160  6.350 -21.10 0.00000
     2161  6.375 -29.00 0.92880
     2162  6.375 -28.90 0.92900
     2163  6.375 -28.80 0.92900
     2164  6.375 -28.70 0.92900
     2165  6.375 -28.60 0.92900
     2166  6.375 -28.50 0.92900
     2167  6.375 -28.40 0.92900
     2168  6.375 -28.30 0.92900
     2169  6.375 -28.20 0.92900
     2170  6.375 -28.10 0.92900
     2171  6.375 -28.00 0.92900
     2172  6.375 -27.90 0.92900
     2173  6.375 -27.80 0.92900
     2174  6.375 -27.70 0.92900
     2175  6.375 -27.60 0.92900
     2176  6.375 -27.50 0.92900
     2177  6.375 -27.40 0.92900
     2178  6.375 -27.30 0.92900
     2179  6.375 -27.20 0.92900
     2180  6.375 -27.10 0.92890
     2181  6.375 -27.00 0.92880
     2182  6.375 -26.90 0.92860
     2183  6.375 -26.80 0.92830
     2184  6.375 -26.70 0.92770
     2185  6.375 -26.60 0.92670
     2186  6.375 -26.50 0.92530
     2187  6.375 -26.40 0.92370
     2188  6.375 -26.30 0.92210
     2189  6.375 -26.20 0.92100
     2190  6.375 -26.10 0.92060
     2191  6.375 -26.00 0.92060
     2192  6.375 -25.90 0.92050
     2193  6.375 -25.80 0.91960
     2194  6.375 -25.70 0.91720
     2195  6.375 -25.60 0.91350
     2196  6.375 -25.50 0.90940
     2197  6.375 -25.40 0.90520
     2198  6.375 -25.30 0.90110
     2199  6.375 -25.20 0.89780
     2200  6.375 -25.10 0.89600
     2201  6.375 -25.00 0.89660
     2202  6.375 -24.90 0.89940
     2203  6.375 -24.80 0.90260
     2204  6.375 -24.70 0.90440
     2205  6.375 -24.60 0.90430
     2206  6.375 -24.50 0.90290
     2207  6.375 -24.40 0.90020
     2208  6.375 -24.30 0.89640
     2209  6.375 -24.20 0.89170
     2210  6.375 -24.10 0.88450
     2211  6.375 -24.00 0.87630
     2212  6.375 -23.90 0.86830
     2213  6.375 -23.80 0.85010
     2214  6.375 -23.70 0.82420
     2215  6.375 -23.60 0.79230
     2216  6.375 -23.50 0.74190
     2217  6.375 -23.40 0.67240
     2218  6.375 -23.30 0.55750
     2219  6.375 -23.20 0.42080
     2220  6.375 -23.10 0.26750
     2221  6.375 -23.00 0.13810
     2222  6.375 -22.90 0.07520
     2223  6.375 -22.80 0.03830
     2224  6.375 -22.70 0.01860
     2225  6.375 -22.60 0.00000
     2226  6.375 -22.50 0.00000
     2227  6.375 -22.40 0.00000
     2228  6.375 -22.30 0.00000
     2229  6.375 -22.20 0.00000
     2230  6.375 -22.10 0.00000
     2231  6.375 -22.00 0.00000
     2232  6.375 -21.90 0.00000
     2233  6.375 -21.80 0.00000
     2234  6.375 -21.70 0.00000
     2235  6.375 -21.60 0.00000
     2236  6.375 -21.50 0.00000
     2237  6.375 -21.40 0.00000
     2238  6.375 -21.30 0.00000
     2239  6.375 -21.20 0.00000
     2240  6.375 -21.10 0.00000
     2241  6.400 -29.00 0.91480
     2242  6.400 -28.90 0.91300
     2243  6.400 -28.80 0.91300
     2244  6.400 -28.70 0.91300
     2245  6.400 -28.60 0.91300
     2246  6.400 -28.50 0.91300
     2247  6.400 -28.40 0.91300
     2248  6.400 -28.30 0.91300
     2249  6.400 -28.20 0.91300
     2250  6.400 -28.10 0.91300
     2251  6.400 -28.00 0.91300
     2252  6.400 -27.90 0.91300
     2253  6.400 -27.80 0.91300
     2254  6.400 -27.70 0.91300
     2255  6.400 -27.60 0.91300
     2256  6.400 -27.50 0.91300
     2257  6.400 -27.40 0.91300
     2258  6.400 -27.30 0.91300
     2259  6.400 -27.20 0.91290
     2260  6.400 -27.10 0.91270
     2261  6.400 -27.00 0.91250
     2262  6.400 -26.90 0.91210
     2263  6.400 -26.80 0.91140
     2264  6.400 -26.70 0.91020
     2265  6.400 -26.60 0.90840
     2266  6.400 -26.50 0.90630
     2267  6.400 -26.40 0.90420
     2268  6.400 -26.30 0.90250
     2269  6.400 -26.20 0.90170
     2270  6.400 -26.10 0.90150
     2271  6.400 -26.00 0.90150
     2272  6.400 -25.90 0.90080
     2273  6.400 -25.80 0.89900
     2274  6.400 -25.70 0.89630
     2275  6.400 -25.60 0.89310
     2276  6.400 -25.50 0.88960
     2277  6.400 -25.40 0.88600
     2278  6.400 -25.30 0.88250
     2279  6.400 -25.20 0.87960
     2280  6.400 -25.10 0.87840
     2281  6.400 -25.00 0.87940
     2282  6.400 -24.90 0.88170
     2283  6.400 -24.80 0.88400
     2284  6.400 -24.70 0.88530
     2285  6.400 -24.60 0.88520
     2286  6.400 -24.50 0.88400
     2287  6.400 -24.40 0.88130
     2288  6.400 -24.30 0.87730
     2289  6.400 -24.20 0.87070
     2290  6.400 -24.10 0.86200
     2291  6.400 -24.00 0.85490
     2292  6.400 -23.90 0.84190
     2293  6.400 -23.80 0.81820
     2294  6.400 -23.70 0.79200
     2295  6.400 -23.60 0.75250
     2296  6.400 -23.50 0.69060
     2297  6.400 -23.40 0.60060
     2298  6.400 -23.30 0.48070
     2299  6.400 -23.20 0.34180
     2300  6.400 -23.10 0.20840
     2301  6.400 -23.00 0.11700
     2302  6.400 -22.90 0.06070
     2303  6.400 -22.80 0.03120
     2304  6.400 -22.70 0.01560
     2305  6.400 -22.60 0.00000
     2306  6.400 -22.50 0.00000
     2307  6.400 -22.40 0.00000
     2308  6.400 -22.30 0.00000
     2309  6.400 -22.20 0.00000
     2310  6.400 -22.10 0.00000
     2311  6.400 -22.00 0.00000
     2312  6.400 -21.90 0.00000
     2313  6.400 -21.80 0.00000
     2314  6.400 -21.70 0.00000
     2315  6.400 -21.60 0.00000
     2316  6.400 -21.50 0.00000
     2317  6.400 -21.40 0.00000
     2318  6.400 -21.30 0.00000
     2319  6.400 -21.20 0.00000
     2320  6.400 -21.10 0.00000
     2321  6.425 -29.00 0.89160
     2322  6.425 -28.90 0.88400
     2323  6.425 -28.80 0.88400
     2324  6.425 -28.70 0.88400
     2325  6.425 -28.60 0.88400
     2326  6.425 -28.50 0.88400
     2327  6.425 -28.40 0.88400
     2328  6.425 -28.30 0.88400
     2329  6.425 -28.20 0.88400
     2330  6.425 -28.10 0.88400
     2331  6.425 -28.00 0.88400
     2332  6.425 -27.90 0.88400
     2333  6.425 -27.80 0.88400
     2334  6.425 -27.70 0.88400
     2335  6.425 -27.60 0.88400
     2336  6.425 -27.50 0.88390
     2337  6.425 -27.40 0.88390
     2338  6.425 -27.30 0.88380
     2339  6.425 -27.20 0.88370
     2340  6.425 -27.10 0.88340
     2341  6.425 -27.00 0.88310
     2342  6.425 -26.90 0.88250
     2343  6.425 -26.80 0.88130
     2344  6.425 -26.70 0.87960
     2345  6.425 -26.60 0.87740
     2346  6.425 -26.50 0.87480
     2347  6.425 -26.40 0.87250
     2348  6.425 -26.30 0.87120
     2349  6.425 -26.20 0.87080
     2350  6.425 -26.10 0.87070
     2351  6.425 -26.00 0.87030
     2352  6.425 -25.90 0.86890
     2353  6.425 -25.80 0.86640
     2354  6.425 -25.70 0.86330
     2355  6.425 -25.60 0.86020
     2356  6.425 -25.50 0.85700
     2357  6.425 -25.40 0.85370
     2358  6.425 -25.30 0.85070
     2359  6.425 -25.20 0.84880
     2360  6.425 -25.10 0.84890
     2361  6.425 -25.00 0.85090
     2362  6.425 -24.90 0.85330
     2363  6.425 -24.80 0.85490
     2364  6.425 -24.70 0.85550
     2365  6.425 -24.60 0.85500
     2366  6.425 -24.50 0.85310
     2367  6.425 -24.40 0.84980
     2368  6.425 -24.30 0.84480
     2369  6.425 -24.20 0.83650
     2370  6.425 -24.10 0.82960
     2371  6.425 -24.00 0.82050
     2372  6.425 -23.90 0.79820
     2373  6.425 -23.80 0.77380
     2374  6.425 -23.70 0.74430
     2375  6.425 -23.60 0.69240
     2376  6.425 -23.50 0.61670
     2377  6.425 -23.40 0.51240
     2378  6.425 -23.30 0.37880
     2379  6.425 -23.20 0.23940
     2380  6.425 -23.10 0.13310
     2381  6.425 -23.00 0.07260
     2382  6.425 -22.90 0.03660
     2383  6.425 -22.80 0.01690
     2384  6.425 -22.70 0.00000
     2385  6.425 -22.60 0.00000
     2386  6.425 -22.50 0.00000
     2387  6.425 -22.40 0.00000
     2388  6.425 -22.30 0.00000
     2389  6.425 -22.20 0.00000
     2390  6.425 -22.10 0.00000
     2391  6.425 -22.00 0.00000
     2392  6.425 -21.90 0.00000
     2393  6.425 -21.80 0.00000
     2394  6.425 -21.70 0.00000
     2395  6.425 -21.60 0.00000
     2396  6.425 -21.50 0.00000
     2397  6.425 -21.40 0.00000
     2398  6.425 -21.30 0.00000
     2399  6.425 -21.20 0.00000
     2400  6.425 -21.10 0.00000
     2401  6.450 -29.00 0.83510
     2402  6.450 -28.90 0.82480
     2403  6.450 -28.80 0.82480
     2404  6.450 -28.70 0.82480
     2405  6.450 -28.60 0.82480
     2406  6.450 -28.50 0.82480
     2407  6.450 -28.40 0.82480
     2408  6.450 -28.30 0.82480
     2409  6.450 -28.20 0.82480
     2410  6.450 -28.10 0.82480
     2411  6.450 -28.00 0.82480
     2412  6.450 -27.90 0.82480
     2413  6.450 -27.80 0.82480
     2414  6.450 -27.70 0.82480
     2415  6.450 -27.60 0.82470
     2416  6.450 -27.50 0.82470
     2417  6.450 -27.40 0.82470
     2418  6.450 -27.30 0.82460
     2419  6.450 -27.20 0.82440
     2420  6.450 -27.10 0.82410
     2421  6.450 -27.00 0.82360
     2422  6.450 -26.90 0.82280
     2423  6.450 -26.80 0.82140
     2424  6.450 -26.70 0.81960
     2425  6.450 -26.60 0.81750
     2426  6.450 -26.50 0.81550
     2427  6.450 -26.40 0.81400
     2428  6.450 -26.30 0.81310
     2429  6.450 -26.20 0.81260
     2430  6.450 -26.10 0.81200
     2431  6.450 -26.00 0.81050
     2432  6.450 -25.90 0.80820
     2433  6.450 -25.80 0.80530
     2434  6.450 -25.70 0.80220
     2435  6.450 -25.60 0.79900
     2436  6.450 -25.50 0.79590
     2437  6.450 -25.40 0.79320
     2438  6.450 -25.30 0.79160
     2439  6.450 -25.20 0.79140
     2440  6.450 -25.10 0.79260
     2441  6.450 -25.00 0.79460
     2442  6.450 -24.90 0.79620
     2443  6.450 -24.80 0.79700
     2444  6.450 -24.70 0.79660
     2445  6.450 -24.60 0.79500
     2446  6.450 -24.50 0.79220
     2447  6.450 -24.40 0.78850
     2448  6.450 -24.30 0.78150
     2449  6.450 -24.20 0.77530
     2450  6.450 -24.10 0.76780
     2451  6.450 -24.00 0.75090
     2452  6.450 -23.90 0.72910
     2453  6.450 -23.80 0.70200
     2454  6.450 -23.70 0.66100
     2455  6.450 -23.60 0.59630
     2456  6.450 -23.50 0.50480
     2457  6.450 -23.40 0.38680
     2458  6.450 -23.30 0.26860
     2459  6.450 -23.20 0.16310
     2460  6.450 -23.10 0.08840
     2461  6.450 -23.00 0.04670
     2462  6.450 -22.90 0.02500
     2463  6.450 -22.80 0.01290
     2464  6.450 -22.70 0.00000
     2465  6.450 -22.60 0.00000
     2466  6.450 -22.50 0.00000
     2467  6.450 -22.40 0.00000
     2468  6.450 -22.30 0.00000
     2469  6.450 -22.20 0.00000
     2470  6.450 -22.10 0.00000
     2471  6.450 -22.00 0.00000
     2472  6.450 -21.90 0.00000
     2473  6.450 -21.80 0.00000
     2474  6.450 -21.70 0.00000
     2475  6.450 -21.60 0.00000
     2476  6.450 -21.50 0.00000
     2477  6.450 -21.40 0.00000
     2478  6.450 -21.30 0.00000
     2479  6.450 -21.20 0.00000
     2480  6.450 -21.10 0.00000
     2481  6.475 -29.00 0.72130
     2482  6.475 -28.90 0.73390
     2483  6.475 -28.80 0.73390
     2484  6.475 -28.70 0.73390
     2485  6.475 -28.60 0.73390
     2486  6.475 -28.50 0.73390
     2487  6.475 -28.40 0.73390
     2488  6.475 -28.30 0.73390
     2489  6.475 -28.20 0.73390
     2490  6.475 -28.10 0.73390
     2491  6.475 -28.00 0.73390
     2492  6.475 -27.90 0.73390
     2493  6.475 -27.80 0.73390
     2494  6.475 -27.70 0.73380
     2495  6.475 -27.60 0.73380
     2496  6.475 -27.50 0.73380
     2497  6.475 -27.40 0.73370
     2498  6.475 -27.30 0.73350
     2499  6.475 -27.20 0.73330
     2500  6.475 -27.10 0.73290
     2501  6.475 -27.00 0.73220
     2502  6.475 -26.90 0.73100
     2503  6.475 -26.80 0.72920
     2504  6.475 -26.70 0.72700
     2505  6.475 -26.60 0.72470
     2506  6.475 -26.50 0.72280
     2507  6.475 -26.40 0.72180
     2508  6.475 -26.30 0.72130
     2509  6.475 -26.20 0.72090
     2510  6.475 -26.10 0.71970
     2511  6.475 -26.00 0.71760
     2512  6.475 -25.90 0.71480
     2513  6.475 -25.80 0.71170
     2514  6.475 -25.70 0.70870
     2515  6.475 -25.60 0.70590
     2516  6.475 -25.50 0.70330
     2517  6.475 -25.40 0.70110
     2518  6.475 -25.30 0.70010
     2519  6.475 -25.20 0.70060
     2520  6.475 -25.10 0.70240
     2521  6.475 -25.00 0.70470
     2522  6.475 -24.90 0.70650
     2523  6.475 -24.80 0.70720
     2524  6.475 -24.70 0.70660
     2525  6.475 -24.60 0.70460
     2526  6.475 -24.50 0.70150
     2527  6.475 -24.40 0.69630
     2528  6.475 -24.30 0.69070
     2529  6.475 -24.20 0.68590
     2530  6.475 -24.10 0.67440
     2531  6.475 -24.00 0.65730
     2532  6.475 -23.90 0.63730
     2533  6.475 -23.80 0.60700
     2534  6.475 -23.70 0.55740
     2535  6.475 -23.60 0.48610
     2536  6.475 -23.50 0.38820
     2537  6.475 -23.40 0.28020
     2538  6.475 -23.30 0.17480
     2539  6.475 -23.20 0.09450
     2540  6.475 -23.10 0.05040
     2541  6.475 -23.00 0.02800
     2542  6.475 -22.90 0.01270
     2543  6.475 -22.80 0.00000
     2544  6.475 -22.70 0.00000
     2545  6.475 -22.60 0.00000
     2546  6.475 -22.50 0.00000
     2547  6.475 -22.40 0.00000
     2548  6.475 -22.30 0.00000
     2549  6.475 -22.20 0.00000
     2550  6.475 -22.10 0.00000
     2551  6.475 -22.00 0.00000
     2552  6.475 -21.90 0.00000
     2553  6.475 -21.80 0.00000
     2554  6.475 -21.70 0.00000
     2555  6.475 -21.60 0.00000
     2556  6.475 -21.50 0.00000
     2557  6.475 -21.40 0.00000
     2558  6.475 -21.30 0.00000
     2559  6.475 -21.20 0.00000
     2560  6.475 -21.10 0.00000
     2561  6.500 -29.00 0.65530
     2562  6.500 -28.90 0.65830
     2563  6.500 -28.80 0.65830
     2564  6.500 -28.70 0.65830
     2565  6.500 -28.60 0.65830
     2566  6.500 -28.50 0.65830
     2567  6.500 -28.40 0.65830
     2568  6.500 -28.30 0.65830
     2569  6.500 -28.20 0.65830
     2570  6.500 -28.10 0.65830
     2571  6.500 -28.00 0.65830
     2572  6.500 -27.90 0.65830
     2573  6.500 -27.80 0.65830
     2574  6.500 -27.70 0.65820
     2575  6.500 -27.60 0.65820
     2576  6.500 -27.50 0.65810
     2577  6.500 -27.40 0.65800
     2578  6.500 -27.30 0.65770
     2579  6.500 -27.20 0.65740
     2580  6.500 -27.10 0.65670
     2581  6.500 -27.00 0.65550
     2582  6.500 -26.90 0.65370
     2583  6.500 -26.80 0.65160
     2584  6.500 -26.70 0.64930
     2585  6.500 -26.60 0.64740
     2586  6.500 -26.50 0.64650
     2587  6.500 -26.40 0.64620
     2588  6.500 -26.30 0.64610
     2589  6.500 -26.20 0.64530
     2590  6.500 -26.10 0.64340
     2591  6.500 -26.00 0.64070
     2592  6.500 -25.90 0.63780
     2593  6.500 -25.80 0.63510
     2594  6.500 -25.70 0.63250
     2595  6.500 -25.60 0.62990
     2596  6.500 -25.50 0.62740
     2597  6.500 -25.40 0.62590
     2598  6.500 -25.30 0.62600
     2599  6.500 -25.20 0.62760
     2600  6.500 -25.10 0.62990
     2601  6.500 -25.00 0.63190
     2602  6.500 -24.90 0.63300
     2603  6.500 -24.80 0.63310
     2604  6.500 -24.70 0.63180
     2605  6.500 -24.60 0.62920
     2606  6.500 -24.50 0.62500
     2607  6.500 -24.40 0.61950
     2608  6.500 -24.30 0.61560
     2609  6.500 -24.20 0.60710
     2610  6.500 -24.10 0.59300
     2611  6.500 -24.00 0.57540
     2612  6.500 -23.90 0.54790
     2613  6.500 -23.80 0.50810
     2614  6.500 -23.70 0.44690
     2615  6.500 -23.60 0.36250
     2616  6.500 -23.50 0.26690
     2617  6.500 -23.40 0.17090
     2618  6.500 -23.30 0.10040
     2619  6.500 -23.20 0.05530
     2620  6.500 -23.10 0.03120
     2621  6.500 -23.00 0.01670
     2622  6.500 -22.90 0.00000
     2623  6.500 -22.80 0.00000
     2624  6.500 -22.70 0.00000
     2625  6.500 -22.60 0.00000
     2626  6.500 -22.50 0.00000
     2627  6.500 -22.40 0.00000
     2628  6.500 -22.30 0.00000
     2629  6.500 -22.20 0.00000
     2630  6.500 -22.10 0.00000
     2631  6.500 -22.00 0.00000
     2632  6.500 -21.90 0.00000
     2633  6.500 -21.80 0.00000
     2634  6.500 -21.70 0.00000
     2635  6.500 -21.60 0.00000
     2636  6.500 -21.50 0.00000
     2637  6.500 -21.40 0.00000
     2638  6.500 -21.30 0.00000
     2639  6.500 -21.20 0.00000
     2640  6.500 -21.10 0.00000
     2641  6.525 -29.00 0.58450
     2642  6.525 -28.90 0.58350
     2643  6.525 -28.80 0.58350
     2644  6.525 -28.70 0.58350
     2645  6.525 -28.60 0.58350
     2646  6.525 -28.50 0.58350
     2647  6.525 -28.40 0.58350
     2648  6.525 -28.30 0.58350
     2649  6.525 -28.20 0.58350
     2650  6.525 -28.10 0.58350
     2651  6.525 -28.00 0.58350
     2652  6.525 -27.90 0.58350
     2653  6.525 -27.80 0.58350
     2654  6.525 -27.70 0.58340
     2655  6.525 -27.60 0.58340
     2656  6.525 -27.50 0.58330
     2657  6.525 -27.40 0.58310
     2658  6.525 -27.30 0.58280
     2659  6.525 -27.20 0.58240
     2660  6.525 -27.10 0.58150
     2661  6.525 -27.00 0.58030
     2662  6.525 -26.90 0.57860
     2663  6.525 -26.80 0.57680
     2664  6.525 -26.70 0.57530
     2665  6.525 -26.60 0.57460
     2666  6.525 -26.50 0.57500
     2667  6.525 -26.40 0.57590
     2668  6.525 -26.30 0.57620
     2669  6.525 -26.20 0.57540
     2670  6.525 -26.10 0.57340
     2671  6.525 -26.00 0.57030
     2672  6.525 -25.90 0.56710
     2673  6.525 -25.80 0.56430
     2674  6.525 -25.70 0.56190
     2675  6.525 -25.60 0.55950
     2676  6.525 -25.50 0.55750
     2677  6.525 -25.40 0.55680
     2678  6.525 -25.30 0.55780
     2679  6.525 -25.20 0.56010
     2680  6.525 -25.10 0.56250
     2681  6.525 -25.00 0.56420
     2682  6.525 -24.90 0.56480
     2683  6.525 -24.80 0.56400
     2684  6.525 -24.70 0.56200
     2685  6.525 -24.60 0.55900
     2686  6.525 -24.50 0.55390
     2687  6.525 -24.40 0.54990
     2688  6.525 -24.30 0.54430
     2689  6.525 -24.20 0.53170
     2690  6.525 -24.10 0.51780
     2691  6.525 -24.00 0.49670
     2692  6.525 -23.90 0.46590
     2693  6.525 -23.80 0.41930
     2694  6.525 -23.70 0.35330
     2695  6.525 -23.60 0.27340
     2696  6.525 -23.50 0.18590
     2697  6.525 -23.40 0.10610
     2698  6.525 -23.30 0.05800
     2699  6.525 -23.20 0.03130
     2700  6.525 -23.10 0.01740
     2701  6.525 -23.00 0.00000
     2702  6.525 -22.90 0.00000
     2703  6.525 -22.80 0.00000
     2704  6.525 -22.70 0.00000
     2705  6.525 -22.60 0.00000
     2706  6.525 -22.50 0.00000
     2707  6.525 -22.40 0.00000
     2708  6.525 -22.30 0.00000
     2709  6.525 -22.20 0.00000
     2710  6.525 -22.10 0.00000
     2711  6.525 -22.00 0.00000
     2712  6.525 -21.90 0.00000
     2713  6.525 -21.80 0.00000
     2714  6.525 -21.70 0.00000
     2715  6.525 -21.60 0.00000
     2716  6.525 -21.50 0.00000
     2717  6.525 -21.40 0.00000
     2718  6.525 -21.30 0.00000
     2719  6.525 -21.20 0.00000
     2720  6.525 -21.10 0.00000
     2721  6.550 -29.00 0.46420
     2722  6.550 -28.90 0.48850
     2723  6.550 -28.80 0.48850
     2724  6.550 -28.70 0.48850
     2725  6.550 -28.60 0.48850
     2726  6.550 -28.50 0.48850
     2727  6.550 -28.40 0.48850
     2728  6.550 -28.30 0.48850
     2729  6.550 -28.20 0.48850
     2730  6.550 -28.10 0.48850
     2731  6.550 -28.00 0.48850
     2732  6.550 -27.90 0.48850
     2733  6.550 -27.80 0.48850
     2734  6.550 -27.70 0.48850
     2735  6.550 -27.60 0.48840
     2736  6.550 -27.50 0.48830
     2737  6.550 -27.40 0.48810
     2738  6.550 -27.30 0.48790
     2739  6.550 -27.20 0.48750
     2740  6.550 -27.10 0.48670
     2741  6.550 -27.00 0.48580
     2742  6.550 -26.90 0.48470
     2743  6.550 -26.80 0.48410
     2744  6.550 -26.70 0.48450
     2745  6.550 -26.60 0.48580
     2746  6.550 -26.50 0.48760
     2747  6.550 -26.40 0.48880
     2748  6.550 -26.30 0.48870
     2749  6.550 -26.20 0.48690
     2750  6.550 -26.10 0.48380
     2751  6.550 -26.00 0.48060
     2752  6.550 -25.90 0.47790
     2753  6.550 -25.80 0.47560
     2754  6.550 -25.70 0.47360
     2755  6.550 -25.60 0.47220
     2756  6.550 -25.50 0.47200
     2757  6.550 -25.40 0.47330
     2758  6.550 -25.30 0.47540
     2759  6.550 -25.20 0.47740
     2760  6.550 -25.10 0.47870
     2761  6.550 -25.00 0.47880
     2762  6.550 -24.90 0.47750
     2763  6.550 -24.80 0.47510
     2764  6.550 -24.70 0.47230
     2765  6.550 -24.60 0.46830
     2766  6.550 -24.50 0.46420
     2767  6.550 -24.40 0.46020
     2768  6.550 -24.30 0.44940
     2769  6.550 -24.20 0.43680
     2770  6.550 -24.10 0.42050
     2771  6.550 -24.00 0.39360
     2772  6.550 -23.90 0.35680
     2773  6.550 -23.80 0.30190
     2774  6.550 -23.70 0.23190
     2775  6.550 -23.60 0.15300
     2776  6.550 -23.50 0.08830
     2777  6.550 -23.40 0.04880
     2778  6.550 -23.30 0.02560
     2779  6.550 -23.20 0.01380
     2780  6.550 -23.10 0.00000
     2781  6.550 -23.00 0.00000
     2782  6.550 -22.90 0.00000
     2783  6.550 -22.80 0.00000
     2784  6.550 -22.70 0.00000
     2785  6.550 -22.60 0.00000
     2786  6.550 -22.50 0.00000
     2787  6.550 -22.40 0.00000
     2788  6.550 -22.30 0.00000
     2789  6.550 -22.20 0.00000
     2790  6.550 -22.10 0.00000
     2791  6.550 -22.00 0.00000
     2792  6.550 -21.90 0.00000
     2793  6.550 -21.80 0.00000
     2794  6.550 -21.70 0.00000
     2795  6.550 -21.60 0.00000
     2796  6.550 -21.50 0.00000
     2797  6.550 -21.40 0.00000
     2798  6.550 -21.30 0.00000
     2799  6.550 -21.20 0.00000
     2800  6.550 -21.10 0.00000
     2801  6.575 -29.00 0.40670
     2802  6.575 -28.90 0.41540
     2803  6.575 -28.80 0.41540
     2804  6.575 -28.70 0.41540
     2805  6.575 -28.60 0.41540
     2806  6.575 -28.50 0.41540
     2807  6.575 -28.40 0.41540
     2808  6.575 -28.30 0.41540
     2809  6.575 -28.20 0.41540
     2810  6.575 -28.10 0.41540
     2811  6.575 -28.00 0.41540
     2812  6.575 -27.90 0.41540
     2813  6.575 -27.80 0.41540
     2814  6.575 -27.70 0.41540
     2815  6.575 -27.60 0.41530
     2816  6.575 -27.50 0.41510
     2817  6.575 -27.40 0.41500
     2818  6.575 -27.30 0.41470
     2819  6.575 -27.20 0.41420
     2820  6.575 -27.10 0.41350
     2821  6.575 -27.00 0.41270
     2822  6.575 -26.90 0.41200
     2823  6.575 -26.80 0.41190
     2824  6.575 -26.70 0.41270
     2825  6.575 -26.60 0.41410
     2826  6.575 -26.50 0.41550
     2827  6.575 -26.40 0.41630
     2828  6.575 -26.30 0.41590
     2829  6.575 -26.20 0.41430
     2830  6.575 -26.10 0.41210
     2831  6.575 -26.00 0.40970
     2832  6.575 -25.90 0.40730
     2833  6.575 -25.80 0.40520
     2834  6.575 -25.70 0.40390
     2835  6.575 -25.60 0.40360
     2836  6.575 -25.50 0.40440
     2837  6.575 -25.40 0.40590
     2838  6.575 -25.30 0.40740
     2839  6.575 -25.20 0.40840
     2840  6.575 -25.10 0.40840
     2841  6.575 -25.00 0.40740
     2842  6.575 -24.90 0.40520
     2843  6.575 -24.80 0.40240
     2844  6.575 -24.70 0.39920
     2845  6.575 -24.60 0.39480
     2846  6.575 -24.50 0.39100
     2847  6.575 -24.40 0.38290
     2848  6.575 -24.30 0.37030
     2849  6.575 -24.20 0.35670
     2850  6.575 -24.10 0.33980
     2851  6.575 -24.00 0.31160
     2852  6.575 -23.90 0.27230
     2853  6.575 -23.80 0.21700
     2854  6.575 -23.70 0.15630
     2855  6.575 -23.60 0.09610
     2856  6.575 -23.50 0.05640
     2857  6.575 -23.40 0.03030
     2858  6.575 -23.30 0.01440
     2859  6.575 -23.20 0.00000
     2860  6.575 -23.10 0.00000
     2861  6.575 -23.00 0.00000
     2862  6.575 -22.90 0.00000
     2863  6.575 -22.80 0.00000
     2864  6.575 -22.70 0.00000
     2865  6.575 -22.60 0.00000
     2866  6.575 -22.50 0.00000
     2867  6.575 -22.40 0.00000
     2868  6.575 -22.30 0.00000
     2869  6.575 -22.20 0.00000
     2870  6.575 -22.10 0.00000
     2871  6.575 -22.00 0.00000
     2872  6.575 -21.90 0.00000
     2873  6.575 -21.80 0.00000
     2874  6.575 -21.70 0.00000
     2875  6.575 -21.60 0.00000
     2876  6.575 -21.50 0.00000
     2877  6.575 -21.40 0.00000
     2878  6.575 -21.30 0.00000
     2879  6.575 -21.20 0.00000
     2880  6.575 -21.10 0.00000
     2881  6.600 -29.00 0.32070
     2882  6.600 -28.90 0.33590
     2883  6.600 -28.80 0.33590
     2884  6.600 -28.70 0.33590
     2885  6.600 -28.60 0.33590
     2886  6.600 -28.50 0.33590
     2887  6.600 -28.40 0.33590
     2888  6.600 -28.30 0.33590
     2889  6.600 -28.20 0.33590
     2890  6.600 -28.10 0.33590
     2891  6.600 -28.00 0.33590
     2892  6.600 -27.90 0.33580
     2893  6.600 -27.80 0.33580
     2894  6.600 -27.70 0.33560
     2895  6.600 -27.60 0.33540
     2896  6.600 -27.50 0.33520
     2897  6.600 -27.40 0.33470
     2898  6.600 -27.30 0.33370
     2899  6.600 -27.20 0.33230
     2900  6.600 -27.10 0.33060
     2901  6.600 -27.00 0.32910
     2902  6.600 -26.90 0.32850
     2903  6.600 -26.80 0.32900
     2904  6.600 -26.70 0.33040
     2905  6.600 -26.60 0.33190
     2906  6.600 -26.50 0.33280
     2907  6.600 -26.40 0.33270
     2908  6.600 -26.30 0.33170
     2909  6.600 -26.20 0.33040
     2910  6.600 -26.10 0.32900
     2911  6.600 -26.00 0.32740
     2912  6.600 -25.90 0.32570
     2913  6.600 -25.80 0.32420
     2914  6.600 -25.70 0.32350
     2915  6.600 -25.60 0.32390
     2916  6.600 -25.50 0.32510
     2917  6.600 -25.40 0.32640
     2918  6.600 -25.30 0.32720
     2919  6.600 -25.20 0.32750
     2920  6.600 -25.10 0.32710
     2921  6.600 -25.00 0.32560
     2922  6.600 -24.90 0.32310
     2923  6.600 -24.80 0.31990
     2924  6.600 -24.70 0.31560
     2925  6.600 -24.60 0.31110
     2926  6.600 -24.50 0.30490
     2927  6.600 -24.40 0.29400
     2928  6.600 -24.30 0.28180
     2929  6.600 -24.20 0.26840
     2930  6.600 -24.10 0.24730
     2931  6.600 -24.00 0.21260
     2932  6.600 -23.90 0.16760
     2933  6.600 -23.80 0.11570
     2934  6.600 -23.70 0.06870
     2935  6.600 -23.60 0.03740
     2936  6.600 -23.50 0.02000
     2937  6.600 -23.40 0.01030
     2938  6.600 -23.30 0.00000
     2939  6.600 -23.20 0.00000
     2940  6.600 -23.10 0.00000
     2941  6.600 -23.00 0.00000
     2942  6.600 -22.90 0.00000
     2943  6.600 -22.80 0.00000
     2944  6.600 -22.70 0.00000
     2945  6.600 -22.60 0.00000
     2946  6.600 -22.50 0.00000
     2947  6.600 -22.40 0.00000
     2948  6.600 -22.30 0.00000
     2949  6.600 -22.20 0.00000
     2950  6.600 -22.10 0.00000
     2951  6.600 -22.00 0.00000
     2952  6.600 -21.90 0.00000
     2953  6.600 -21.80 0.00000
     2954  6.600 -21.70 0.00000
     2955  6.600 -21.60 0.00000
     2956  6.600 -21.50 0.00000
     2957  6.600 -21.40 0.00000
     2958  6.600 -21.30 0.00000
     2959  6.600 -21.20 0.00000
     2960  6.600 -21.10 0.00000
