# Uniform SDSS DR7 QSO sample with Richards et al. (2006) selection function
# 1961 QSOs at 3.7<z<5.5, 6248deg2 (Shen & Kelly 2012)
# M1450 computed from imag with Beta's SED
# selection function corrected for photometric incompleteness
# Attention: remove z>4.7 QSOs if combining with McGreer's sample to avoid double-counting
# counter  z     M1450  p       area    sample
        1  3.700 -25.73 0.89585 6248.00 13
        2  3.701 -25.95 0.93005 6248.00 13
        3  3.701 -27.02 0.94525 6248.00 13
        4  3.701 -26.14 0.92245 6248.00 13
        5  3.701 -25.56 0.87210 6248.00 13
        6  3.701 -25.94 0.93005 6248.00 13
        7  3.701 -26.05 0.91295 6248.00 13
        8  3.701 -27.08 0.94050 6248.00 13
        9  3.702 -25.63 0.87210 6248.00 13
       10  3.702 -25.53 0.87210 6248.00 13
       11  3.702 -25.53 0.87210 6248.00 13
       12  3.703 -26.30 0.93575 6248.00 13
       13  3.704 -26.98 0.94525 6248.00 13
       14  3.705 -25.50 0.87210 6248.00 13
       15  3.705 -26.34 0.93575 6248.00 13
       16  3.705 -25.77 0.89395 6248.00 13
       17  3.705 -26.80 0.93575 6248.00 13
       18  3.705 -26.19 0.92245 6248.00 13
       19  3.706 -25.67 0.89585 6248.00 13
       20  3.706 -25.53 0.87210 6248.00 13
       21  3.706 -26.70 0.94525 6248.00 13
       22  3.706 -26.91 0.94525 6248.00 13
       23  3.706 -25.78 0.89395 6248.00 13
       24  3.706 -25.61 0.87210 6248.00 13
       25  3.706 -26.59 0.93100 6248.00 13
       26  3.706 -25.67 0.89585 6248.00 13
       27  3.707 -26.79 0.93575 6248.00 13
       28  3.707 -25.96 0.93005 6248.00 13
       29  3.707 -26.20 0.92245 6248.00 13
       30  3.708 -26.51 0.93100 6248.00 13
       31  3.708 -27.15 0.94525 6248.00 13
       32  3.708 -25.86 0.91770 6248.00 13
       33  3.708 -25.99 0.93005 6248.00 13
       34  3.708 -25.76 0.89395 6248.00 13
       35  3.709 -26.08 0.91295 6248.00 13
       36  3.709 -26.64 0.94525 6248.00 13
       37  3.709 -26.15 0.92245 6248.00 13
       38  3.710 -26.08 0.91295 6248.00 13
       39  3.710 -26.08 0.91295 6248.00 13
       40  3.710 -25.56 0.87210 6248.00 13
       41  3.711 -26.87 0.94525 6248.00 13
       42  3.711 -26.42 0.92625 6248.00 13
       43  3.711 -26.76 0.93575 6248.00 13
       44  3.711 -26.54 0.93100 6248.00 13
       45  3.711 -25.51 0.87210 6248.00 13
       46  3.712 -26.21 0.92245 6248.00 13
       47  3.712 -27.01 0.94525 6248.00 13
       48  3.714 -25.55 0.87210 6248.00 13
       49  3.714 -26.15 0.92245 6248.00 13
       50  3.714 -25.83 0.89395 6248.00 13
       51  3.715 -25.65 0.89585 6248.00 13
       52  3.715 -25.62 0.87210 6248.00 13
       53  3.715 -25.87 0.91770 6248.00 13
       54  3.715 -27.37 0.94525 6248.00 13
       55  3.715 -27.02 0.94525 6248.00 13
       56  3.715 -27.22 0.94525 6248.00 13
       57  3.715 -26.24 0.92245 6248.00 13
       58  3.715 -26.87 0.94525 6248.00 13
       59  3.715 -27.22 0.94525 6248.00 13
       60  3.716 -26.23 0.92245 6248.00 13
       61  3.716 -26.50 0.93100 6248.00 13
       62  3.716 -26.88 0.94525 6248.00 13
       63  3.716 -26.20 0.92245 6248.00 13
       64  3.716 -26.54 0.93100 6248.00 13
       65  3.716 -25.69 0.89585 6248.00 13
       66  3.717 -26.56 0.93100 6248.00 13
       67  3.717 -25.53 0.87210 6248.00 13
       68  3.717 -25.74 0.89585 6248.00 13
       69  3.717 -27.78 0.94525 6248.00 13
       70  3.717 -27.04 0.94525 6248.00 13
       71  3.718 -25.95 0.93005 6248.00 13
       72  3.718 -25.95 0.91770 6248.00 13
       73  3.718 -25.72 0.89585 6248.00 13
       74  3.719 -25.69 0.89585 6248.00 13
       75  3.719 -25.55 0.87210 6248.00 13
       76  3.719 -25.73 0.89585 6248.00 13
       77  3.719 -25.65 0.89585 6248.00 13
       78  3.719 -26.26 0.93575 6248.00 13
       79  3.720 -26.38 0.92625 6248.00 13
       80  3.720 -26.89 0.94525 6248.00 13
       81  3.720 -25.50 0.87210 6248.00 13
       82  3.721 -26.00 0.93005 6248.00 13
       83  3.721 -25.65 0.87210 6248.00 13
       84  3.721 -26.49 0.93100 6248.00 13
       85  3.721 -26.97 0.94525 6248.00 13
       86  3.722 -26.50 0.93100 6248.00 13
       87  3.722 -26.06 0.91295 6248.00 13
       88  3.722 -26.35 0.92625 6248.00 13
       89  3.722 -26.50 0.93100 6248.00 13
       90  3.722 -25.57 0.87210 6248.00 13
       91  3.722 -26.03 0.93005 6248.00 13
       92  3.723 -26.36 0.92625 6248.00 13
       93  3.723 -25.53 0.87210 6248.00 13
       94  3.723 -26.21 0.92245 6248.00 13
       95  3.723 -25.54 0.87210 6248.00 13
       96  3.723 -25.98 0.93005 6248.00 13
       97  3.723 -27.06 0.94050 6248.00 13
       98  3.723 -26.20 0.92245 6248.00 13
       99  3.724 -25.52 0.87210 6248.00 13
      100  3.725 -26.15 0.91295 6248.00 13
      101  3.725 -25.52 0.88065 6248.00 13
      102  3.725 -25.68 0.91580 6248.00 13
      103  3.725 -25.79 0.92150 6248.00 13
      104  3.726 -26.08 0.93100 6248.00 13
      105  3.726 -27.57 0.94525 6248.00 13
      106  3.726 -25.76 0.92150 6248.00 13
      107  3.726 -25.68 0.91580 6248.00 13
      108  3.727 -26.14 0.93100 6248.00 13
      109  3.727 -25.82 0.92150 6248.00 13
      110  3.727 -25.61 0.88065 6248.00 13
      111  3.727 -25.62 0.88065 6248.00 13
      112  3.727 -25.63 0.88065 6248.00 13
      113  3.727 -26.03 0.91675 6248.00 13
      114  3.728 -25.54 0.88065 6248.00 13
      115  3.728 -27.09 0.94525 6248.00 13
      116  3.728 -25.94 0.88635 6248.00 13
      117  3.729 -25.51 0.88065 6248.00 13
      118  3.729 -25.73 0.91580 6248.00 13
      119  3.729 -25.80 0.92150 6248.00 13
      120  3.729 -25.98 0.91675 6248.00 13
      121  3.730 -25.53 0.88065 6248.00 13
      122  3.730 -27.13 0.94525 6248.00 13
      123  3.730 -25.53 0.88065 6248.00 13
      124  3.730 -25.63 0.88065 6248.00 13
      125  3.731 -26.01 0.91675 6248.00 13
      126  3.731 -27.10 0.94525 6248.00 13
      127  3.731 -25.77 0.92150 6248.00 13
      128  3.732 -25.71 0.91580 6248.00 13
      129  3.732 -25.51 0.88065 6248.00 13
      130  3.733 -25.87 0.88635 6248.00 13
      131  3.733 -25.68 0.91580 6248.00 13
      132  3.733 -25.89 0.88635 6248.00 13
      133  3.733 -25.74 0.91580 6248.00 13
      134  3.733 -27.13 0.94525 6248.00 13
      135  3.734 -26.52 0.93195 6248.00 13
      136  3.734 -27.10 0.94525 6248.00 13
      137  3.734 -25.57 0.88065 6248.00 13
      138  3.734 -25.90 0.88635 6248.00 13
      139  3.734 -26.55 0.93195 6248.00 13
      140  3.735 -26.99 0.94050 6248.00 13
      141  3.735 -26.69 0.94050 6248.00 13
      142  3.735 -27.20 0.94050 6248.00 13
      143  3.736 -26.99 0.94050 6248.00 13
      144  3.736 -26.21 0.91200 6248.00 13
      145  3.736 -26.18 0.91200 6248.00 13
      146  3.737 -25.66 0.91580 6248.00 13
      147  3.738 -26.34 0.94050 6248.00 13
      148  3.738 -26.39 0.93575 6248.00 13
      149  3.738 -25.59 0.88065 6248.00 13
      150  3.738 -26.97 0.94050 6248.00 13
      151  3.738 -27.07 0.94525 6248.00 13
      152  3.739 -25.84 0.92150 6248.00 13
      153  3.739 -25.52 0.88065 6248.00 13
      154  3.739 -26.53 0.93195 6248.00 13
      155  3.739 -25.60 0.88065 6248.00 13
      156  3.739 -25.60 0.88065 6248.00 13
      157  3.739 -26.35 0.94050 6248.00 13
      158  3.739 -26.40 0.93575 6248.00 13
      159  3.740 -25.93 0.88635 6248.00 13
      160  3.740 -25.89 0.88635 6248.00 13
      161  3.740 -26.02 0.91675 6248.00 13
      162  3.740 -25.84 0.92150 6248.00 13
      163  3.740 -26.00 0.91675 6248.00 13
      164  3.740 -26.38 0.93575 6248.00 13
      165  3.740 -25.69 0.91580 6248.00 13
      166  3.740 -25.76 0.91580 6248.00 13
      167  3.741 -25.90 0.88635 6248.00 13
      168  3.741 -25.74 0.91580 6248.00 13
      169  3.741 -26.33 0.94050 6248.00 13
      170  3.742 -26.22 0.91200 6248.00 13
      171  3.742 -26.75 0.94050 6248.00 13
      172  3.742 -26.17 0.91200 6248.00 13
      173  3.742 -25.95 0.88635 6248.00 13
      174  3.742 -27.06 0.94050 6248.00 13
      175  3.742 -25.53 0.88065 6248.00 13
      176  3.743 -25.90 0.88635 6248.00 13
      177  3.743 -25.56 0.88065 6248.00 13
      178  3.743 -26.67 0.94050 6248.00 13
      179  3.744 -25.98 0.91675 6248.00 13
      180  3.744 -25.52 0.88065 6248.00 13
      181  3.744 -26.00 0.91675 6248.00 13
      182  3.744 -25.65 0.88065 6248.00 13
      183  3.744 -26.73 0.94050 6248.00 13
      184  3.745 -27.25 0.94050 6248.00 13
      185  3.745 -25.64 0.88065 6248.00 13
      186  3.745 -26.04 0.91675 6248.00 13
      187  3.745 -26.97 0.94050 6248.00 13
      188  3.745 -25.87 0.88635 6248.00 13
      189  3.745 -25.66 0.88065 6248.00 13
      190  3.746 -25.57 0.88065 6248.00 13
      191  3.746 -25.64 0.88065 6248.00 13
      192  3.746 -25.81 0.92150 6248.00 13
      193  3.747 -25.57 0.88065 6248.00 13
      194  3.747 -25.69 0.91580 6248.00 13
      195  3.747 -25.84 0.92150 6248.00 13
      196  3.747 -27.62 0.94525 6248.00 13
      197  3.747 -25.78 0.92150 6248.00 13
      198  3.748 -26.02 0.91675 6248.00 13
      199  3.748 -25.69 0.91580 6248.00 13
      200  3.748 -26.33 0.94050 6248.00 13
      201  3.748 -26.90 0.93575 6248.00 13
      202  3.749 -27.00 0.94050 6248.00 13
      203  3.749 -26.36 0.94050 6248.00 13
      204  3.749 -26.07 0.93100 6248.00 13
      205  3.749 -25.97 0.88635 6248.00 13
      206  3.749 -26.49 0.93195 6248.00 13
      207  3.750 -25.97 0.91675 6248.00 13
      208  3.750 -27.10 0.94525 6248.00 13
      209  3.750 -26.10 0.93100 6248.00 13
      210  3.750 -26.17 0.91200 6248.00 13
      211  3.750 -25.65 0.88065 6248.00 13
      212  3.751 -26.07 0.93100 6248.00 13
      213  3.751 -25.69 0.91580 6248.00 13
      214  3.751 -26.75 0.94050 6248.00 13
      215  3.752 -26.24 0.91200 6248.00 13
      216  3.752 -25.81 0.92150 6248.00 13
      217  3.752 -26.40 0.93575 6248.00 13
      218  3.752 -27.32 0.94525 6248.00 13
      219  3.752 -25.76 0.91580 6248.00 13
      220  3.753 -25.73 0.91580 6248.00 13
      221  3.753 -27.25 0.94050 6248.00 13
      222  3.753 -26.18 0.91200 6248.00 13
      223  3.753 -26.58 0.94050 6248.00 13
      224  3.753 -25.58 0.88065 6248.00 13
      225  3.754 -26.27 0.91200 6248.00 13
      226  3.754 -25.60 0.88065 6248.00 13
      227  3.754 -25.94 0.88635 6248.00 13
      228  3.754 -25.57 0.88065 6248.00 13
      229  3.754 -26.36 0.94050 6248.00 13
      230  3.755 -26.52 0.93195 6248.00 13
      231  3.755 -26.04 0.91675 6248.00 13
      232  3.755 -26.10 0.93100 6248.00 13
      233  3.755 -25.62 0.88065 6248.00 13
      234  3.755 -26.95 0.93575 6248.00 13
      235  3.756 -26.88 0.93575 6248.00 13
      236  3.756 -26.71 0.94050 6248.00 13
      237  3.756 -25.92 0.88635 6248.00 13
      238  3.756 -25.56 0.88065 6248.00 13
      239  3.757 -27.22 0.94050 6248.00 13
      240  3.757 -25.83 0.92150 6248.00 13
      241  3.758 -26.03 0.91675 6248.00 13
      242  3.758 -27.30 0.94525 6248.00 13
      243  3.758 -26.27 0.91200 6248.00 13
      244  3.758 -26.50 0.93195 6248.00 13
      245  3.758 -27.77 0.94525 6248.00 13
      246  3.759 -25.66 0.88065 6248.00 13
      247  3.759 -25.96 0.88635 6248.00 13
      248  3.759 -25.57 0.88065 6248.00 13
      249  3.759 -25.61 0.88065 6248.00 13
      250  3.759 -27.85 0.94525 6248.00 13
      251  3.760 -26.76 0.94050 6248.00 13
      252  3.760 -25.87 0.92150 6248.00 13
      253  3.760 -25.74 0.91580 6248.00 13
      254  3.760 -25.81 0.92150 6248.00 13
      255  3.760 -25.75 0.91580 6248.00 13
      256  3.760 -25.62 0.88065 6248.00 13
      257  3.761 -26.74 0.94050 6248.00 13
      258  3.761 -25.73 0.91580 6248.00 13
      259  3.761 -26.16 0.93100 6248.00 13
      260  3.761 -25.66 0.88065 6248.00 13
      261  3.762 -25.83 0.92150 6248.00 13
      262  3.763 -25.78 0.92150 6248.00 13
      263  3.764 -25.58 0.88065 6248.00 13
      264  3.764 -25.80 0.92150 6248.00 13
      265  3.764 -26.17 0.93100 6248.00 13
      266  3.764 -25.74 0.91580 6248.00 13
      267  3.764 -25.63 0.88065 6248.00 13
      268  3.764 -26.44 0.93575 6248.00 13
      269  3.765 -26.58 0.94050 6248.00 13
      270  3.765 -25.63 0.88065 6248.00 13
      271  3.765 -25.60 0.88065 6248.00 13
      272  3.766 -25.61 0.88065 6248.00 13
      273  3.766 -25.72 0.91580 6248.00 13
      274  3.766 -25.63 0.88065 6248.00 13
      275  3.766 -26.56 0.93195 6248.00 13
      276  3.766 -25.67 0.88065 6248.00 13
      277  3.767 -26.02 0.91675 6248.00 13
      278  3.767 -27.15 0.94525 6248.00 13
      279  3.767 -26.36 0.94050 6248.00 13
      280  3.767 -28.41 0.94525 6248.00 13
      281  3.767 -25.67 0.88065 6248.00 13
      282  3.768 -26.17 0.93100 6248.00 13
      283  3.768 -26.29 0.94050 6248.00 13
      284  3.768 -26.55 0.93195 6248.00 13
      285  3.768 -27.96 0.94525 6248.00 13
      286  3.768 -25.91 0.88635 6248.00 13
      287  3.768 -25.74 0.91580 6248.00 13
      288  3.769 -26.31 0.94050 6248.00 13
      289  3.769 -26.75 0.94050 6248.00 13
      290  3.769 -27.11 0.94525 6248.00 13
      291  3.771 -26.00 0.91675 6248.00 13
      292  3.771 -25.60 0.88065 6248.00 13
      293  3.771 -25.58 0.88065 6248.00 13
      294  3.771 -26.59 0.94050 6248.00 13
      295  3.771 -25.82 0.92150 6248.00 13
      296  3.772 -26.61 0.94050 6248.00 13
      297  3.772 -27.15 0.94525 6248.00 13
      298  3.772 -25.55 0.88065 6248.00 13
      299  3.772 -25.91 0.88635 6248.00 13
      300  3.772 -25.65 0.88065 6248.00 13
      301  3.772 -26.21 0.91200 6248.00 13
      302  3.773 -26.35 0.94050 6248.00 13
      303  3.773 -26.35 0.94050 6248.00 13
      304  3.773 -25.96 0.88635 6248.00 13
      305  3.774 -26.40 0.93575 6248.00 13
      306  3.774 -26.76 0.94050 6248.00 13
      307  3.775 -25.95 0.93005 6248.00 13
      308  3.775 -25.97 0.93005 6248.00 13
      309  3.776 -25.85 0.91295 6248.00 13
      310  3.776 -26.57 0.94050 6248.00 13
      311  3.776 -25.76 0.92150 6248.00 13
      312  3.776 -27.24 0.94525 6248.00 13
      313  3.776 -27.37 0.94525 6248.00 13
      314  3.777 -27.09 0.94525 6248.00 13
      315  3.777 -25.68 0.92150 6248.00 13
      316  3.777 -27.27 0.94525 6248.00 13
      317  3.777 -25.73 0.92150 6248.00 13
      318  3.777 -26.52 0.94050 6248.00 13
      319  3.778 -26.70 0.94050 6248.00 13
      320  3.778 -26.93 0.94525 6248.00 13
      321  3.778 -26.48 0.95000 6248.00 13
      322  3.778 -26.24 0.93575 6248.00 13
      323  3.779 -26.18 0.93480 6248.00 13
      324  3.779 -25.59 0.90820 6248.00 13
      325  3.779 -25.97 0.93005 6248.00 13
      326  3.779 -25.87 0.91295 6248.00 13
      327  3.779 -26.01 0.91390 6248.00 13
      328  3.779 -27.14 0.94525 6248.00 13
      329  3.779 -25.92 0.93005 6248.00 13
      330  3.779 -25.58 0.90820 6248.00 13
      331  3.779 -26.20 0.93575 6248.00 13
      332  3.779 -26.28 0.93575 6248.00 13
      333  3.780 -26.24 0.93575 6248.00 13
      334  3.780 -25.85 0.91295 6248.00 13
      335  3.781 -26.39 0.95000 6248.00 13
      336  3.781 -25.60 0.90820 6248.00 13
      337  3.781 -27.07 0.94525 6248.00 13
      338  3.781 -26.39 0.95000 6248.00 13
      339  3.781 -26.63 0.94525 6248.00 13
      340  3.781 -26.57 0.94050 6248.00 13
      341  3.782 -26.09 0.93480 6248.00 13
      342  3.782 -26.47 0.95000 6248.00 13
      343  3.782 -25.60 0.90820 6248.00 13
      344  3.782 -25.57 0.90820 6248.00 13
      345  3.783 -27.24 0.94525 6248.00 13
      346  3.783 -26.35 0.94525 6248.00 13
      347  3.783 -25.57 0.90820 6248.00 13
      348  3.783 -25.77 0.92150 6248.00 13
      349  3.783 -25.74 0.92150 6248.00 13
      350  3.783 -25.87 0.91295 6248.00 13
      351  3.784 -27.03 0.94525 6248.00 13
      352  3.784 -26.44 0.95000 6248.00 13
      353  3.784 -25.88 0.91295 6248.00 13
      354  3.784 -26.11 0.93480 6248.00 13
      355  3.784 -26.45 0.95000 6248.00 13
      356  3.785 -25.73 0.92150 6248.00 13
      357  3.785 -26.17 0.93480 6248.00 13
      358  3.785 -26.78 0.94050 6248.00 13
      359  3.785 -26.50 0.94050 6248.00 13
      360  3.786 -27.42 0.94525 6248.00 13
      361  3.786 -26.32 0.94525 6248.00 13
      362  3.786 -25.91 0.93005 6248.00 13
      363  3.787 -25.65 0.90820 6248.00 13
      364  3.787 -26.35 0.94525 6248.00 13
      365  3.787 -26.89 0.94525 6248.00 13
      366  3.787 -25.83 0.91295 6248.00 13
      367  3.787 -25.84 0.91295 6248.00 13
      368  3.788 -25.70 0.92150 6248.00 13
      369  3.788 -25.61 0.90820 6248.00 13
      370  3.788 -25.74 0.92150 6248.00 13
      371  3.788 -26.50 0.94050 6248.00 13
      372  3.789 -25.73 0.92150 6248.00 13
      373  3.789 -25.98 0.93005 6248.00 13
      374  3.789 -26.24 0.93575 6248.00 13
      375  3.789 -25.94 0.93005 6248.00 13
      376  3.789 -26.54 0.94050 6248.00 13
      377  3.790 -26.36 0.94525 6248.00 13
      378  3.790 -26.98 0.94525 6248.00 13
      379  3.790 -26.10 0.93480 6248.00 13
      380  3.791 -26.73 0.94050 6248.00 13
      381  3.791 -25.92 0.93005 6248.00 13
      382  3.791 -25.73 0.92150 6248.00 13
      383  3.792 -26.88 0.94050 6248.00 13
      384  3.793 -25.81 0.91295 6248.00 13
      385  3.793 -25.65 0.90820 6248.00 13
      386  3.794 -25.57 0.90820 6248.00 13
      387  3.794 -26.90 0.94525 6248.00 13
      388  3.794 -25.91 0.93005 6248.00 13
      389  3.794 -25.96 0.93005 6248.00 13
      390  3.795 -26.87 0.94050 6248.00 13
      391  3.795 -27.03 0.94525 6248.00 13
      392  3.795 -26.80 0.94050 6248.00 13
      393  3.795 -25.73 0.92150 6248.00 13
      394  3.795 -25.60 0.90820 6248.00 13
      395  3.795 -27.32 0.94525 6248.00 13
      396  3.795 -25.78 0.92150 6248.00 13
      397  3.795 -26.05 0.91390 6248.00 13
      398  3.796 -25.74 0.92150 6248.00 13
      399  3.796 -26.49 0.95000 6248.00 13
      400  3.796 -26.69 0.94525 6248.00 13
      401  3.797 -27.18 0.94525 6248.00 13
      402  3.797 -25.94 0.93005 6248.00 13
      403  3.797 -25.82 0.91295 6248.00 13
      404  3.797 -26.67 0.94525 6248.00 13
      405  3.797 -26.28 0.93575 6248.00 13
      406  3.798 -26.34 0.94525 6248.00 13
      407  3.798 -26.19 0.93480 6248.00 13
      408  3.798 -25.79 0.92150 6248.00 13
      409  3.799 -25.83 0.91295 6248.00 13
      410  3.799 -25.69 0.90820 6248.00 13
      411  3.799 -26.28 0.93575 6248.00 13
      412  3.800 -26.38 0.94525 6248.00 13
      413  3.800 -26.22 0.93575 6248.00 13
      414  3.800 -27.34 0.94525 6248.00 13
      415  3.800 -26.07 0.91390 6248.00 13
      416  3.801 -26.15 0.93480 6248.00 13
      417  3.802 -26.49 0.95000 6248.00 13
      418  3.802 -25.75 0.92150 6248.00 13
      419  3.803 -26.23 0.93575 6248.00 13
      420  3.804 -25.61 0.90820 6248.00 13
      421  3.804 -26.32 0.94525 6248.00 13
      422  3.804 -25.89 0.91295 6248.00 13
      423  3.804 -26.63 0.94525 6248.00 13
      424  3.805 -25.71 0.92150 6248.00 13
      425  3.805 -26.51 0.94050 6248.00 13
      426  3.806 -26.07 0.91390 6248.00 13
      427  3.806 -25.68 0.90820 6248.00 13
      428  3.806 -27.08 0.94525 6248.00 13
      429  3.806 -25.78 0.92150 6248.00 13
      430  3.806 -26.12 0.93480 6248.00 13
      431  3.806 -26.53 0.94050 6248.00 13
      432  3.806 -25.57 0.90820 6248.00 13
      433  3.807 -26.98 0.94525 6248.00 13
      434  3.807 -27.29 0.94525 6248.00 13
      435  3.807 -25.93 0.93005 6248.00 13
      436  3.807 -26.11 0.93480 6248.00 13
      437  3.808 -26.39 0.94525 6248.00 13
      438  3.808 -26.16 0.93480 6248.00 13
      439  3.808 -26.06 0.91390 6248.00 13
      440  3.809 -26.04 0.91390 6248.00 13
      441  3.809 -26.02 0.91390 6248.00 13
      442  3.809 -25.87 0.91295 6248.00 13
      443  3.809 -26.27 0.93575 6248.00 13
      444  3.810 -25.88 0.91295 6248.00 13
      445  3.810 -26.46 0.95000 6248.00 13
      446  3.810 -26.81 0.94050 6248.00 13
      447  3.811 -26.28 0.93575 6248.00 13
      448  3.811 -25.56 0.90820 6248.00 13
      449  3.811 -26.06 0.91390 6248.00 13
      450  3.811 -25.81 0.91295 6248.00 13
      451  3.811 -25.63 0.90820 6248.00 13
      452  3.812 -26.28 0.93575 6248.00 13
      453  3.812 -25.78 0.92150 6248.00 13
      454  3.812 -25.71 0.92150 6248.00 13
      455  3.812 -25.73 0.92150 6248.00 13
      456  3.813 -26.15 0.93480 6248.00 13
      457  3.813 -26.21 0.93575 6248.00 13
      458  3.813 -26.79 0.94050 6248.00 13
      459  3.813 -26.61 0.94525 6248.00 13
      460  3.813 -25.58 0.90820 6248.00 13
      461  3.813 -25.89 0.91295 6248.00 13
      462  3.813 -25.63 0.90820 6248.00 13
      463  3.813 -27.02 0.94525 6248.00 13
      464  3.813 -26.57 0.94050 6248.00 13
      465  3.814 -25.57 0.90820 6248.00 13
      466  3.814 -26.16 0.93480 6248.00 13
      467  3.814 -26.10 0.91390 6248.00 13
      468  3.815 -26.65 0.94525 6248.00 13
      469  3.816 -25.93 0.93005 6248.00 13
      470  3.816 -26.05 0.91390 6248.00 13
      471  3.816 -26.60 0.94050 6248.00 13
      472  3.816 -25.65 0.90820 6248.00 13
      473  3.816 -26.73 0.94050 6248.00 13
      474  3.816 -26.44 0.95000 6248.00 13
      475  3.816 -25.58 0.90820 6248.00 13
      476  3.816 -26.88 0.94050 6248.00 13
      477  3.817 -26.50 0.95000 6248.00 13
      478  3.817 -26.21 0.93575 6248.00 13
      479  3.817 -26.15 0.93480 6248.00 13
      480  3.817 -26.17 0.93480 6248.00 13
      481  3.817 -25.67 0.90820 6248.00 13
      482  3.817 -25.65 0.90820 6248.00 13
      483  3.817 -26.40 0.94525 6248.00 13
      484  3.818 -27.29 0.94525 6248.00 13
      485  3.818 -25.85 0.91295 6248.00 13
      486  3.818 -25.72 0.92150 6248.00 13
      487  3.818 -26.45 0.95000 6248.00 13
      488  3.819 -26.57 0.94050 6248.00 13
      489  3.819 -26.94 0.94525 6248.00 13
      490  3.819 -26.09 0.91390 6248.00 13
      491  3.819 -25.85 0.91295 6248.00 13
      492  3.819 -28.61 0.94525 6248.00 13
      493  3.820 -26.08 0.91390 6248.00 13
      494  3.820 -25.81 0.92150 6248.00 13
      495  3.820 -25.66 0.90820 6248.00 13
      496  3.820 -25.81 0.92150 6248.00 13
      497  3.821 -26.64 0.94525 6248.00 13
      498  3.821 -27.46 0.94525 6248.00 13
      499  3.821 -25.63 0.90820 6248.00 13
      500  3.821 -27.53 0.94525 6248.00 13
      501  3.822 -26.02 0.91390 6248.00 13
      502  3.822 -25.65 0.90820 6248.00 13
      503  3.822 -26.22 0.93575 6248.00 13
      504  3.822 -26.16 0.93480 6248.00 13
      505  3.822 -25.64 0.90820 6248.00 13
      506  3.824 -26.62 0.94525 6248.00 13
      507  3.824 -27.02 0.94525 6248.00 13
      508  3.824 -25.67 0.90820 6248.00 13
      509  3.824 -25.91 0.91295 6248.00 13
      510  3.824 -26.72 0.94050 6248.00 13
      511  3.825 -25.98 0.93005 6248.00 13
      512  3.825 -26.15 0.93480 6248.00 13
      513  3.825 -26.38 0.90250 6248.00 13
      514  3.825 -25.81 0.87780 6248.00 13
      515  3.826 -26.97 0.93575 6248.00 13
      516  3.826 -25.63 0.86165 6248.00 13
      517  3.827 -27.76 0.94050 6248.00 13
      518  3.827 -27.70 0.94050 6248.00 13
      519  3.827 -25.87 0.91200 6248.00 13
      520  3.827 -26.10 0.89110 6248.00 13
      521  3.828 -26.34 0.90250 6248.00 13
      522  3.828 -26.53 0.92245 6248.00 13
      523  3.828 -26.17 0.88160 6248.00 13
      524  3.828 -27.28 0.94050 6248.00 13
      525  3.828 -26.35 0.90250 6248.00 13
      526  3.829 -25.57 0.86165 6248.00 13
      527  3.829 -26.22 0.90725 6248.00 13
      528  3.829 -26.74 0.93005 6248.00 13
      529  3.831 -26.07 0.89110 6248.00 13
      530  3.831 -25.57 0.86165 6248.00 13
      531  3.831 -25.89 0.91200 6248.00 13
      532  3.831 -26.11 0.89110 6248.00 13
      533  3.832 -25.94 0.88540 6248.00 13
      534  3.832 -26.88 0.94050 6248.00 13
      535  3.833 -26.46 0.90535 6248.00 13
      536  3.833 -27.02 0.94050 6248.00 13
      537  3.835 -26.02 0.88540 6248.00 13
      538  3.835 -26.30 0.90725 6248.00 13
      539  3.836 -26.76 0.93005 6248.00 13
      540  3.837 -26.63 0.91770 6248.00 13
      541  3.837 -25.72 0.87780 6248.00 13
      542  3.837 -26.53 0.92245 6248.00 13
      543  3.838 -26.04 0.89110 6248.00 13
      544  3.838 -25.97 0.88540 6248.00 13
      545  3.839 -26.41 0.90250 6248.00 13
      546  3.839 -26.08 0.89110 6248.00 13
      547  3.840 -25.81 0.87780 6248.00 13
      548  3.840 -25.88 0.91200 6248.00 13
      549  3.840 -27.00 0.93575 6248.00 13
      550  3.841 -25.67 0.86165 6248.00 13
      551  3.841 -25.99 0.88540 6248.00 13
      552  3.841 -25.75 0.87780 6248.00 13
      553  3.841 -26.47 0.90535 6248.00 13
      554  3.841 -26.54 0.92245 6248.00 13
      555  3.841 -26.59 0.92245 6248.00 13
      556  3.842 -26.24 0.90725 6248.00 13
      557  3.842 -26.50 0.90535 6248.00 13
      558  3.842 -26.10 0.89110 6248.00 13
      559  3.842 -27.41 0.94050 6248.00 13
      560  3.843 -26.28 0.90725 6248.00 13
      561  3.843 -26.74 0.93005 6248.00 13
      562  3.843 -26.12 0.89110 6248.00 13
      563  3.843 -25.74 0.87780 6248.00 13
      564  3.843 -26.01 0.88540 6248.00 13
      565  3.844 -26.73 0.93005 6248.00 13
      566  3.844 -25.69 0.86165 6248.00 13
      567  3.844 -26.29 0.90725 6248.00 13
      568  3.845 -25.81 0.87780 6248.00 13
      569  3.845 -26.19 0.88160 6248.00 13
      570  3.845 -26.79 0.93005 6248.00 13
      571  3.845 -25.88 0.91200 6248.00 13
      572  3.845 -26.17 0.88160 6248.00 13
      573  3.845 -26.69 0.91770 6248.00 13
      574  3.845 -26.90 0.94050 6248.00 13
      575  3.846 -25.82 0.87780 6248.00 13
      576  3.846 -27.50 0.94050 6248.00 13
      577  3.846 -25.65 0.86165 6248.00 13
      578  3.847 -25.63 0.86165 6248.00 13
      579  3.847 -26.62 0.92245 6248.00 13
      580  3.847 -26.15 0.88160 6248.00 13
      581  3.847 -26.89 0.94050 6248.00 13
      582  3.848 -27.17 0.93005 6248.00 13
      583  3.849 -27.41 0.94050 6248.00 13
      584  3.849 -26.37 0.90250 6248.00 13
      585  3.849 -26.94 0.93575 6248.00 13
      586  3.849 -26.39 0.90250 6248.00 13
      587  3.849 -25.72 0.86165 6248.00 13
      588  3.850 -25.72 0.86165 6248.00 13
      589  3.850 -26.49 0.90535 6248.00 13
      590  3.850 -26.24 0.90725 6248.00 13
      591  3.850 -26.35 0.90250 6248.00 13
      592  3.850 -25.61 0.86165 6248.00 13
      593  3.851 -25.73 0.87780 6248.00 13
      594  3.851 -25.58 0.86165 6248.00 13
      595  3.851 -26.27 0.90725 6248.00 13
      596  3.851 -26.43 0.90535 6248.00 13
      597  3.851 -26.47 0.90535 6248.00 13
      598  3.852 -25.73 0.87780 6248.00 13
      599  3.853 -26.59 0.92245 6248.00 13
      600  3.853 -25.98 0.88540 6248.00 13
      601  3.853 -26.99 0.93575 6248.00 13
      602  3.853 -26.03 0.89110 6248.00 13
      603  3.854 -25.64 0.86165 6248.00 13
      604  3.854 -26.29 0.90725 6248.00 13
      605  3.854 -25.94 0.88540 6248.00 13
      606  3.855 -27.10 0.94050 6248.00 13
      607  3.855 -25.60 0.86165 6248.00 13
      608  3.855 -26.76 0.93005 6248.00 13
      609  3.855 -25.79 0.87780 6248.00 13
      610  3.855 -26.66 0.91770 6248.00 13
      611  3.855 -25.83 0.87780 6248.00 13
      612  3.855 -26.88 0.94050 6248.00 13
      613  3.856 -25.87 0.91200 6248.00 13
      614  3.857 -26.03 0.89110 6248.00 13
      615  3.857 -26.28 0.90725 6248.00 13
      616  3.857 -26.56 0.92245 6248.00 13
      617  3.857 -26.05 0.89110 6248.00 13
      618  3.857 -26.63 0.92245 6248.00 13
      619  3.858 -25.87 0.91200 6248.00 13
      620  3.859 -26.23 0.90725 6248.00 13
      621  3.859 -25.63 0.86165 6248.00 13
      622  3.860 -25.90 0.91200 6248.00 13
      623  3.860 -26.21 0.88160 6248.00 13
      624  3.861 -25.93 0.88540 6248.00 13
      625  3.861 -26.15 0.88160 6248.00 13
      626  3.862 -26.43 0.90250 6248.00 13
      627  3.862 -26.08 0.89110 6248.00 13
      628  3.863 -25.59 0.86165 6248.00 13
      629  3.865 -25.83 0.91200 6248.00 13
      630  3.865 -26.36 0.90250 6248.00 13
      631  3.865 -25.81 0.87780 6248.00 13
      632  3.866 -26.40 0.90250 6248.00 13
      633  3.866 -26.37 0.90250 6248.00 13
      634  3.867 -26.62 0.92245 6248.00 13
      635  3.867 -25.67 0.86165 6248.00 13
      636  3.868 -26.69 0.91770 6248.00 13
      637  3.868 -25.84 0.91200 6248.00 13
      638  3.869 -26.35 0.90250 6248.00 13
      639  3.869 -26.69 0.91770 6248.00 13
      640  3.869 -25.67 0.86165 6248.00 13
      641  3.870 -25.91 0.91200 6248.00 13
      642  3.870 -26.65 0.91770 6248.00 13
      643  3.870 -25.62 0.86165 6248.00 13
      644  3.870 -26.59 0.92245 6248.00 13
      645  3.870 -27.85 0.94050 6248.00 13
      646  3.871 -26.46 0.90535 6248.00 13
      647  3.871 -25.78 0.87780 6248.00 13
      648  3.871 -26.57 0.92245 6248.00 13
      649  3.871 -27.48 0.94050 6248.00 13
      650  3.871 -26.87 0.94050 6248.00 13
      651  3.872 -26.13 0.89110 6248.00 13
      652  3.872 -26.46 0.90535 6248.00 13
      653  3.872 -25.92 0.91200 6248.00 13
      654  3.873 -26.84 0.94050 6248.00 13
      655  3.873 -25.74 0.87780 6248.00 13
      656  3.873 -26.57 0.92245 6248.00 13
      657  3.873 -26.36 0.90250 6248.00 13
      658  3.874 -25.64 0.86165 6248.00 13
      659  3.874 -26.10 0.89110 6248.00 13
      660  3.874 -26.63 0.92245 6248.00 13
      661  3.875 -27.07 0.94050 6248.00 13
      662  3.875 -26.05 0.93575 6248.00 13
      663  3.875 -26.38 0.94525 6248.00 13
      664  3.875 -28.35 0.94525 6248.00 13
      665  3.876 -27.80 0.94525 6248.00 13
      666  3.877 -26.05 0.93575 6248.00 13
      667  3.877 -25.86 0.94050 6248.00 13
      668  3.877 -26.39 0.94525 6248.00 13
      669  3.877 -26.69 0.94525 6248.00 13
      670  3.878 -26.11 0.93575 6248.00 13
      671  3.878 -25.84 0.94050 6248.00 13
      672  3.879 -25.80 0.92055 6248.00 13
      673  3.879 -25.95 0.92625 6248.00 13
      674  3.880 -26.20 0.94525 6248.00 13
      675  3.880 -25.67 0.91105 6248.00 13
      676  3.880 -25.67 0.91105 6248.00 13
      677  3.880 -25.99 0.92625 6248.00 13
      678  3.881 -26.13 0.93575 6248.00 13
      679  3.881 -26.99 0.94525 6248.00 13
      680  3.881 -25.86 0.94050 6248.00 13
      681  3.882 -25.95 0.92625 6248.00 13
      682  3.882 -26.24 0.94525 6248.00 13
      683  3.882 -26.34 0.94050 6248.00 13
      684  3.882 -26.24 0.94525 6248.00 13
      685  3.882 -26.19 0.94525 6248.00 13
      686  3.882 -25.81 0.92055 6248.00 13
      687  3.882 -25.62 0.91105 6248.00 13
      688  3.883 -26.29 0.94050 6248.00 13
      689  3.883 -27.15 0.94525 6248.00 13
      690  3.883 -25.82 0.92055 6248.00 13
      691  3.883 -25.77 0.92055 6248.00 13
      692  3.883 -26.54 0.94050 6248.00 13
      693  3.884 -25.75 0.92055 6248.00 13
      694  3.884 -26.24 0.94525 6248.00 13
      695  3.884 -26.31 0.94050 6248.00 13
      696  3.885 -26.19 0.94525 6248.00 13
      697  3.886 -26.07 0.93575 6248.00 13
      698  3.886 -25.98 0.92625 6248.00 13
      699  3.886 -26.24 0.94525 6248.00 13
      700  3.886 -26.38 0.94525 6248.00 13
      701  3.886 -26.53 0.94050 6248.00 13
      702  3.886 -26.09 0.93575 6248.00 13
      703  3.886 -26.32 0.94050 6248.00 13
      704  3.886 -25.93 0.94050 6248.00 13
      705  3.886 -25.66 0.91105 6248.00 13
      706  3.887 -25.98 0.92625 6248.00 13
      707  3.887 -27.02 0.94525 6248.00 13
      708  3.888 -25.85 0.94050 6248.00 13
      709  3.889 -25.93 0.94050 6248.00 13
      710  3.889 -25.91 0.94050 6248.00 13
      711  3.889 -25.76 0.92055 6248.00 13
      712  3.889 -25.79 0.92055 6248.00 13
      713  3.889 -25.71 0.91105 6248.00 13
      714  3.889 -25.60 0.91105 6248.00 13
      715  3.889 -26.24 0.94525 6248.00 13
      716  3.890 -25.94 0.94050 6248.00 13
      717  3.890 -25.93 0.94050 6248.00 13
      718  3.891 -26.71 0.94525 6248.00 13
      719  3.891 -26.93 0.94525 6248.00 13
      720  3.891 -25.70 0.91105 6248.00 13
      721  3.891 -26.41 0.94525 6248.00 13
      722  3.891 -26.75 0.94525 6248.00 13
      723  3.892 -25.60 0.91105 6248.00 13
      724  3.893 -27.78 0.94525 6248.00 13
      725  3.893 -26.47 0.94050 6248.00 13
      726  3.893 -26.39 0.94525 6248.00 13
      727  3.894 -26.14 0.93575 6248.00 13
      728  3.894 -27.15 0.94525 6248.00 13
      729  3.895 -25.95 0.94050 6248.00 13
      730  3.896 -26.97 0.94525 6248.00 13
      731  3.896 -26.41 0.94525 6248.00 13
      732  3.896 -25.93 0.94050 6248.00 13
      733  3.897 -26.89 0.94525 6248.00 13
      734  3.897 -25.62 0.91105 6248.00 13
      735  3.897 -26.36 0.94525 6248.00 13
      736  3.898 -25.73 0.91105 6248.00 13
      737  3.898 -26.14 0.93575 6248.00 13
      738  3.898 -25.65 0.91105 6248.00 13
      739  3.898 -26.21 0.94525 6248.00 13
      740  3.899 -28.01 0.94525 6248.00 13
      741  3.899 -26.87 0.94525 6248.00 13
      742  3.900 -25.74 0.91105 6248.00 13
      743  3.900 -26.89 0.94525 6248.00 13
      744  3.901 -25.63 0.91105 6248.00 13
      745  3.901 -25.78 0.92055 6248.00 13
      746  3.902 -25.68 0.91105 6248.00 13
      747  3.902 -25.80 0.92055 6248.00 13
      748  3.902 -25.69 0.91105 6248.00 13
      749  3.903 -25.98 0.92625 6248.00 13
      750  3.903 -25.82 0.92055 6248.00 13
      751  3.904 -25.62 0.91105 6248.00 13
      752  3.904 -26.08 0.93575 6248.00 13
      753  3.904 -26.01 0.92625 6248.00 13
      754  3.904 -25.84 0.92055 6248.00 13
      755  3.905 -25.69 0.91105 6248.00 13
      756  3.905 -26.76 0.94525 6248.00 13
      757  3.906 -26.23 0.94525 6248.00 13
      758  3.906 -26.14 0.93575 6248.00 13
      759  3.906 -26.27 0.94050 6248.00 13
      760  3.906 -26.53 0.94050 6248.00 13
      761  3.907 -26.28 0.94050 6248.00 13
      762  3.907 -25.78 0.92055 6248.00 13
      763  3.909 -25.74 0.91105 6248.00 13
      764  3.909 -26.20 0.94525 6248.00 13
      765  3.909 -25.69 0.91105 6248.00 13
      766  3.910 -26.03 0.92625 6248.00 13
      767  3.911 -26.96 0.94525 6248.00 13
      768  3.911 -25.70 0.91105 6248.00 13
      769  3.912 -26.82 0.94525 6248.00 13
      770  3.912 -26.02 0.92625 6248.00 13
      771  3.913 -26.15 0.93575 6248.00 13
      772  3.913 -26.58 0.94050 6248.00 13
      773  3.913 -25.94 0.94050 6248.00 13
      774  3.914 -26.05 0.92625 6248.00 13
      775  3.915 -26.04 0.92625 6248.00 13
      776  3.915 -26.32 0.94050 6248.00 13
      777  3.915 -26.69 0.94525 6248.00 13
      778  3.916 -26.29 0.94050 6248.00 13
      779  3.917 -25.79 0.92055 6248.00 13
      780  3.917 -26.03 0.92625 6248.00 13
      781  3.917 -26.11 0.93575 6248.00 13
      782  3.918 -26.16 0.93575 6248.00 13
      783  3.918 -26.00 0.92625 6248.00 13
      784  3.918 -27.52 0.94525 6248.00 13
      785  3.918 -26.92 0.94525 6248.00 13
      786  3.919 -25.69 0.91105 6248.00 13
      787  3.919 -25.82 0.92055 6248.00 13
      788  3.920 -26.37 0.94525 6248.00 13
      789  3.920 -25.93 0.94050 6248.00 13
      790  3.920 -26.42 0.94525 6248.00 13
      791  3.920 -25.73 0.91105 6248.00 13
      792  3.921 -25.78 0.92055 6248.00 13
      793  3.922 -26.40 0.94525 6248.00 13
      794  3.922 -25.89 0.94050 6248.00 13
      795  3.922 -25.95 0.94050 6248.00 13
      796  3.923 -26.37 0.94525 6248.00 13
      797  3.923 -26.87 0.94525 6248.00 13
      798  3.923 -26.02 0.92625 6248.00 13
      799  3.923 -26.40 0.94525 6248.00 13
      800  3.924 -26.24 0.94525 6248.00 13
      801  3.924 -27.32 0.94525 6248.00 13
      802  3.924 -25.77 0.92055 6248.00 13
      803  3.924 -25.84 0.92055 6248.00 13
      804  3.925 -26.17 0.92625 6248.00 13
      805  3.925 -26.39 0.92530 6248.00 13
      806  3.925 -25.77 0.91960 6248.00 13
      807  3.925 -25.69 0.90915 6248.00 13
      808  3.925 -26.31 0.93575 6248.00 13
      809  3.925 -25.89 0.91770 6248.00 13
      810  3.926 -25.90 0.91770 6248.00 13
      811  3.926 -26.66 0.93670 6248.00 13
      812  3.926 -26.17 0.92625 6248.00 13
      813  3.927 -25.98 0.91960 6248.00 13
      814  3.927 -26.06 0.91960 6248.00 13
      815  3.927 -26.58 0.93670 6248.00 13
      816  3.927 -25.63 0.90915 6248.00 13
      817  3.927 -26.49 0.93575 6248.00 13
      818  3.927 -25.76 0.90915 6248.00 13
      819  3.927 -25.67 0.90915 6248.00 13
      820  3.929 -26.52 0.93575 6248.00 13
      821  3.929 -27.13 0.93005 6248.00 13
      822  3.929 -25.64 0.90915 6248.00 13
      823  3.930 -26.82 0.93575 6248.00 13
      824  3.930 -27.80 0.94050 6248.00 13
      825  3.930 -25.75 0.90915 6248.00 13
      826  3.931 -26.50 0.93575 6248.00 13
      827  3.931 -25.85 0.91960 6248.00 13
      828  3.931 -26.90 0.94050 6248.00 13
      829  3.931 -25.66 0.90915 6248.00 13
      830  3.931 -26.42 0.92530 6248.00 13
      831  3.931 -25.76 0.90915 6248.00 13
      832  3.932 -27.47 0.94050 6248.00 13
      833  3.933 -26.38 0.92530 6248.00 13
      834  3.933 -25.69 0.90915 6248.00 13
      835  3.934 -26.89 0.94050 6248.00 13
      836  3.934 -26.71 0.92435 6248.00 13
      837  3.934 -25.87 0.91770 6248.00 13
      838  3.934 -27.42 0.94050 6248.00 13
      839  3.934 -26.11 0.92150 6248.00 13
      840  3.934 -26.13 0.92150 6248.00 13
      841  3.935 -26.10 0.92150 6248.00 13
      842  3.936 -25.92 0.91770 6248.00 13
      843  3.936 -25.89 0.91770 6248.00 13
      844  3.936 -26.47 0.93575 6248.00 13
      845  3.936 -25.83 0.91960 6248.00 13
      846  3.937 -25.65 0.90915 6248.00 13
      847  3.937 -26.43 0.92530 6248.00 13
      848  3.937 -25.91 0.91770 6248.00 13
      849  3.937 -26.08 0.92150 6248.00 13
      850  3.938 -26.95 0.94050 6248.00 13
      851  3.938 -26.23 0.92625 6248.00 13
      852  3.939 -25.70 0.90915 6248.00 13
      853  3.939 -26.41 0.92530 6248.00 13
      854  3.940 -25.73 0.90915 6248.00 13
      855  3.940 -25.67 0.90915 6248.00 13
      856  3.940 -26.77 0.92435 6248.00 13
      857  3.941 -26.70 0.92435 6248.00 13
      858  3.941 -25.88 0.91770 6248.00 13
      859  3.941 -25.97 0.91770 6248.00 13
      860  3.941 -26.31 0.93575 6248.00 13
      861  3.941 -25.91 0.91770 6248.00 13
      862  3.942 -26.76 0.92435 6248.00 13
      863  3.942 -25.99 0.91960 6248.00 13
      864  3.942 -25.65 0.90915 6248.00 13
      865  3.944 -26.03 0.91960 6248.00 13
      866  3.945 -26.05 0.91960 6248.00 13
      867  3.945 -26.14 0.92150 6248.00 13
      868  3.946 -25.71 0.90915 6248.00 13
      869  3.946 -25.83 0.91960 6248.00 13
      870  3.946 -25.85 0.91960 6248.00 13
      871  3.946 -27.25 0.94525 6248.00 13
      872  3.947 -27.03 0.94525 6248.00 13
      873  3.947 -26.74 0.92435 6248.00 13
      874  3.948 -26.69 0.92435 6248.00 13
      875  3.948 -26.54 0.93575 6248.00 13
      876  3.949 -25.77 0.90915 6248.00 13
      877  3.949 -26.17 0.92150 6248.00 13
      878  3.950 -26.54 0.93575 6248.00 13
      879  3.951 -25.64 0.90915 6248.00 13
      880  3.951 -27.18 0.93005 6248.00 13
      881  3.951 -25.64 0.90915 6248.00 13
      882  3.951 -26.36 0.93575 6248.00 13
      883  3.951 -25.85 0.91960 6248.00 13
      884  3.951 -25.87 0.91960 6248.00 13
      885  3.953 -26.38 0.93575 6248.00 13
      886  3.953 -26.25 0.92625 6248.00 13
      887  3.953 -26.32 0.93575 6248.00 13
      888  3.953 -25.71 0.90915 6248.00 13
      889  3.953 -25.69 0.90915 6248.00 13
      890  3.953 -26.73 0.92435 6248.00 13
      891  3.954 -25.77 0.90915 6248.00 13
      892  3.954 -25.96 0.91770 6248.00 13
      893  3.954 -25.65 0.90915 6248.00 13
      894  3.955 -26.41 0.92530 6248.00 13
      895  3.955 -26.03 0.91960 6248.00 13
      896  3.955 -27.87 0.94050 6248.00 13
      897  3.958 -25.91 0.91770 6248.00 13
      898  3.958 -25.91 0.91770 6248.00 13
      899  3.958 -25.69 0.90915 6248.00 13
      900  3.959 -25.70 0.90915 6248.00 13
      901  3.959 -25.79 0.91960 6248.00 13
      902  3.959 -27.18 0.93005 6248.00 13
      903  3.959 -25.98 0.91770 6248.00 13
      904  3.959 -25.84 0.91960 6248.00 13
      905  3.959 -25.93 0.91770 6248.00 13
      906  3.959 -26.02 0.91960 6248.00 13
      907  3.961 -25.91 0.91770 6248.00 13
      908  3.961 -26.05 0.91960 6248.00 13
      909  3.962 -25.76 0.90915 6248.00 13
      910  3.962 -26.47 0.92530 6248.00 13
      911  3.962 -26.33 0.93575 6248.00 13
      912  3.962 -26.17 0.92150 6248.00 13
      913  3.964 -27.74 0.93575 6248.00 13
      914  3.964 -26.74 0.92435 6248.00 13
      915  3.964 -26.92 0.94050 6248.00 13
      916  3.965 -26.46 0.92530 6248.00 13
      917  3.965 -26.03 0.91960 6248.00 13
      918  3.965 -26.23 0.92625 6248.00 13
      919  3.965 -25.66 0.90915 6248.00 13
      920  3.965 -26.92 0.94050 6248.00 13
      921  3.965 -27.46 0.94050 6248.00 13
      922  3.966 -26.15 0.92150 6248.00 13
      923  3.967 -26.86 0.93575 6248.00 13
      924  3.970 -26.57 0.93575 6248.00 13
      925  3.971 -27.30 0.93575 6248.00 13
      926  3.971 -26.07 0.91960 6248.00 13
      927  3.971 -26.75 0.92435 6248.00 13
      928  3.973 -26.55 0.93575 6248.00 13
      929  3.973 -26.06 0.91960 6248.00 13
      930  3.974 -25.77 0.90915 6248.00 13
      931  3.974 -27.25 0.94525 6248.00 13
      932  3.974 -26.65 0.93670 6248.00 13
      933  3.976 -25.97 0.91105 6248.00 13
      934  3.976 -26.17 0.93100 6248.00 13
      935  3.977 -26.07 0.93575 6248.00 13
      936  3.977 -26.60 0.94525 6248.00 13
      937  3.978 -26.58 0.94050 6248.00 13
      938  3.978 -26.70 0.94525 6248.00 13
      939  3.980 -25.75 0.91485 6248.00 13
      940  3.981 -26.23 0.93575 6248.00 13
      941  3.981 -27.66 0.95000 6248.00 13
      942  3.982 -25.83 0.92815 6248.00 13
      943  3.982 -26.31 0.94525 6248.00 13
      944  3.983 -25.78 0.91485 6248.00 13
      945  3.983 -25.94 0.91105 6248.00 13
      946  3.984 -26.26 0.93575 6248.00 13
      947  3.985 -25.97 0.91105 6248.00 13
      948  3.985 -27.74 0.95000 6248.00 13
      949  3.985 -26.10 0.93100 6248.00 13
      950  3.986 -26.14 0.93100 6248.00 13
      951  3.986 -26.27 0.93575 6248.00 13
      952  3.987 -25.91 0.91105 6248.00 13
      953  3.987 -26.34 0.94525 6248.00 13
      954  3.987 -26.38 0.94525 6248.00 13
      955  3.988 -26.98 0.95000 6248.00 13
      956  3.988 -26.11 0.93100 6248.00 13
      957  3.988 -25.85 0.92815 6248.00 13
      958  3.988 -27.75 0.95000 6248.00 13
      959  3.988 -26.51 0.94050 6248.00 13
      960  3.990 -26.57 0.94050 6248.00 13
      961  3.990 -25.95 0.91105 6248.00 13
      962  3.991 -26.33 0.94525 6248.00 13
      963  3.991 -25.72 0.91485 6248.00 13
      964  3.992 -27.04 0.95000 6248.00 13
      965  3.993 -25.65 0.91485 6248.00 13
      966  3.993 -25.92 0.91105 6248.00 13
      967  3.993 -25.78 0.91485 6248.00 13
      968  3.994 -25.76 0.91485 6248.00 13
      969  3.995 -26.82 0.94525 6248.00 13
      970  3.995 -25.98 0.91105 6248.00 13
      971  3.995 -25.76 0.91485 6248.00 13
      972  3.995 -26.43 0.93100 6248.00 13
      973  3.996 -26.02 0.93575 6248.00 13
      974  3.996 -25.86 0.92815 6248.00 13
      975  3.997 -27.38 0.94525 6248.00 13
      976  3.997 -25.84 0.92815 6248.00 13
      977  3.997 -25.67 0.91485 6248.00 13
      978  3.998 -26.07 0.93575 6248.00 13
      979  3.998 -25.84 0.92815 6248.00 13
      980  3.998 -26.60 0.94050 6248.00 13
      981  3.999 -26.45 0.93100 6248.00 13
      982  3.999 -26.15 0.93100 6248.00 13
      983  4.001 -25.89 0.92815 6248.00 13
      984  4.001 -25.75 0.91485 6248.00 13
      985  4.002 -25.73 0.91485 6248.00 13
      986  4.003 -25.87 0.92815 6248.00 13
      987  4.003 -25.88 0.92815 6248.00 13
      988  4.004 -26.15 0.93100 6248.00 13
      989  4.004 -26.05 0.93575 6248.00 13
      990  4.005 -27.27 0.94525 6248.00 13
      991  4.008 -26.12 0.93100 6248.00 13
      992  4.008 -25.78 0.91485 6248.00 13
      993  4.009 -26.14 0.93100 6248.00 13
      994  4.009 -26.34 0.94525 6248.00 13
      995  4.009 -26.54 0.94050 6248.00 13
      996  4.009 -26.39 0.94525 6248.00 13
      997  4.010 -25.73 0.91485 6248.00 13
      998  4.010 -26.59 0.94050 6248.00 13
      999  4.010 -25.79 0.91485 6248.00 13
     1000  4.011 -26.90 0.94525 6248.00 13
     1001  4.011 -25.79 0.91485 6248.00 13
     1002  4.011 -25.73 0.91485 6248.00 13
     1003  4.012 -26.43 0.93100 6248.00 13
     1004  4.013 -26.90 0.94525 6248.00 13
     1005  4.013 -26.01 0.91105 6248.00 13
     1006  4.013 -25.74 0.91485 6248.00 13
     1007  4.016 -27.02 0.95000 6248.00 13
     1008  4.017 -27.08 0.95000 6248.00 13
     1009  4.017 -26.88 0.94525 6248.00 13
     1010  4.017 -25.77 0.91485 6248.00 13
     1011  4.018 -26.63 0.94525 6248.00 13
     1012  4.018 -26.57 0.94050 6248.00 13
     1013  4.019 -26.31 0.93575 6248.00 13
     1014  4.019 -25.89 0.92815 6248.00 13
     1015  4.020 -25.91 0.92815 6248.00 13
     1016  4.020 -25.75 0.91485 6248.00 13
     1017  4.022 -26.00 0.91105 6248.00 13
     1018  4.022 -25.83 0.92815 6248.00 13
     1019  4.023 -26.30 0.93575 6248.00 13
     1020  4.023 -25.81 0.91485 6248.00 13
     1021  4.023 -26.22 0.93575 6248.00 13
     1022  4.024 -25.92 0.91105 6248.00 13
     1023  4.024 -26.12 0.93100 6248.00 13
     1024  4.024 -26.63 0.94525 6248.00 13
     1025  4.025 -26.19 0.93100 6248.00 13
     1026  4.025 -26.89 0.94525 6248.00 13
     1027  4.025 -25.86 0.92435 6248.00 13
     1028  4.026 -25.82 0.92435 6248.00 13
     1029  4.026 -26.60 0.94525 6248.00 13
     1030  4.026 -25.67 0.92150 6248.00 13
     1031  4.026 -26.28 0.95000 6248.00 13
     1032  4.027 -26.10 0.94050 6248.00 13
     1033  4.027 -27.55 0.95000 6248.00 13
     1034  4.027 -26.17 0.94050 6248.00 13
     1035  4.027 -26.30 0.95000 6248.00 13
     1036  4.027 -26.12 0.94050 6248.00 13
     1037  4.027 -25.70 0.92150 6248.00 13
     1038  4.028 -26.21 0.94050 6248.00 13
     1039  4.028 -26.02 0.94050 6248.00 13
     1040  4.028 -26.75 0.95000 6248.00 13
     1041  4.031 -26.70 0.95000 6248.00 13
     1042  4.031 -26.21 0.94050 6248.00 13
     1043  4.031 -25.69 0.92150 6248.00 13
     1044  4.032 -26.53 0.94525 6248.00 13
     1045  4.032 -25.69 0.92150 6248.00 13
     1046  4.034 -26.14 0.94050 6248.00 13
     1047  4.034 -27.98 0.95000 6248.00 13
     1048  4.035 -26.72 0.95000 6248.00 13
     1049  4.035 -27.20 0.94525 6248.00 13
     1050  4.035 -26.66 0.95000 6248.00 13
     1051  4.036 -26.91 0.95000 6248.00 13
     1052  4.036 -25.96 0.92245 6248.00 13
     1053  4.036 -26.21 0.94050 6248.00 13
     1054  4.037 -26.78 0.95000 6248.00 13
     1055  4.037 -25.92 0.92435 6248.00 13
     1056  4.037 -26.70 0.95000 6248.00 13
     1057  4.037 -26.00 0.92245 6248.00 13
     1058  4.037 -27.09 0.95000 6248.00 13
     1059  4.038 -26.44 0.94525 6248.00 13
     1060  4.038 -25.97 0.92245 6248.00 13
     1061  4.038 -26.95 0.94525 6248.00 13
     1062  4.039 -26.55 0.94525 6248.00 13
     1063  4.039 -26.83 0.95000 6248.00 13
     1064  4.039 -25.78 0.92150 6248.00 13
     1065  4.039 -25.73 0.92150 6248.00 13
     1066  4.040 -25.95 0.92245 6248.00 13
     1067  4.040 -25.81 0.92150 6248.00 13
     1068  4.041 -27.38 0.95000 6248.00 13
     1069  4.041 -25.90 0.92435 6248.00 13
     1070  4.041 -26.60 0.94525 6248.00 13
     1071  4.041 -26.42 0.94525 6248.00 13
     1072  4.042 -25.75 0.92150 6248.00 13
     1073  4.043 -26.05 0.94050 6248.00 13
     1074  4.045 -25.82 0.92150 6248.00 13
     1075  4.045 -25.82 0.92150 6248.00 13
     1076  4.045 -26.86 0.95000 6248.00 13
     1077  4.045 -25.82 0.92150 6248.00 13
     1078  4.045 -26.34 0.94525 6248.00 13
     1079  4.046 -26.31 0.95000 6248.00 13
     1080  4.046 -26.12 0.94050 6248.00 13
     1081  4.046 -26.78 0.95000 6248.00 13
     1082  4.046 -26.51 0.94525 6248.00 13
     1083  4.047 -26.39 0.94525 6248.00 13
     1084  4.047 -25.88 0.92435 6248.00 13
     1085  4.047 -27.43 0.95000 6248.00 13
     1086  4.048 -25.73 0.92150 6248.00 13
     1087  4.048 -26.15 0.94050 6248.00 13
     1088  4.048 -25.71 0.92150 6248.00 13
     1089  4.048 -25.71 0.92150 6248.00 13
     1090  4.050 -26.65 0.95000 6248.00 13
     1091  4.051 -25.93 0.92435 6248.00 13
     1092  4.052 -26.46 0.94525 6248.00 13
     1093  4.052 -25.97 0.92245 6248.00 13
     1094  4.052 -27.00 0.94525 6248.00 13
     1095  4.052 -26.93 0.95000 6248.00 13
     1096  4.052 -26.15 0.94050 6248.00 13
     1097  4.053 -25.93 0.92435 6248.00 13
     1098  4.053 -26.55 0.94525 6248.00 13
     1099  4.053 -26.39 0.94525 6248.00 13
     1100  4.055 -26.51 0.94525 6248.00 13
     1101  4.056 -28.56 0.95000 6248.00 13
     1102  4.056 -26.22 0.94050 6248.00 13
     1103  4.057 -26.42 0.94525 6248.00 13
     1104  4.057 -25.76 0.92150 6248.00 13
     1105  4.057 -26.17 0.94050 6248.00 13
     1106  4.057 -26.73 0.95000 6248.00 13
     1107  4.057 -25.96 0.92245 6248.00 13
     1108  4.057 -26.02 0.92245 6248.00 13
     1109  4.058 -26.14 0.94050 6248.00 13
     1110  4.058 -25.93 0.92435 6248.00 13
     1111  4.058 -27.12 0.95000 6248.00 13
     1112  4.058 -25.80 0.92150 6248.00 13
     1113  4.058 -25.94 0.92245 6248.00 13
     1114  4.059 -25.97 0.92245 6248.00 13
     1115  4.061 -27.73 0.95000 6248.00 13
     1116  4.061 -25.93 0.92435 6248.00 13
     1117  4.062 -25.81 0.92150 6248.00 13
     1118  4.062 -26.00 0.92245 6248.00 13
     1119  4.062 -26.81 0.95000 6248.00 13
     1120  4.063 -25.91 0.92435 6248.00 13
     1121  4.063 -26.49 0.94525 6248.00 13
     1122  4.063 -25.91 0.92435 6248.00 13
     1123  4.064 -26.43 0.94525 6248.00 13
     1124  4.064 -26.10 0.94050 6248.00 13
     1125  4.064 -25.86 0.92435 6248.00 13
     1126  4.065 -26.78 0.95000 6248.00 13
     1127  4.065 -26.54 0.94525 6248.00 13
     1128  4.065 -26.25 0.95000 6248.00 13
     1129  4.066 -27.07 0.95000 6248.00 13
     1130  4.066 -25.80 0.92150 6248.00 13
     1131  4.066 -25.85 0.92435 6248.00 13
     1132  4.067 -26.15 0.94050 6248.00 13
     1133  4.067 -25.69 0.92150 6248.00 13
     1134  4.068 -25.84 0.92150 6248.00 13
     1135  4.068 -26.72 0.95000 6248.00 13
     1136  4.068 -26.10 0.94050 6248.00 13
     1137  4.068 -27.66 0.95000 6248.00 13
     1138  4.068 -25.99 0.92245 6248.00 13
     1139  4.069 -26.49 0.94525 6248.00 13
     1140  4.071 -25.87 0.92435 6248.00 13
     1141  4.071 -26.77 0.95000 6248.00 13
     1142  4.071 -25.99 0.92245 6248.00 13
     1143  4.071 -25.70 0.92150 6248.00 13
     1144  4.072 -27.12 0.95000 6248.00 13
     1145  4.072 -26.70 0.95000 6248.00 13
     1146  4.073 -26.13 0.94050 6248.00 13
     1147  4.073 -25.88 0.92435 6248.00 13
     1148  4.074 -27.04 0.94525 6248.00 13
     1149  4.074 -25.72 0.92150 6248.00 13
     1150  4.074 -25.75 0.92150 6248.00 13
     1151  4.074 -25.86 0.92435 6248.00 13
     1152  4.075 -26.02 0.92245 6248.00 13
     1153  4.075 -26.24 0.93575 6248.00 13
     1154  4.075 -26.01 0.92150 6248.00 13
     1155  4.077 -25.94 0.93575 6248.00 13
     1156  4.077 -25.72 0.91960 6248.00 13
     1157  4.078 -26.77 0.94525 6248.00 13
     1158  4.080 -26.39 0.94050 6248.00 13
     1159  4.080 -26.40 0.94050 6248.00 13
     1160  4.081 -25.83 0.91960 6248.00 13
     1161  4.082 -26.01 0.92150 6248.00 13
     1162  4.082 -26.31 0.93575 6248.00 13
     1163  4.083 -26.23 0.93670 6248.00 13
     1164  4.083 -26.52 0.95000 6248.00 13
     1165  4.085 -26.09 0.92150 6248.00 13
     1166  4.085 -27.27 0.93575 6248.00 13
     1167  4.086 -25.77 0.91960 6248.00 13
     1168  4.086 -25.98 0.92150 6248.00 13
     1169  4.088 -25.91 0.93575 6248.00 13
     1170  4.088 -26.07 0.92150 6248.00 13
     1171  4.088 -26.47 0.95000 6248.00 13
     1172  4.089 -26.53 0.95000 6248.00 13
     1173  4.090 -25.91 0.93575 6248.00 13
     1174  4.090 -26.00 0.92150 6248.00 13
     1175  4.090 -26.17 0.93670 6248.00 13
     1176  4.090 -25.76 0.91960 6248.00 13
     1177  4.091 -25.80 0.91960 6248.00 13
     1178  4.092 -26.53 0.95000 6248.00 13
     1179  4.092 -26.15 0.92150 6248.00 13
     1180  4.092 -26.65 0.93100 6248.00 13
     1181  4.093 -25.94 0.93575 6248.00 13
     1182  4.093 -26.07 0.92150 6248.00 13
     1183  4.094 -26.33 0.93575 6248.00 13
     1184  4.094 -26.64 0.93100 6248.00 13
     1185  4.095 -26.17 0.93670 6248.00 13
     1186  4.095 -26.10 0.92150 6248.00 13
     1187  4.095 -26.61 0.93100 6248.00 13
     1188  4.095 -26.45 0.94050 6248.00 13
     1189  4.095 -26.43 0.94050 6248.00 13
     1190  4.095 -25.88 0.93575 6248.00 13
     1191  4.096 -26.50 0.95000 6248.00 13
     1192  4.097 -26.52 0.95000 6248.00 13
     1193  4.097 -27.47 0.95000 6248.00 13
     1194  4.100 -25.71 0.91960 6248.00 13
     1195  4.100 -26.13 0.92150 6248.00 13
     1196  4.101 -27.52 0.95000 6248.00 13
     1197  4.101 -26.10 0.92150 6248.00 13
     1198  4.101 -26.65 0.93100 6248.00 13
     1199  4.102 -27.02 0.93575 6248.00 13
     1200  4.102 -26.03 0.92150 6248.00 13
     1201  4.103 -27.19 0.93575 6248.00 13
     1202  4.104 -26.04 0.92150 6248.00 13
     1203  4.104 -27.29 0.93575 6248.00 13
     1204  4.104 -25.80 0.91960 6248.00 13
     1205  4.104 -27.80 0.94525 6248.00 13
     1206  4.105 -26.40 0.94050 6248.00 13
     1207  4.105 -25.87 0.93575 6248.00 13
     1208  4.105 -26.66 0.93100 6248.00 13
     1209  4.105 -26.09 0.92150 6248.00 13
     1210  4.105 -26.46 0.94050 6248.00 13
     1211  4.106 -25.84 0.91960 6248.00 13
     1212  4.106 -26.27 0.93575 6248.00 13
     1213  4.107 -25.98 0.92150 6248.00 13
     1214  4.107 -26.35 0.93575 6248.00 13
     1215  4.107 -27.33 0.93575 6248.00 13
     1216  4.108 -25.88 0.93575 6248.00 13
     1217  4.109 -25.86 0.93575 6248.00 13
     1218  4.109 -26.02 0.92150 6248.00 13
     1219  4.110 -25.99 0.92150 6248.00 13
     1220  4.110 -27.00 0.93575 6248.00 13
     1221  4.111 -26.30 0.93575 6248.00 13
     1222  4.111 -26.50 0.95000 6248.00 13
     1223  4.111 -26.43 0.94050 6248.00 13
     1224  4.112 -26.00 0.92150 6248.00 13
     1225  4.115 -26.93 0.94525 6248.00 13
     1226  4.115 -26.12 0.92150 6248.00 13
     1227  4.115 -25.95 0.93575 6248.00 13
     1228  4.117 -27.27 0.93575 6248.00 13
     1229  4.118 -26.39 0.94050 6248.00 13
     1230  4.119 -26.48 0.95000 6248.00 13
     1231  4.120 -25.98 0.92150 6248.00 13
     1232  4.120 -26.43 0.94050 6248.00 13
     1233  4.120 -26.28 0.93575 6248.00 13
     1234  4.120 -26.53 0.95000 6248.00 13
     1235  4.122 -26.56 0.95000 6248.00 13
     1236  4.123 -26.60 0.93100 6248.00 13
     1237  4.123 -26.19 0.93670 6248.00 13
     1238  4.123 -26.02 0.92150 6248.00 13
     1239  4.123 -26.37 0.94050 6248.00 13
     1240  4.123 -26.30 0.93575 6248.00 13
     1241  4.124 -25.93 0.93575 6248.00 13
     1242  4.124 -25.79 0.91960 6248.00 13
     1243  4.125 -25.75 0.91960 6248.00 13
     1244  4.125 -26.31 0.95000 6248.00 13
     1245  4.127 -26.83 0.95000 6248.00 13
     1246  4.127 -26.40 0.94050 6248.00 13
     1247  4.127 -25.86 0.95000 6248.00 13
     1248  4.127 -27.12 0.95000 6248.00 13
     1249  4.127 -27.06 0.95000 6248.00 13
     1250  4.128 -25.79 0.95000 6248.00 13
     1251  4.129 -26.50 0.95000 6248.00 13
     1252  4.130 -26.26 0.94050 6248.00 13
     1253  4.130 -26.57 0.95000 6248.00 13
     1254  4.130 -25.83 0.95000 6248.00 13
     1255  4.132 -25.91 0.93480 6248.00 13
     1256  4.132 -25.90 0.93480 6248.00 13
     1257  4.133 -25.92 0.93480 6248.00 13
     1258  4.133 -26.51 0.95000 6248.00 13
     1259  4.134 -26.22 0.94050 6248.00 13
     1260  4.135 -25.80 0.95000 6248.00 13
     1261  4.135 -28.48 0.95000 6248.00 13
     1262  4.135 -26.55 0.95000 6248.00 13
     1263  4.136 -26.27 0.94050 6248.00 13
     1264  4.137 -26.22 0.94050 6248.00 13
     1265  4.137 -26.17 0.95000 6248.00 13
     1266  4.137 -26.02 0.94050 6248.00 13
     1267  4.137 -26.28 0.95000 6248.00 13
     1268  4.137 -26.60 0.95000 6248.00 13
     1269  4.138 -25.83 0.95000 6248.00 13
     1270  4.138 -25.95 0.93480 6248.00 13
     1271  4.138 -28.64 0.95000 6248.00 13
     1272  4.138 -26.00 0.94050 6248.00 13
     1273  4.138 -25.82 0.95000 6248.00 13
     1274  4.138 -26.63 0.95000 6248.00 13
     1275  4.139 -26.55 0.95000 6248.00 13
     1276  4.140 -26.01 0.94050 6248.00 13
     1277  4.141 -27.14 0.95000 6248.00 13
     1278  4.141 -26.74 0.94525 6248.00 13
     1279  4.142 -25.83 0.95000 6248.00 13
     1280  4.143 -26.77 0.94525 6248.00 13
     1281  4.147 -26.01 0.94050 6248.00 13
     1282  4.147 -26.31 0.95000 6248.00 13
     1283  4.147 -26.64 0.95000 6248.00 13
     1284  4.148 -26.51 0.95000 6248.00 13
     1285  4.148 -26.70 0.94525 6248.00 13
     1286  4.150 -26.75 0.94525 6248.00 13
     1287  4.150 -25.84 0.95000 6248.00 13
     1288  4.150 -25.89 0.93480 6248.00 13
     1289  4.150 -26.26 0.94050 6248.00 13
     1290  4.152 -26.48 0.94050 6248.00 13
     1291  4.154 -25.99 0.94050 6248.00 13
     1292  4.154 -28.06 0.95000 6248.00 13
     1293  4.154 -26.90 0.95000 6248.00 13
     1294  4.154 -26.32 0.95000 6248.00 13
     1295  4.155 -25.85 0.95000 6248.00 13
     1296  4.155 -27.58 0.95000 6248.00 13
     1297  4.156 -25.99 0.94050 6248.00 13
     1298  4.157 -26.76 0.94525 6248.00 13
     1299  4.157 -26.35 0.95000 6248.00 13
     1300  4.157 -27.09 0.95000 6248.00 13
     1301  4.157 -25.81 0.95000 6248.00 13
     1302  4.158 -26.33 0.95000 6248.00 13
     1303  4.159 -26.16 0.95000 6248.00 13
     1304  4.159 -26.40 0.94050 6248.00 13
     1305  4.159 -26.15 0.95000 6248.00 13
     1306  4.160 -25.90 0.93480 6248.00 13
     1307  4.161 -26.98 0.95000 6248.00 13
     1308  4.162 -26.99 0.95000 6248.00 13
     1309  4.162 -25.89 0.95000 6248.00 13
     1310  4.162 -25.87 0.95000 6248.00 13
     1311  4.166 -26.47 0.94050 6248.00 13
     1312  4.167 -25.89 0.95000 6248.00 13
     1313  4.170 -25.81 0.95000 6248.00 13
     1314  4.171 -26.67 0.95000 6248.00 13
     1315  4.173 -26.07 0.94050 6248.00 13
     1316  4.175 -25.83 0.93575 6248.00 13
     1317  4.176 -26.39 0.94145 6248.00 13
     1318  4.179 -26.63 0.94525 6248.00 13
     1319  4.180 -26.23 0.94050 6248.00 13
     1320  4.181 -26.75 0.94050 6248.00 13
     1321  4.182 -25.85 0.93575 6248.00 13
     1322  4.182 -27.13 0.95000 6248.00 13
     1323  4.183 -26.11 0.93100 6248.00 13
     1324  4.184 -26.68 0.94525 6248.00 13
     1325  4.185 -26.41 0.94525 6248.00 13
     1326  4.185 -26.70 0.94525 6248.00 13
     1327  4.186 -25.77 0.93575 6248.00 13
     1328  4.188 -26.43 0.94525 6248.00 13
     1329  4.189 -25.76 0.93575 6248.00 13
     1330  4.190 -27.15 0.95000 6248.00 13
     1331  4.190 -26.22 0.94050 6248.00 13
     1332  4.191 -26.70 0.94525 6248.00 13
     1333  4.191 -26.37 0.94145 6248.00 13
     1334  4.191 -26.68 0.94525 6248.00 13
     1335  4.192 -26.13 0.95000 6248.00 13
     1336  4.192 -26.77 0.94050 6248.00 13
     1337  4.192 -26.41 0.94145 6248.00 13
     1338  4.193 -27.12 0.95000 6248.00 13
     1339  4.193 -25.82 0.93575 6248.00 13
     1340  4.194 -26.47 0.94525 6248.00 13
     1341  4.194 -25.78 0.93575 6248.00 13
     1342  4.194 -26.39 0.94145 6248.00 13
     1343  4.195 -26.30 0.94050 6248.00 13
     1344  4.196 -26.27 0.94050 6248.00 13
     1345  4.202 -27.23 0.95000 6248.00 13
     1346  4.202 -26.44 0.94525 6248.00 13
     1347  4.202 -27.16 0.95000 6248.00 13
     1348  4.203 -25.95 0.94525 6248.00 13
     1349  4.204 -26.51 0.94525 6248.00 13
     1350  4.208 -27.81 0.95000 6248.00 13
     1351  4.208 -26.69 0.94525 6248.00 13
     1352  4.209 -26.34 0.94145 6248.00 13
     1353  4.210 -26.25 0.94050 6248.00 13
     1354  4.212 -26.57 0.94050 6248.00 13
     1355  4.212 -26.89 0.94525 6248.00 13
     1356  4.213 -26.90 0.94525 6248.00 13
     1357  4.214 -26.21 0.95000 6248.00 13
     1358  4.214 -26.20 0.95000 6248.00 13
     1359  4.216 -26.10 0.93100 6248.00 13
     1360  4.216 -26.51 0.94525 6248.00 13
     1361  4.216 -26.98 0.95000 6248.00 13
     1362  4.217 -25.98 0.94525 6248.00 13
     1363  4.218 -25.92 0.93575 6248.00 13
     1364  4.218 -26.52 0.94525 6248.00 13
     1365  4.220 -26.05 0.93100 6248.00 13
     1366  4.220 -26.10 0.93100 6248.00 13
     1367  4.220 -26.64 0.94525 6248.00 13
     1368  4.222 -26.76 0.94050 6248.00 13
     1369  4.222 -26.19 0.95000 6248.00 13
     1370  4.223 -26.49 0.94525 6248.00 13
     1371  4.224 -25.91 0.93575 6248.00 13
     1372  4.224 -25.98 0.94525 6248.00 13
     1373  4.224 -26.38 0.94145 6248.00 13
     1374  4.225 -26.09 0.93100 6248.00 13
     1375  4.227 -27.15 0.95000 6248.00 13
     1376  4.227 -26.37 0.94050 6248.00 13
     1377  4.227 -26.17 0.95000 6248.00 13
     1378  4.227 -26.04 0.95000 6248.00 13
     1379  4.227 -27.95 0.95000 6248.00 13
     1380  4.228 -27.00 0.95000 6248.00 13
     1381  4.229 -25.94 0.95000 6248.00 13
     1382  4.229 -26.08 0.94145 6248.00 13
     1383  4.229 -25.81 0.94525 6248.00 13
     1384  4.230 -25.86 0.94525 6248.00 13
     1385  4.230 -26.17 0.95000 6248.00 13
     1386  4.230 -25.84 0.94525 6248.00 13
     1387  4.231 -26.30 0.94525 6248.00 13
     1388  4.231 -26.40 0.94050 6248.00 13
     1389  4.232 -25.96 0.95000 6248.00 13
     1390  4.233 -26.26 0.94525 6248.00 13
     1391  4.235 -26.20 0.95000 6248.00 13
     1392  4.235 -26.17 0.95000 6248.00 13
     1393  4.235 -26.43 0.94050 6248.00 13
     1394  4.236 -26.76 0.95000 6248.00 13
     1395  4.236 -26.34 0.94525 6248.00 13
     1396  4.237 -26.31 0.94525 6248.00 13
     1397  4.238 -25.87 0.94525 6248.00 13
     1398  4.238 -25.85 0.94525 6248.00 13
     1399  4.238 -26.17 0.95000 6248.00 13
     1400  4.239 -25.97 0.95000 6248.00 13
     1401  4.240 -26.11 0.94145 6248.00 13
     1402  4.240 -25.85 0.94525 6248.00 13
     1403  4.242 -26.15 0.95000 6248.00 13
     1404  4.242 -26.54 0.94525 6248.00 13
     1405  4.242 -26.28 0.94525 6248.00 13
     1406  4.242 -26.33 0.94525 6248.00 13
     1407  4.242 -27.77 0.95000 6248.00 13
     1408  4.243 -25.83 0.94525 6248.00 13
     1409  4.244 -26.24 0.95000 6248.00 13
     1410  4.244 -25.80 0.94525 6248.00 13
     1411  4.245 -26.47 0.94525 6248.00 13
     1412  4.245 -27.08 0.95000 6248.00 13
     1413  4.245 -25.91 0.94525 6248.00 13
     1414  4.247 -27.76 0.95000 6248.00 13
     1415  4.247 -25.83 0.94525 6248.00 13
     1416  4.248 -27.57 0.95000 6248.00 13
     1417  4.248 -26.18 0.95000 6248.00 13
     1418  4.249 -26.52 0.94525 6248.00 13
     1419  4.250 -26.37 0.94050 6248.00 13
     1420  4.251 -26.78 0.95000 6248.00 13
     1421  4.252 -25.87 0.94525 6248.00 13
     1422  4.252 -26.29 0.94525 6248.00 13
     1423  4.253 -27.53 0.95000 6248.00 13
     1424  4.253 -26.38 0.94050 6248.00 13
     1425  4.255 -26.65 0.95000 6248.00 13
     1426  4.255 -27.09 0.95000 6248.00 13
     1427  4.255 -26.37 0.94050 6248.00 13
     1428  4.255 -25.83 0.94525 6248.00 13
     1429  4.255 -26.40 0.94050 6248.00 13
     1430  4.257 -26.34 0.94525 6248.00 13
     1431  4.260 -26.38 0.94050 6248.00 13
     1432  4.260 -26.84 0.95000 6248.00 13
     1433  4.261 -26.17 0.95000 6248.00 13
     1434  4.263 -27.76 0.95000 6248.00 13
     1435  4.265 -26.85 0.95000 6248.00 13
     1436  4.265 -26.06 0.95000 6248.00 13
     1437  4.266 -26.67 0.94525 6248.00 13
     1438  4.266 -27.56 0.95000 6248.00 13
     1439  4.267 -26.49 0.94525 6248.00 13
     1440  4.268 -25.96 0.94525 6248.00 13
     1441  4.268 -27.21 0.95000 6248.00 13
     1442  4.268 -26.37 0.94050 6248.00 13
     1443  4.268 -26.52 0.94525 6248.00 13
     1444  4.269 -26.58 0.95000 6248.00 13
     1445  4.269 -26.23 0.95000 6248.00 13
     1446  4.270 -26.55 0.94525 6248.00 13
     1447  4.270 -26.68 0.94525 6248.00 13
     1448  4.270 -26.09 0.94145 6248.00 13
     1449  4.271 -27.28 0.95000 6248.00 13
     1450  4.274 -25.93 0.94525 6248.00 13
     1451  4.276 -27.03 0.95000 6248.00 13
     1452  4.277 -26.05 0.95000 6248.00 13
     1453  4.279 -26.84 0.95000 6248.00 13
     1454  4.279 -25.96 0.95000 6248.00 13
     1455  4.282 -26.27 0.95000 6248.00 13
     1456  4.283 -25.83 0.95000 6248.00 13
     1457  4.285 -25.90 0.95000 6248.00 13
     1458  4.285 -26.17 0.95000 6248.00 13
     1459  4.285 -26.78 0.95000 6248.00 13
     1460  4.288 -26.68 0.95000 6248.00 13
     1461  4.288 -26.61 0.95000 6248.00 13
     1462  4.289 -26.71 0.95000 6248.00 13
     1463  4.289 -26.13 0.95000 6248.00 13
     1464  4.290 -25.94 0.95000 6248.00 13
     1465  4.291 -26.27 0.95000 6248.00 13
     1466  4.292 -26.72 0.95000 6248.00 13
     1467  4.293 -26.60 0.95000 6248.00 13
     1468  4.293 -26.33 0.95000 6248.00 13
     1469  4.293 -26.46 0.95000 6248.00 13
     1470  4.293 -27.79 0.95000 6248.00 13
     1471  4.295 -25.98 0.95000 6248.00 13
     1472  4.299 -26.14 0.95000 6248.00 13
     1473  4.299 -26.88 0.95000 6248.00 13
     1474  4.299 -26.43 0.95000 6248.00 13
     1475  4.300 -26.65 0.95000 6248.00 13
     1476  4.303 -26.95 0.95000 6248.00 13
     1477  4.303 -26.21 0.95000 6248.00 13
     1478  4.303 -26.08 0.95000 6248.00 13
     1479  4.303 -26.24 0.95000 6248.00 13
     1480  4.305 -26.25 0.95000 6248.00 13
     1481  4.306 -26.15 0.95000 6248.00 13
     1482  4.308 -26.05 0.95000 6248.00 13
     1483  4.310 -26.29 0.95000 6248.00 13
     1484  4.311 -26.54 0.95000 6248.00 13
     1485  4.312 -26.07 0.95000 6248.00 13
     1486  4.312 -27.59 0.95000 6248.00 13
     1487  4.314 -26.02 0.95000 6248.00 13
     1488  4.314 -26.46 0.95000 6248.00 13
     1489  4.314 -26.65 0.95000 6248.00 13
     1490  4.315 -25.95 0.95000 6248.00 13
     1491  4.315 -26.43 0.95000 6248.00 13
     1492  4.316 -26.31 0.95000 6248.00 13
     1493  4.318 -26.66 0.95000 6248.00 13
     1494  4.318 -25.86 0.95000 6248.00 13
     1495  4.320 -26.85 0.95000 6248.00 13
     1496  4.322 -26.23 0.95000 6248.00 13
     1497  4.324 -26.47 0.95000 6248.00 13
     1498  4.325 -26.11 0.95000 6248.00 13
     1499  4.326 -26.49 0.95000 6248.00 13
     1500  4.326 -25.91 0.95000 6248.00 13
     1501  4.326 -26.69 0.95000 6248.00 13
     1502  4.327 -26.34 0.95000 6248.00 13
     1503  4.327 -26.05 0.95000 6248.00 13
     1504  4.329 -27.35 0.95000 6248.00 13
     1505  4.329 -26.69 0.95000 6248.00 13
     1506  4.330 -26.48 0.95000 6248.00 13
     1507  4.331 -26.45 0.95000 6248.00 13
     1508  4.332 -26.75 0.95000 6248.00 13
     1509  4.332 -26.53 0.95000 6248.00 13
     1510  4.332 -26.57 0.95000 6248.00 13
     1511  4.332 -25.88 0.95000 6248.00 13
     1512  4.333 -27.49 0.95000 6248.00 13
     1513  4.334 -27.63 0.95000 6248.00 13
     1514  4.336 -26.13 0.95000 6248.00 13
     1515  4.336 -27.75 0.95000 6248.00 13
     1516  4.337 -26.06 0.95000 6248.00 13
     1517  4.338 -27.27 0.95000 6248.00 13
     1518  4.339 -26.01 0.95000 6248.00 13
     1519  4.339 -26.02 0.95000 6248.00 13
     1520  4.340 -26.63 0.95000 6248.00 13
     1521  4.340 -26.04 0.95000 6248.00 13
     1522  4.340 -25.99 0.95000 6248.00 13
     1523  4.341 -27.08 0.95000 6248.00 13
     1524  4.341 -26.24 0.95000 6248.00 13
     1525  4.341 -26.21 0.95000 6248.00 13
     1526  4.342 -26.38 0.95000 6248.00 13
     1527  4.343 -26.18 0.95000 6248.00 13
     1528  4.344 -26.84 0.95000 6248.00 13
     1529  4.346 -26.06 0.95000 6248.00 13
     1530  4.347 -26.54 0.95000 6248.00 13
     1531  4.348 -26.20 0.95000 6248.00 13
     1532  4.350 -25.95 0.95000 6248.00 13
     1533  4.352 -26.58 0.95000 6248.00 13
     1534  4.352 -26.53 0.95000 6248.00 13
     1535  4.353 -26.94 0.95000 6248.00 13
     1536  4.355 -26.84 0.95000 6248.00 13
     1537  4.357 -26.00 0.95000 6248.00 13
     1538  4.359 -26.74 0.95000 6248.00 13
     1539  4.359 -26.14 0.95000 6248.00 13
     1540  4.360 -26.00 0.95000 6248.00 13
     1541  4.361 -26.51 0.95000 6248.00 13
     1542  4.362 -28.09 0.95000 6248.00 13
     1543  4.362 -27.48 0.95000 6248.00 13
     1544  4.368 -26.78 0.95000 6248.00 13
     1545  4.369 -26.26 0.95000 6248.00 13
     1546  4.370 -25.95 0.95000 6248.00 13
     1547  4.370 -26.39 0.95000 6248.00 13
     1548  4.374 -27.17 0.95000 6248.00 13
     1549  4.374 -26.00 0.95000 6248.00 13
     1550  4.375 -26.09 0.95000 6248.00 13
     1551  4.376 -26.74 0.95000 6248.00 13
     1552  4.378 -25.96 0.95000 6248.00 13
     1553  4.380 -26.14 0.95000 6248.00 13
     1554  4.380 -26.83 0.95000 6248.00 13
     1555  4.383 -26.01 0.95000 6248.00 13
     1556  4.386 -26.02 0.95000 6248.00 13
     1557  4.387 -26.61 0.95000 6248.00 13
     1558  4.388 -25.92 0.95000 6248.00 13
     1559  4.389 -26.93 0.95000 6248.00 13
     1560  4.390 -26.39 0.95000 6248.00 13
     1561  4.391 -26.36 0.95000 6248.00 13
     1562  4.392 -27.26 0.95000 6248.00 13
     1563  4.393 -26.42 0.95000 6248.00 13
     1564  4.394 -26.81 0.95000 6248.00 13
     1565  4.395 -26.24 0.95000 6248.00 13
     1566  4.402 -26.21 0.95000 6248.00 13
     1567  4.402 -26.48 0.95000 6248.00 13
     1568  4.404 -26.21 0.95000 6248.00 13
     1569  4.404 -26.34 0.95000 6248.00 13
     1570  4.405 -26.07 0.95000 6248.00 13
     1571  4.406 -27.29 0.95000 6248.00 13
     1572  4.406 -26.40 0.95000 6248.00 13
     1573  4.410 -25.98 0.95000 6248.00 13
     1574  4.412 -27.01 0.95000 6248.00 13
     1575  4.414 -27.86 0.95000 6248.00 13
     1576  4.415 -26.00 0.95000 6248.00 13
     1577  4.416 -25.93 0.95000 6248.00 13
     1578  4.417 -27.90 0.95000 6248.00 13
     1579  4.417 -26.22 0.95000 6248.00 13
     1580  4.418 -26.20 0.95000 6248.00 13
     1581  4.419 -26.83 0.95000 6248.00 13
     1582  4.419 -27.18 0.95000 6248.00 13
     1583  4.420 -26.83 0.95000 6248.00 13
     1584  4.421 -26.28 0.95000 6248.00 13
     1585  4.421 -26.45 0.95000 6248.00 13
     1586  4.422 -26.03 0.95000 6248.00 13
     1587  4.422 -26.01 0.95000 6248.00 13
     1588  4.423 -26.27 0.95000 6248.00 13
     1589  4.424 -26.22 0.95000 6248.00 13
     1590  4.425 -26.38 0.95000 6248.00 13
     1591  4.432 -26.68 0.95000 6248.00 13
     1592  4.433 -26.91 0.95000 6248.00 13
     1593  4.434 -26.11 0.95000 6248.00 13
     1594  4.435 -26.18 0.95000 6248.00 13
     1595  4.436 -27.14 0.95000 6248.00 13
     1596  4.436 -27.16 0.95000 6248.00 13
     1597  4.437 -25.94 0.95000 6248.00 13
     1598  4.437 -26.91 0.95000 6248.00 13
     1599  4.437 -26.09 0.95000 6248.00 13
     1600  4.439 -26.41 0.95000 6248.00 13
     1601  4.442 -26.04 0.95000 6248.00 13
     1602  4.443 -26.72 0.95000 6248.00 13
     1603  4.443 -27.17 0.95000 6248.00 13
     1604  4.444 -26.31 0.95000 6248.00 13
     1605  4.448 -26.68 0.95000 6248.00 13
     1606  4.448 -27.45 0.95000 6248.00 13
     1607  4.450 -26.49 0.95000 6248.00 13
     1608  4.451 -26.53 0.95000 6248.00 13
     1609  4.452 -26.39 0.95000 6248.00 13
     1610  4.452 -26.01 0.95000 6248.00 13
     1611  4.455 -26.22 0.95000 6248.00 13
     1612  4.455 -26.57 0.95000 6248.00 13
     1613  4.455 -26.01 0.95000 6248.00 13
     1614  4.455 -26.81 0.95000 6248.00 13
     1615  4.456 -27.92 0.95000 6248.00 13
     1616  4.457 -26.20 0.95000 6248.00 13
     1617  4.458 -26.51 0.95000 6248.00 13
     1618  4.459 -27.34 0.95000 6248.00 13
     1619  4.460 -26.63 0.95000 6248.00 13
     1620  4.460 -27.63 0.95000 6248.00 13
     1621  4.461 -27.87 0.95000 6248.00 13
     1622  4.464 -26.04 0.95000 6248.00 13
     1623  4.465 -26.57 0.95000 6248.00 13
     1624  4.465 -27.21 0.95000 6248.00 13
     1625  4.467 -26.74 0.95000 6248.00 13
     1626  4.470 -26.94 0.95000 6248.00 13
     1627  4.475 -27.34 0.95000 6248.00 13
     1628  4.478 -26.80 0.95000 6248.00 13
     1629  4.480 -26.15 0.94525 6248.00 13
     1630  4.480 -26.24 0.95000 6248.00 13
     1631  4.482 -26.16 0.94525 6248.00 13
     1632  4.483 -26.00 0.94050 6248.00 13
     1633  4.484 -27.07 0.95000 6248.00 13
     1634  4.488 -27.14 0.95000 6248.00 13
     1635  4.488 -26.16 0.94525 6248.00 13
     1636  4.490 -26.84 0.95000 6248.00 13
     1637  4.490 -25.98 0.94050 6248.00 13
     1638  4.493 -26.68 0.95000 6248.00 13
     1639  4.495 -26.26 0.95000 6248.00 13
     1640  4.495 -26.12 0.94525 6248.00 13
     1641  4.496 -27.54 0.95000 6248.00 13
     1642  4.500 -26.62 0.95000 6248.00 13
     1643  4.500 -26.29 0.94525 6248.00 13
     1644  4.500 -25.99 0.94050 6248.00 13
     1645  4.502 -26.06 0.94050 6248.00 13
     1646  4.503 -26.26 0.95000 6248.00 13
     1647  4.503 -26.34 0.94525 6248.00 13
     1648  4.504 -26.36 0.94525 6248.00 13
     1649  4.504 -26.52 0.95000 6248.00 13
     1650  4.505 -26.97 0.95000 6248.00 13
     1651  4.508 -26.14 0.94525 6248.00 13
     1652  4.509 -26.24 0.95000 6248.00 13
     1653  4.510 -28.52 0.95000 6248.00 13
     1654  4.511 -25.94 0.94050 6248.00 13
     1655  4.511 -26.57 0.95000 6248.00 13
     1656  4.512 -26.22 0.95000 6248.00 13
     1657  4.515 -26.11 0.94525 6248.00 13
     1658  4.516 -26.22 0.95000 6248.00 13
     1659  4.516 -26.13 0.94525 6248.00 13
     1660  4.517 -25.94 0.94050 6248.00 13
     1661  4.518 -26.95 0.95000 6248.00 13
     1662  4.519 -26.44 0.95000 6248.00 13
     1663  4.520 -26.48 0.95000 6248.00 13
     1664  4.521 -26.73 0.95000 6248.00 13
     1665  4.521 -26.95 0.95000 6248.00 13
     1666  4.523 -26.31 0.94525 6248.00 13
     1667  4.526 -26.04 0.94050 6248.00 13
     1668  4.528 -26.46 0.95000 6248.00 13
     1669  4.529 -27.21 0.95000 6248.00 13
     1670  4.529 -26.31 0.95000 6248.00 13
     1671  4.531 -26.40 0.95000 6248.00 13
     1672  4.533 -26.26 0.95000 6248.00 13
     1673  4.534 -26.04 0.94050 6248.00 13
     1674  4.534 -27.11 0.95000 6248.00 13
     1675  4.537 -26.00 0.94050 6248.00 13
     1676  4.540 -26.71 0.95000 6248.00 13
     1677  4.542 -25.92 0.94050 6248.00 13
     1678  4.542 -25.93 0.94050 6248.00 13
     1679  4.543 -26.22 0.95000 6248.00 13
     1680  4.543 -26.60 0.95000 6248.00 13
     1681  4.545 -27.31 0.95000 6248.00 13
     1682  4.548 -26.09 0.95000 6248.00 13
     1683  4.550 -26.78 0.95000 6248.00 13
     1684  4.551 -26.62 0.95000 6248.00 13
     1685  4.552 -26.32 0.95000 6248.00 13
     1686  4.553 -27.66 0.95000 6248.00 13
     1687  4.555 -26.11 0.95000 6248.00 13
     1688  4.556 -27.18 0.95000 6248.00 13
     1689  4.558 -26.19 0.95000 6248.00 13
     1690  4.558 -26.51 0.95000 6248.00 13
     1691  4.558 -26.27 0.95000 6248.00 13
     1692  4.558 -26.15 0.95000 6248.00 13
     1693  4.559 -27.55 0.95000 6248.00 13
     1694  4.559 -27.22 0.95000 6248.00 13
     1695  4.560 -26.31 0.95000 6248.00 13
     1696  4.560 -26.73 0.95000 6248.00 13
     1697  4.561 -26.04 0.94050 6248.00 13
     1698  4.562 -26.48 0.95000 6248.00 13
     1699  4.562 -26.86 0.95000 6248.00 13
     1700  4.564 -26.14 0.95000 6248.00 13
     1701  4.568 -25.94 0.94050 6248.00 13
     1702  4.568 -26.13 0.95000 6248.00 13
     1703  4.572 -26.36 0.95000 6248.00 13
     1704  4.573 -26.16 0.95000 6248.00 13
     1705  4.575 -26.20 0.95000 6248.00 13
     1706  4.576 -26.06 0.94050 6248.00 13
     1707  4.577 -25.98 0.95000 6248.00 13
     1708  4.579 -27.41 0.95000 6248.00 13
     1709  4.580 -26.32 0.95000 6248.00 13
     1710  4.581 -27.54 0.95000 6248.00 13
     1711  4.583 -25.90 0.95000 6248.00 13
     1712  4.584 -26.71 0.95000 6248.00 13
     1713  4.584 -26.00 0.95000 6248.00 13
     1714  4.586 -27.12 0.95000 6248.00 13
     1715  4.590 -26.60 0.95000 6248.00 13
     1716  4.590 -26.74 0.95000 6248.00 13
     1717  4.591 -26.20 0.95000 6248.00 13
     1718  4.591 -26.56 0.95000 6248.00 13
     1719  4.594 -26.10 0.94050 6248.00 13
     1720  4.595 -26.22 0.95000 6248.00 13
     1721  4.599 -26.80 0.95000 6248.00 13
     1722  4.599 -26.26 0.95000 6248.00 13
     1723  4.602 -26.57 0.95000 6248.00 13
     1724  4.606 -26.14 0.95000 6248.00 13
     1725  4.608 -25.97 0.95000 6248.00 13
     1726  4.608 -26.58 0.95000 6248.00 13
     1727  4.611 -28.43 0.95000 6248.00 13
     1728  4.611 -26.42 0.95000 6248.00 13
     1729  4.612 -25.98 0.95000 6248.00 13
     1730  4.612 -28.15 0.95000 6248.00 13
     1731  4.612 -25.89 0.95000 6248.00 13
     1732  4.613 -25.99 0.95000 6248.00 13
     1733  4.616 -25.92 0.95000 6248.00 13
     1734  4.616 -25.93 0.95000 6248.00 13
     1735  4.618 -26.60 0.95000 6248.00 13
     1736  4.618 -26.79 0.95000 6248.00 13
     1737  4.619 -26.32 0.95000 6248.00 13
     1738  4.624 -26.16 0.95000 6248.00 13
     1739  4.625 -26.50 0.95000 6248.00 13
     1740  4.626 -26.24 0.94525 6248.00 13
     1741  4.628 -26.22 0.94525 6248.00 13
     1742  4.631 -26.11 0.95000 6248.00 13
     1743  4.632 -26.16 0.95000 6248.00 13
     1744  4.633 -26.12 0.95000 6248.00 13
     1745  4.635 -26.57 0.95000 6248.00 13
     1746  4.636 -25.87 0.95000 6248.00 13
     1747  4.639 -26.47 0.95000 6248.00 13
     1748  4.639 -25.98 0.95000 6248.00 13
     1749  4.640 -26.57 0.95000 6248.00 13
     1750  4.641 -26.04 0.95000 6248.00 13
     1751  4.641 -26.52 0.95000 6248.00 13
     1752  4.643 -26.92 0.95000 6248.00 13
     1753  4.643 -25.94 0.95000 6248.00 13
     1754  4.643 -27.06 0.95000 6248.00 13
     1755  4.643 -26.29 0.94525 6248.00 13
     1756  4.647 -26.85 0.95000 6248.00 13
     1757  4.648 -26.55 0.95000 6248.00 13
     1758  4.656 -26.06 0.95000 6248.00 13
     1759  4.657 -25.89 0.95000 6248.00 13
     1760  4.658 -25.93 0.95000 6248.00 13
     1761  4.658 -26.37 0.95000 6248.00 13
     1762  4.659 -26.01 0.95000 6248.00 13
     1763  4.660 -26.65 0.95000 6248.00 13
     1764  4.661 -26.20 0.94525 6248.00 13
     1765  4.663 -27.53 0.95000 6248.00 13
     1766  4.664 -27.04 0.95000 6248.00 13
     1767  4.667 -26.58 0.95000 6248.00 13
     1768  4.667 -26.40 0.95000 6248.00 13
     1769  4.667 -26.21 0.94525 6248.00 13
     1770  4.668 -26.08 0.95000 6248.00 13
     1771  4.681 -26.49 0.95000 6248.00 13
     1772  4.685 -27.10 0.95000 6248.00 13
     1773  4.686 -25.99 0.94525 6248.00 13
     1774  4.688 -27.57 0.95000 6248.00 13
     1775  4.692 -27.12 0.95000 6248.00 13
     1776  4.694 -26.94 0.95000 6248.00 13
     1777  4.694 -26.40 0.95000 6248.00 13
     1778  4.694 -26.23 0.95000 6248.00 13
     1779  4.695 -25.84 0.95000 6248.00 13
     1780  4.695 -26.28 0.95000 6248.00 13
     1781  4.696 -26.16 0.95000 6248.00 13
     1782  4.696 -26.05 0.94525 6248.00 13
     1783  4.696 -26.03 0.94525 6248.00 13
     1784  4.697 -27.84 0.95000 6248.00 13
     1785  4.699 -26.36 0.95000 6248.00 13
     # 1786  4.701 -25.85 0.95000 6248.00 13
     # 1787  4.706 -26.03 0.94525 6248.00 13
     # 1788  4.707 -27.19 0.95000 6248.00 13
     # 1789  4.711 -26.25 0.95000 6248.00 13
     # 1790  4.712 -26.56 0.95000 6248.00 13
     # 1791  4.713 -26.23 0.95000 6248.00 13
     # 1792  4.715 -26.00 0.94525 6248.00 13
     # 1793  4.716 -26.50 0.95000 6248.00 13
     # 1794  4.717 -26.19 0.95000 6248.00 13
     # 1795  4.717 -26.17 0.95000 6248.00 13
     # 1796  4.718 -27.10 0.95000 6248.00 13
     # 1797  4.721 -25.94 0.94525 6248.00 13
     # 1798  4.723 -26.08 0.95000 6248.00 13
     # 1799  4.729 -25.89 0.95000 6248.00 13
     # 1800  4.730 -26.72 0.95000 6248.00 13
     # 1801  4.730 -26.35 0.95000 6248.00 13
     # 1802  4.730 -26.19 0.95000 6248.00 13
     # 1803  4.733 -26.02 0.95000 6248.00 13
     # 1804  4.734 -26.78 0.95000 6248.00 13
     # 1805  4.737 -26.08 0.95000 6248.00 13
     # 1806  4.742 -26.44 0.95000 6248.00 13
     # 1807  4.742 -26.06 0.95000 6248.00 13
     # 1808  4.743 -26.83 0.95000 6248.00 13
     # 1809  4.744 -26.66 0.95000 6248.00 13
     # 1810  4.748 -26.29 0.95000 6248.00 13
     # 1811  4.748 -26.72 0.95000 6248.00 13
     # 1812  4.750 -26.69 0.95000 6248.00 13
     # 1813  4.750 -26.75 0.95000 6248.00 13
     # 1814  4.754 -26.13 0.95000 6248.00 13
     # 1815  4.756 -26.11 0.95000 6248.00 13
     # 1816  4.758 -25.98 0.95000 6248.00 13
     # 1817  4.762 -25.96 0.95000 6248.00 13
     # 1818  4.767 -26.35 0.95000 6248.00 13
     # 1819  4.769 -26.26 0.95000 6248.00 13
     # 1820  4.771 -26.05 0.95000 6248.00 13
     # 1821  4.772 -26.31 0.95000 6248.00 13
     # 1822  4.774 -26.35 0.95000 6248.00 13
     # 1823  4.774 -26.10 0.95000 6248.00 13
     # 1824  4.776 -27.30 0.95000 6248.00 13
     # 1825  4.777 -26.50 0.95000 6248.00 13
     # 1826  4.780 -26.30 0.95000 6248.00 13
     # 1827  4.780 -26.09 0.95000 6248.00 13
     # 1828  4.782 -26.42 0.95000 6248.00 13
     # 1829  4.783 -25.97 0.95000 6248.00 13
     # 1830  4.784 -25.85 0.95000 6248.00 13
     # 1831  4.785 -26.24 0.95000 6248.00 13
     # 1832  4.786 -26.09 0.95000 6248.00 13
     # 1833  4.786 -25.86 0.95000 6248.00 13
     # 1834  4.787 -26.36 0.95000 6248.00 13
     # 1835  4.789 -26.83 0.95000 6248.00 13
     # 1836  4.791 -26.25 0.95000 6248.00 13
     # 1837  4.791 -25.94 0.95000 6248.00 13
     # 1838  4.792 -25.77 0.95000 6248.00 13
     # 1839  4.793 -25.91 0.95000 6248.00 13
     # 1840  4.794 -26.10 0.95000 6248.00 13
     # 1841  4.796 -26.58 0.95000 6248.00 13
     # 1842  4.798 -26.80 0.95000 6248.00 13
     # 1843  4.799 -26.32 0.95000 6248.00 13
     # 1844  4.801 -26.10 0.95000 6248.00 13
     # 1845  4.802 -26.83 0.95000 6248.00 13
     # 1846  4.806 -26.59 0.95000 6248.00 13
     # 1847  4.806 -26.01 0.95000 6248.00 13
     # 1848  4.809 -26.03 0.95000 6248.00 13
     # 1849  4.810 -26.55 0.95000 6248.00 13
     # 1850  4.811 -25.95 0.95000 6248.00 13
     # 1851  4.813 -26.18 0.95000 6248.00 13
     # 1852  4.814 -27.04 0.95000 6248.00 13
     # 1853  4.815 -25.77 0.95000 6248.00 13
     # 1854  4.816 -26.35 0.95000 6248.00 13
     # 1855  4.818 -25.77 0.95000 6248.00 13
     # 1856  4.821 -26.90 0.95000 6248.00 13
     # 1857  4.829 -26.31 0.95000 6248.00 13
     # 1858  4.830 -26.03 0.95000 6248.00 13
     # 1859  4.830 -26.52 0.95000 6248.00 13
     # 1860  4.832 -25.80 0.95000 6248.00 13
     # 1861  4.834 -25.91 0.95000 6248.00 13
     # 1862  4.836 -26.15 0.95000 6248.00 13
     # 1863  4.837 -25.77 0.95000 6248.00 13
     # 1864  4.848 -26.12 0.95000 6248.00 13
     # 1865  4.849 -26.12 0.95000 6248.00 13
     # 1866  4.849 -26.17 0.95000 6248.00 13
     # 1867  4.850 -25.93 0.95000 6248.00 13
     # 1868  4.851 -26.38 0.95000 6248.00 13
     # 1869  4.855 -26.38 0.95000 6248.00 13
     # 1870  4.862 -26.83 0.95000 6248.00 13
     # 1871  4.864 -26.01 0.95000 6248.00 13
     # 1872  4.869 -26.16 0.95000 6248.00 13
     # 1873  4.871 -25.85 0.95000 6248.00 13
     # 1874  4.872 -26.57 0.95000 6248.00 13
     # 1875  4.872 -27.29 0.95000 6248.00 13
     # 1876  4.874 -26.12 0.95000 6248.00 13
     # 1877  4.875 -26.57 0.95000 6248.00 13
     # 1878  4.876 -26.02 0.95000 6248.00 13
     # 1879  4.878 -25.82 0.95000 6248.00 13
     # 1880  4.879 -26.09 0.95000 6248.00 13
     # 1881  4.879 -25.78 0.95000 6248.00 13
     # 1882  4.881 -25.94 0.95000 6248.00 13
     # 1883  4.883 -25.91 0.95000 6248.00 13
     # 1884  4.883 -26.08 0.95000 6248.00 13
     # 1885  4.885 -26.99 0.95000 6248.00 13
     # 1886  4.885 -26.47 0.95000 6248.00 13
     # 1887  4.890 -26.09 0.95000 6248.00 13
     # 1888  4.891 -26.89 0.95000 6248.00 13
     # 1889  4.893 -26.10 0.95000 6248.00 13
     # 1890  4.895 -26.21 0.95000 6248.00 13
     # 1891  4.900 -27.02 0.95000 6248.00 13
     # 1892  4.901 -26.12 0.95000 6248.00 13
     # 1893  4.904 -26.79 0.95000 6248.00 13
     # 1894  4.907 -27.34 0.95000 6248.00 13
     # 1895  4.909 -27.01 0.95000 6248.00 13
     # 1896  4.913 -27.67 0.95000 6248.00 13
     # 1897  4.922 -27.27 0.95000 6248.00 13
     # 1898  4.927 -27.68 0.95000 6248.00 13
     # 1899  4.933 -26.72 0.95000 6248.00 13
     # 1900  4.934 -27.12 0.95000 6248.00 13
     # 1901  4.934 -26.96 0.95000 6248.00 13
     # 1902  4.936 -26.87 0.95000 6248.00 13
     # 1903  4.943 -27.66 0.95000 6248.00 13
     # 1904  4.945 -27.34 0.95000 6248.00 13
     # 1905  4.950 -27.02 0.95000 6248.00 13
     # 1906  4.956 -26.75 0.95000 6248.00 13
     # 1907  4.958 -25.99 0.95000 6248.00 13
     # 1908  4.961 -27.07 0.95000 6248.00 13
     # 1909  4.967 -28.17 0.95000 6248.00 13
     # 1910  4.978 -27.05 0.95000 6248.00 13
     # 1911  4.984 -26.78 0.95000 6248.00 13
     # 1912  4.996 -27.27 0.95000 6248.00 13
     # 1913  4.998 -26.58 0.95000 6248.00 13
     # 1914  5.004 -27.18 0.95000 6248.00 13
     # 1915  5.005 -27.00 0.95000 6248.00 13
     # 1916  5.010 -26.17 0.95000 6248.00 13
     # 1917  5.011 -26.51 0.95000 6248.00 13
     # 1918  5.015 -26.77 0.95000 6248.00 13
     # 1919  5.018 -26.29 0.95000 6248.00 13
     # 1920  5.022 -26.70 0.95000 6248.00 13
     # 1921  5.023 -25.90 0.95000 6248.00 13
     # 1922  5.025 -26.65 0.95000 6248.00 13
     # 1923  5.026 -27.01 0.95000 6248.00 13
     # 1924  5.030 -26.88 0.95000 6248.00 13
     # 1925  5.031 -26.26 0.95000 6248.00 13
     # 1926  5.032 -26.40 0.95000 6248.00 13
     # 1927  5.037 -26.82 0.95000 6248.00 13
     # 1928  5.038 -26.62 0.95000 6248.00 13
     # 1929  5.050 -26.46 0.95000 6248.00 13
     # 1930  5.059 -25.81 0.95000 6248.00 13
     # 1931  5.073 -26.54 0.95000 6248.00 13
     # 1932  5.084 -26.65 0.93480 6248.00 13
     # 1933  5.091 -26.62 0.95000 6248.00 13
     # 1934  5.120 -27.53 0.95000 6248.00 13
     # 1935  5.132 -26.67 0.95000 6248.00 13
     # 1936  5.134 -26.69 0.95000 6248.00 13
     # 1937  5.142 -26.74 0.95000 6248.00 13
     # 1938  5.142 -26.61 0.94050 6248.00 13
     # 1939  5.158 -26.84 0.95000 6248.00 13
     # 1940  5.167 -27.12 0.95000 6248.00 13
     # 1941  5.175 -26.29 0.94050 6248.00 13
     # 1942  5.179 -26.96 0.95000 6248.00 13
     # 1943  5.185 -27.47 0.95000 6248.00 13
     # 1944  5.187 -26.38 0.94050 6248.00 13
     # 1945  5.188 -26.99 0.94525 6248.00 13
     # 1946  5.189 -26.44 0.94525 6248.00 13
     # 1947  5.196 -26.96 0.95000 6248.00 13
     # 1948  5.206 -26.39 0.94525 6248.00 13
     # 1949  5.215 -26.88 0.95000 6248.00 13
     # 1950  5.226 -26.39 0.91200 6248.00 13
     # 1951  5.250 -27.09 0.93100 6248.00 13
     # 1952  5.267 -26.91 0.95000 6248.00 13
     # 1953  5.273 -26.92 0.85310 6248.00 13
     # 1954  5.275 -27.84 0.95000 6248.00 13
     # 1955  5.289 -26.66 0.90060 6248.00 13
     # 1956  5.292 -27.95 0.95000 6248.00 13
     # 1957  5.303 -26.81 0.90060 6248.00 13
     # 1958  5.312 -27.69 0.95000 6248.00 13
     # 1959  5.317 -27.25 0.95000 6248.00 13
     # 1960  5.338 -26.92 0.89585 6248.00 13
     # 1961  5.461 -27.11 0.90535 6248.00 13
