# Fan et al. (2006) selection function for SDSS Main z~6 survey (6600deg2)
# provided by Chris Willott (Willott et al. 2010)
# corrected for cosmology in M1450
# counter  z     M1450  p
        1  5.700 -29.00 0.00000
        2  5.700 -28.90 0.00000
        3  5.700 -28.80 0.00000
        4  5.700 -28.70 0.00000
        5  5.700 -28.60 0.00000
        6  5.700 -28.50 0.00000
        7  5.700 -28.40 0.00000
        8  5.700 -28.30 0.00000
        9  5.700 -28.20 0.00000
       10  5.700 -28.10 0.00000
       11  5.700 -28.00 0.00010
       12  5.700 -27.90 0.00010
       13  5.700 -27.80 0.00010
       14  5.700 -27.70 0.00010
       15  5.700 -27.60 0.00020
       16  5.700 -27.50 0.00030
       17  5.700 -27.40 0.00030
       18  5.700 -27.30 0.00060
       19  5.700 -27.20 0.00080
       20  5.700 -27.10 0.00100
       21  5.700 -27.00 0.00130
       22  5.700 -26.90 0.00160
       23  5.700 -26.80 0.00140
       24  5.700 -26.70 0.00100
       25  5.700 -26.60 0.00060
       26  5.700 -26.50 0.00030
       27  5.700 -26.40 0.00010
       28  5.700 -26.30 0.00000
       29  5.700 -26.20 0.00000
       30  5.700 -26.10 0.00000
       31  5.700 -26.00 0.00000
       32  5.700 -25.90 0.00000
       33  5.700 -25.80 0.00000
       34  5.700 -25.70 0.00000
       35  5.700 -25.60 0.00000
       36  5.700 -25.50 0.00000
       37  5.700 -25.40 0.00000
       38  5.700 -25.30 0.00000
       39  5.700 -25.20 0.00000
       40  5.700 -25.10 0.00000
       41  5.700 -25.00 0.00000
       42  5.700 -24.90 0.00000
       43  5.700 -24.80 0.00000
       44  5.700 -24.70 0.00000
       45  5.700 -24.60 0.00000
       46  5.700 -24.50 0.00000
       47  5.700 -24.40 0.00000
       48  5.700 -24.30 0.00000
       49  5.700 -24.20 0.00000
       50  5.700 -24.10 0.00000
       51  5.700 -24.00 0.00000
       52  5.700 -23.90 0.00000
       53  5.700 -23.80 0.00000
       54  5.700 -23.70 0.00000
       55  5.700 -23.60 0.00000
       56  5.700 -23.50 0.00000
       57  5.700 -23.40 0.00000
       58  5.700 -23.30 0.00000
       59  5.700 -23.20 0.00000
       60  5.700 -23.10 0.00000
       61  5.700 -23.00 0.00000
       62  5.700 -22.90 0.00000
       63  5.700 -22.80 0.00000
       64  5.700 -22.70 0.00000
       65  5.700 -22.60 0.00000
       66  5.700 -22.50 0.00000
       67  5.700 -22.40 0.00000
       68  5.700 -22.30 0.00000
       69  5.700 -22.20 0.00000
       70  5.700 -22.10 0.00000
       71  5.700 -22.00 0.00000
       72  5.700 -21.90 0.00000
       73  5.700 -21.80 0.00000
       74  5.700 -21.70 0.00000
       75  5.700 -21.60 0.00000
       76  5.700 -21.50 0.00000
       77  5.700 -21.40 0.00000
       78  5.700 -21.30 0.00000
       79  5.700 -21.20 0.00000
       80  5.700 -21.10 0.00000
       81  5.725 -29.00 0.01190
       82  5.725 -28.90 0.01200
       83  5.725 -28.80 0.01210
       84  5.725 -28.70 0.01210
       85  5.725 -28.60 0.01230
       86  5.725 -28.50 0.01210
       87  5.725 -28.40 0.01250
       88  5.725 -28.30 0.01260
       89  5.725 -28.20 0.01270
       90  5.725 -28.10 0.01300
       91  5.725 -28.00 0.01300
       92  5.725 -27.90 0.01330
       93  5.725 -27.80 0.01340
       94  5.725 -27.70 0.01370
       95  5.725 -27.60 0.01400
       96  5.725 -27.50 0.01440
       97  5.725 -27.40 0.01550
       98  5.725 -27.30 0.01590
       99  5.725 -27.20 0.01670
      100  5.725 -27.10 0.01850
      101  5.725 -27.00 0.01820
      102  5.725 -26.90 0.01830
      103  5.725 -26.80 0.01680
      104  5.725 -26.70 0.01330
      105  5.725 -26.60 0.00930
      106  5.725 -26.50 0.00510
      107  5.725 -26.40 0.00220
      108  5.725 -26.30 0.00070
      109  5.725 -26.20 0.00030
      110  5.725 -26.10 0.00000
      111  5.725 -26.00 0.00000
      112  5.725 -25.90 0.00000
      113  5.725 -25.80 0.00000
      114  5.725 -25.70 0.00000
      115  5.725 -25.60 0.00000
      116  5.725 -25.50 0.00000
      117  5.725 -25.40 0.00000
      118  5.725 -25.30 0.00000
      119  5.725 -25.20 0.00000
      120  5.725 -25.10 0.00000
      121  5.725 -25.00 0.00000
      122  5.725 -24.90 0.00000
      123  5.725 -24.80 0.00000
      124  5.725 -24.70 0.00000
      125  5.725 -24.60 0.00000
      126  5.725 -24.50 0.00000
      127  5.725 -24.40 0.00000
      128  5.725 -24.30 0.00000
      129  5.725 -24.20 0.00000
      130  5.725 -24.10 0.00000
      131  5.725 -24.00 0.00000
      132  5.725 -23.90 0.00000
      133  5.725 -23.80 0.00000
      134  5.725 -23.70 0.00000
      135  5.725 -23.60 0.00000
      136  5.725 -23.50 0.00000
      137  5.725 -23.40 0.00000
      138  5.725 -23.30 0.00000
      139  5.725 -23.20 0.00000
      140  5.725 -23.10 0.00000
      141  5.725 -23.00 0.00000
      142  5.725 -22.90 0.00000
      143  5.725 -22.80 0.00000
      144  5.725 -22.70 0.00000
      145  5.725 -22.60 0.00000
      146  5.725 -22.50 0.00000
      147  5.725 -22.40 0.00000
      148  5.725 -22.30 0.00000
      149  5.725 -22.20 0.00000
      150  5.725 -22.10 0.00000
      151  5.725 -22.00 0.00000
      152  5.725 -21.90 0.00000
      153  5.725 -21.80 0.00000
      154  5.725 -21.70 0.00000
      155  5.725 -21.60 0.00000
      156  5.725 -21.50 0.00000
      157  5.725 -21.40 0.00000
      158  5.725 -21.30 0.00000
      159  5.725 -21.20 0.00000
      160  5.725 -21.10 0.00000
      161  5.750 -29.00 0.05390
      162  5.750 -28.90 0.05320
      163  5.750 -28.80 0.05480
      164  5.750 -28.70 0.05350
      165  5.750 -28.60 0.05460
      166  5.750 -28.50 0.05460
      167  5.750 -28.40 0.05540
      168  5.750 -28.30 0.05520
      169  5.750 -28.20 0.05570
      170  5.750 -28.10 0.05620
      171  5.750 -28.00 0.05700
      172  5.750 -27.90 0.05700
      173  5.750 -27.80 0.05820
      174  5.750 -27.70 0.06000
      175  5.750 -27.60 0.06190
      176  5.750 -27.50 0.06290
      177  5.750 -27.40 0.06580
      178  5.750 -27.30 0.06930
      179  5.750 -27.20 0.07210
      180  5.750 -27.10 0.07600
      181  5.750 -27.00 0.07870
      182  5.750 -26.90 0.07760
      183  5.750 -26.80 0.07420
      184  5.750 -26.70 0.06260
      185  5.750 -26.60 0.04650
      186  5.750 -26.50 0.02890
      187  5.750 -26.40 0.01590
      188  5.750 -26.30 0.00690
      189  5.750 -26.20 0.00270
      190  5.750 -26.10 0.00080
      191  5.750 -26.00 0.00020
      192  5.750 -25.90 0.00000
      193  5.750 -25.80 0.00000
      194  5.750 -25.70 0.00000
      195  5.750 -25.60 0.00000
      196  5.750 -25.50 0.00000
      197  5.750 -25.40 0.00000
      198  5.750 -25.30 0.00000
      199  5.750 -25.20 0.00000
      200  5.750 -25.10 0.00000
      201  5.750 -25.00 0.00000
      202  5.750 -24.90 0.00000
      203  5.750 -24.80 0.00000
      204  5.750 -24.70 0.00000
      205  5.750 -24.60 0.00000
      206  5.750 -24.50 0.00000
      207  5.750 -24.40 0.00000
      208  5.750 -24.30 0.00000
      209  5.750 -24.20 0.00000
      210  5.750 -24.10 0.00000
      211  5.750 -24.00 0.00000
      212  5.750 -23.90 0.00000
      213  5.750 -23.80 0.00000
      214  5.750 -23.70 0.00000
      215  5.750 -23.60 0.00000
      216  5.750 -23.50 0.00000
      217  5.750 -23.40 0.00000
      218  5.750 -23.30 0.00000
      219  5.750 -23.20 0.00000
      220  5.750 -23.10 0.00000
      221  5.750 -23.00 0.00000
      222  5.750 -22.90 0.00000
      223  5.750 -22.80 0.00000
      224  5.750 -22.70 0.00000
      225  5.750 -22.60 0.00000
      226  5.750 -22.50 0.00000
      227  5.750 -22.40 0.00000
      228  5.750 -22.30 0.00000
      229  5.750 -22.20 0.00000
      230  5.750 -22.10 0.00000
      231  5.750 -22.00 0.00000
      232  5.750 -21.90 0.00000
      233  5.750 -21.80 0.00000
      234  5.750 -21.70 0.00000
      235  5.750 -21.60 0.00000
      236  5.750 -21.50 0.00000
      237  5.750 -21.40 0.00000
      238  5.750 -21.30 0.00000
      239  5.750 -21.20 0.00000
      240  5.750 -21.10 0.00000
      241  5.775 -29.00 0.33650
      242  5.775 -28.90 0.33640
      243  5.775 -28.80 0.33680
      244  5.775 -28.70 0.33780
      245  5.775 -28.60 0.33960
      246  5.775 -28.50 0.33990
      247  5.775 -28.40 0.34030
      248  5.775 -28.30 0.34300
      249  5.775 -28.20 0.34470
      250  5.775 -28.10 0.34610
      251  5.775 -28.00 0.34640
      252  5.775 -27.90 0.35030
      253  5.775 -27.80 0.35210
      254  5.775 -27.70 0.35510
      255  5.775 -27.60 0.35670
      256  5.775 -27.50 0.35980
      257  5.775 -27.40 0.36380
      258  5.775 -27.30 0.36850
      259  5.775 -27.20 0.37240
      260  5.775 -27.10 0.37370
      261  5.775 -27.00 0.37560
      262  5.775 -26.90 0.36430
      263  5.775 -26.80 0.33160
      264  5.775 -26.70 0.28070
      265  5.775 -26.60 0.21280
      266  5.775 -26.50 0.13980
      267  5.775 -26.40 0.07850
      268  5.775 -26.30 0.03640
      269  5.775 -26.20 0.01350
      270  5.775 -26.10 0.00390
      271  5.775 -26.00 0.00100
      272  5.775 -25.90 0.00020
      273  5.775 -25.80 0.00000
      274  5.775 -25.70 0.00000
      275  5.775 -25.60 0.00000
      276  5.775 -25.50 0.00000
      277  5.775 -25.40 0.00000
      278  5.775 -25.30 0.00000
      279  5.775 -25.20 0.00000
      280  5.775 -25.10 0.00000
      281  5.775 -25.00 0.00000
      282  5.775 -24.90 0.00000
      283  5.775 -24.80 0.00000
      284  5.775 -24.70 0.00000
      285  5.775 -24.60 0.00000
      286  5.775 -24.50 0.00000
      287  5.775 -24.40 0.00000
      288  5.775 -24.30 0.00000
      289  5.775 -24.20 0.00000
      290  5.775 -24.10 0.00000
      291  5.775 -24.00 0.00000
      292  5.775 -23.90 0.00000
      293  5.775 -23.80 0.00000
      294  5.775 -23.70 0.00000
      295  5.775 -23.60 0.00000
      296  5.775 -23.50 0.00000
      297  5.775 -23.40 0.00000
      298  5.775 -23.30 0.00000
      299  5.775 -23.20 0.00000
      300  5.775 -23.10 0.00000
      301  5.775 -23.00 0.00000
      302  5.775 -22.90 0.00000
      303  5.775 -22.80 0.00000
      304  5.775 -22.70 0.00000
      305  5.775 -22.60 0.00000
      306  5.775 -22.50 0.00000
      307  5.775 -22.40 0.00000
      308  5.775 -22.30 0.00000
      309  5.775 -22.20 0.00000
      310  5.775 -22.10 0.00000
      311  5.775 -22.00 0.00000
      312  5.775 -21.90 0.00000
      313  5.775 -21.80 0.00000
      314  5.775 -21.70 0.00000
      315  5.775 -21.60 0.00000
      316  5.775 -21.50 0.00000
      317  5.775 -21.40 0.00000
      318  5.775 -21.30 0.00000
      319  5.775 -21.20 0.00000
      320  5.775 -21.10 0.00000
      321  5.800 -29.00 0.71910
      322  5.800 -28.90 0.71850
      323  5.800 -28.80 0.71840
      324  5.800 -28.70 0.71930
      325  5.800 -28.60 0.71850
      326  5.800 -28.50 0.71680
      327  5.800 -28.40 0.71650
      328  5.800 -28.30 0.71580
      329  5.800 -28.20 0.71450
      330  5.800 -28.10 0.71490
      331  5.800 -28.00 0.71100
      332  5.800 -27.90 0.71100
      333  5.800 -27.80 0.70990
      334  5.800 -27.70 0.70750
      335  5.800 -27.60 0.70660
      336  5.800 -27.50 0.70230
      337  5.800 -27.40 0.69880
      338  5.800 -27.30 0.69510
      339  5.800 -27.20 0.69060
      340  5.800 -27.10 0.67950
      341  5.800 -27.00 0.66360
      342  5.800 -26.90 0.62770
      343  5.800 -26.80 0.56820
      344  5.800 -26.70 0.47910
      345  5.800 -26.60 0.36850
      346  5.800 -26.50 0.25060
      347  5.800 -26.40 0.14750
      348  5.800 -26.30 0.07470
      349  5.800 -26.20 0.03120
      350  5.800 -26.10 0.01080
      351  5.800 -26.00 0.00260
      352  5.800 -25.90 0.00060
      353  5.800 -25.80 0.00010
      354  5.800 -25.70 0.00000
      355  5.800 -25.60 0.00000
      356  5.800 -25.50 0.00000
      357  5.800 -25.40 0.00000
      358  5.800 -25.30 0.00000
      359  5.800 -25.20 0.00000
      360  5.800 -25.10 0.00000
      361  5.800 -25.00 0.00000
      362  5.800 -24.90 0.00000
      363  5.800 -24.80 0.00000
      364  5.800 -24.70 0.00000
      365  5.800 -24.60 0.00000
      366  5.800 -24.50 0.00000
      367  5.800 -24.40 0.00000
      368  5.800 -24.30 0.00000
      369  5.800 -24.20 0.00000
      370  5.800 -24.10 0.00000
      371  5.800 -24.00 0.00000
      372  5.800 -23.90 0.00000
      373  5.800 -23.80 0.00000
      374  5.800 -23.70 0.00000
      375  5.800 -23.60 0.00000
      376  5.800 -23.50 0.00000
      377  5.800 -23.40 0.00000
      378  5.800 -23.30 0.00000
      379  5.800 -23.20 0.00000
      380  5.800 -23.10 0.00000
      381  5.800 -23.00 0.00000
      382  5.800 -22.90 0.00000
      383  5.800 -22.80 0.00000
      384  5.800 -22.70 0.00000
      385  5.800 -22.60 0.00000
      386  5.800 -22.50 0.00000
      387  5.800 -22.40 0.00000
      388  5.800 -22.30 0.00000
      389  5.800 -22.20 0.00000
      390  5.800 -22.10 0.00000
      391  5.800 -22.00 0.00000
      392  5.800 -21.90 0.00000
      393  5.800 -21.80 0.00000
      394  5.800 -21.70 0.00000
      395  5.800 -21.60 0.00000
      396  5.800 -21.50 0.00000
      397  5.800 -21.40 0.00000
      398  5.800 -21.30 0.00000
      399  5.800 -21.20 0.00000
      400  5.800 -21.10 0.00000
      401  5.825 -29.00 0.89290
      402  5.825 -28.90 0.89380
      403  5.825 -28.80 0.89360
      404  5.825 -28.70 0.89350
      405  5.825 -28.60 0.89160
      406  5.825 -28.50 0.89210
      407  5.825 -28.40 0.89200
      408  5.825 -28.30 0.89130
      409  5.825 -28.20 0.89090
      410  5.825 -28.10 0.88900
      411  5.825 -28.00 0.88870
      412  5.825 -27.90 0.88630
      413  5.825 -27.80 0.88580
      414  5.825 -27.70 0.88320
      415  5.825 -27.60 0.88100
      416  5.825 -27.50 0.87740
      417  5.825 -27.40 0.87290
      418  5.825 -27.30 0.86780
      419  5.825 -27.20 0.85920
      420  5.825 -27.10 0.84670
      421  5.825 -27.00 0.82140
      422  5.825 -26.90 0.77890
      423  5.825 -26.80 0.70770
      424  5.825 -26.70 0.60450
      425  5.825 -26.60 0.47630
      426  5.825 -26.50 0.33800
      427  5.825 -26.40 0.21170
      428  5.825 -26.30 0.11250
      429  5.825 -26.20 0.05060
      430  5.825 -26.10 0.01830
      431  5.825 -26.00 0.00510
      432  5.825 -25.90 0.00120
      433  5.825 -25.80 0.00020
      434  5.825 -25.70 0.00000
      435  5.825 -25.60 0.00000
      436  5.825 -25.50 0.00000
      437  5.825 -25.40 0.00000
      438  5.825 -25.30 0.00000
      439  5.825 -25.20 0.00000
      440  5.825 -25.10 0.00000
      441  5.825 -25.00 0.00000
      442  5.825 -24.90 0.00000
      443  5.825 -24.80 0.00000
      444  5.825 -24.70 0.00000
      445  5.825 -24.60 0.00000
      446  5.825 -24.50 0.00000
      447  5.825 -24.40 0.00000
      448  5.825 -24.30 0.00000
      449  5.825 -24.20 0.00000
      450  5.825 -24.10 0.00000
      451  5.825 -24.00 0.00000
      452  5.825 -23.90 0.00000
      453  5.825 -23.80 0.00000
      454  5.825 -23.70 0.00000
      455  5.825 -23.60 0.00000
      456  5.825 -23.50 0.00000
      457  5.825 -23.40 0.00000
      458  5.825 -23.30 0.00000
      459  5.825 -23.20 0.00000
      460  5.825 -23.10 0.00000
      461  5.825 -23.00 0.00000
      462  5.825 -22.90 0.00000
      463  5.825 -22.80 0.00000
      464  5.825 -22.70 0.00000
      465  5.825 -22.60 0.00000
      466  5.825 -22.50 0.00000
      467  5.825 -22.40 0.00000
      468  5.825 -22.30 0.00000
      469  5.825 -22.20 0.00000
      470  5.825 -22.10 0.00000
      471  5.825 -22.00 0.00000
      472  5.825 -21.90 0.00000
      473  5.825 -21.80 0.00000
      474  5.825 -21.70 0.00000
      475  5.825 -21.60 0.00000
      476  5.825 -21.50 0.00000
      477  5.825 -21.40 0.00000
      478  5.825 -21.30 0.00000
      479  5.825 -21.20 0.00000
      480  5.825 -21.10 0.00000
      481  5.850 -29.00 0.91660
      482  5.850 -28.90 0.91660
      483  5.850 -28.80 0.91510
      484  5.850 -28.70 0.91600
      485  5.850 -28.60 0.91530
      486  5.850 -28.50 0.91320
      487  5.850 -28.40 0.91260
      488  5.850 -28.30 0.91250
      489  5.850 -28.20 0.91140
      490  5.850 -28.10 0.90930
      491  5.850 -28.00 0.90730
      492  5.850 -27.90 0.90730
      493  5.850 -27.80 0.90390
      494  5.850 -27.70 0.90050
      495  5.850 -27.60 0.89830
      496  5.850 -27.50 0.89460
      497  5.850 -27.40 0.88930
      498  5.850 -27.30 0.88620
      499  5.850 -27.20 0.87870
      500  5.850 -27.10 0.86740
      501  5.850 -27.00 0.84580
      502  5.850 -26.90 0.80030
      503  5.850 -26.80 0.72360
      504  5.850 -26.70 0.60990
      505  5.850 -26.60 0.47430
      506  5.850 -26.50 0.33010
      507  5.850 -26.40 0.20240
      508  5.850 -26.30 0.10720
      509  5.850 -26.20 0.04970
      510  5.850 -26.10 0.01920
      511  5.850 -26.00 0.00580
      512  5.850 -25.90 0.00130
      513  5.850 -25.80 0.00040
      514  5.850 -25.70 0.00000
      515  5.850 -25.60 0.00000
      516  5.850 -25.50 0.00000
      517  5.850 -25.40 0.00000
      518  5.850 -25.30 0.00000
      519  5.850 -25.20 0.00000
      520  5.850 -25.10 0.00000
      521  5.850 -25.00 0.00000
      522  5.850 -24.90 0.00000
      523  5.850 -24.80 0.00000
      524  5.850 -24.70 0.00000
      525  5.850 -24.60 0.00000
      526  5.850 -24.50 0.00000
      527  5.850 -24.40 0.00000
      528  5.850 -24.30 0.00000
      529  5.850 -24.20 0.00000
      530  5.850 -24.10 0.00000
      531  5.850 -24.00 0.00000
      532  5.850 -23.90 0.00000
      533  5.850 -23.80 0.00000
      534  5.850 -23.70 0.00000
      535  5.850 -23.60 0.00000
      536  5.850 -23.50 0.00000
      537  5.850 -23.40 0.00000
      538  5.850 -23.30 0.00000
      539  5.850 -23.20 0.00000
      540  5.850 -23.10 0.00000
      541  5.850 -23.00 0.00000
      542  5.850 -22.90 0.00000
      543  5.850 -22.80 0.00000
      544  5.850 -22.70 0.00000
      545  5.850 -22.60 0.00000
      546  5.850 -22.50 0.00000
      547  5.850 -22.40 0.00000
      548  5.850 -22.30 0.00000
      549  5.850 -22.20 0.00000
      550  5.850 -22.10 0.00000
      551  5.850 -22.00 0.00000
      552  5.850 -21.90 0.00000
      553  5.850 -21.80 0.00000
      554  5.850 -21.70 0.00000
      555  5.850 -21.60 0.00000
      556  5.850 -21.50 0.00000
      557  5.850 -21.40 0.00000
      558  5.850 -21.30 0.00000
      559  5.850 -21.20 0.00000
      560  5.850 -21.10 0.00000
      561  5.875 -29.00 0.96610
      562  5.875 -28.90 0.96460
      563  5.875 -28.80 0.96510
      564  5.875 -28.70 0.96360
      565  5.875 -28.60 0.96250
      566  5.875 -28.50 0.96160
      567  5.875 -28.40 0.96110
      568  5.875 -28.30 0.95960
      569  5.875 -28.20 0.95800
      570  5.875 -28.10 0.95620
      571  5.875 -28.00 0.95450
      572  5.875 -27.90 0.95160
      573  5.875 -27.80 0.94960
      574  5.875 -27.70 0.94760
      575  5.875 -27.60 0.94200
      576  5.875 -27.50 0.93910
      577  5.875 -27.40 0.93370
      578  5.875 -27.30 0.92990
      579  5.875 -27.20 0.91940
      580  5.875 -27.10 0.90430
      581  5.875 -27.00 0.87320
      582  5.875 -26.90 0.81600
      583  5.875 -26.80 0.72990
      584  5.875 -26.70 0.61910
      585  5.875 -26.60 0.49330
      586  5.875 -26.50 0.35750
      587  5.875 -26.40 0.24070
      588  5.875 -26.30 0.14090
      589  5.875 -26.20 0.07330
      590  5.875 -26.10 0.03100
      591  5.875 -26.00 0.01100
      592  5.875 -25.90 0.00350
      593  5.875 -25.80 0.00090
      594  5.875 -25.70 0.00010
      595  5.875 -25.60 0.00000
      596  5.875 -25.50 0.00000
      597  5.875 -25.40 0.00000
      598  5.875 -25.30 0.00000
      599  5.875 -25.20 0.00000
      600  5.875 -25.10 0.00000
      601  5.875 -25.00 0.00000
      602  5.875 -24.90 0.00000
      603  5.875 -24.80 0.00000
      604  5.875 -24.70 0.00000
      605  5.875 -24.60 0.00000
      606  5.875 -24.50 0.00000
      607  5.875 -24.40 0.00000
      608  5.875 -24.30 0.00000
      609  5.875 -24.20 0.00000
      610  5.875 -24.10 0.00000
      611  5.875 -24.00 0.00000
      612  5.875 -23.90 0.00000
      613  5.875 -23.80 0.00000
      614  5.875 -23.70 0.00000
      615  5.875 -23.60 0.00000
      616  5.875 -23.50 0.00000
      617  5.875 -23.40 0.00000
      618  5.875 -23.30 0.00000
      619  5.875 -23.20 0.00000
      620  5.875 -23.10 0.00000
      621  5.875 -23.00 0.00000
      622  5.875 -22.90 0.00000
      623  5.875 -22.80 0.00000
      624  5.875 -22.70 0.00000
      625  5.875 -22.60 0.00000
      626  5.875 -22.50 0.00000
      627  5.875 -22.40 0.00000
      628  5.875 -22.30 0.00000
      629  5.875 -22.20 0.00000
      630  5.875 -22.10 0.00000
      631  5.875 -22.00 0.00000
      632  5.875 -21.90 0.00000
      633  5.875 -21.80 0.00000
      634  5.875 -21.70 0.00000
      635  5.875 -21.60 0.00000
      636  5.875 -21.50 0.00000
      637  5.875 -21.40 0.00000
      638  5.875 -21.30 0.00000
      639  5.875 -21.20 0.00000
      640  5.875 -21.10 0.00000
      641  5.900 -29.00 0.91650
      642  5.900 -28.90 0.91740
      643  5.900 -28.80 0.91670
      644  5.900 -28.70 0.91690
      645  5.900 -28.60 0.91650
      646  5.900 -28.50 0.91790
      647  5.900 -28.40 0.91700
      648  5.900 -28.30 0.91560
      649  5.900 -28.20 0.91740
      650  5.900 -28.10 0.91610
      651  5.900 -28.00 0.91540
      652  5.900 -27.90 0.91500
      653  5.900 -27.80 0.91440
      654  5.900 -27.70 0.91440
      655  5.900 -27.60 0.91280
      656  5.900 -27.50 0.91160
      657  5.900 -27.40 0.91000
      658  5.900 -27.30 0.90720
      659  5.900 -27.20 0.90070
      660  5.900 -27.10 0.88670
      661  5.900 -27.00 0.86220
      662  5.900 -26.90 0.81850
      663  5.900 -26.80 0.74860
      664  5.900 -26.70 0.64880
      665  5.900 -26.60 0.51930
      666  5.900 -26.50 0.38140
      667  5.900 -26.40 0.25310
      668  5.900 -26.30 0.14980
      669  5.900 -26.20 0.07870
      670  5.900 -26.10 0.03750
      671  5.900 -26.00 0.01540
      672  5.900 -25.90 0.00540
      673  5.900 -25.80 0.00180
      674  5.900 -25.70 0.00040
      675  5.900 -25.60 0.00010
      676  5.900 -25.50 0.00000
      677  5.900 -25.40 0.00000
      678  5.900 -25.30 0.00000
      679  5.900 -25.20 0.00000
      680  5.900 -25.10 0.00000
      681  5.900 -25.00 0.00000
      682  5.900 -24.90 0.00000
      683  5.900 -24.80 0.00000
      684  5.900 -24.70 0.00000
      685  5.900 -24.60 0.00000
      686  5.900 -24.50 0.00000
      687  5.900 -24.40 0.00000
      688  5.900 -24.30 0.00000
      689  5.900 -24.20 0.00000
      690  5.900 -24.10 0.00000
      691  5.900 -24.00 0.00000
      692  5.900 -23.90 0.00000
      693  5.900 -23.80 0.00000
      694  5.900 -23.70 0.00000
      695  5.900 -23.60 0.00000
      696  5.900 -23.50 0.00000
      697  5.900 -23.40 0.00000
      698  5.900 -23.30 0.00000
      699  5.900 -23.20 0.00000
      700  5.900 -23.10 0.00000
      701  5.900 -23.00 0.00000
      702  5.900 -22.90 0.00000
      703  5.900 -22.80 0.00000
      704  5.900 -22.70 0.00000
      705  5.900 -22.60 0.00000
      706  5.900 -22.50 0.00000
      707  5.900 -22.40 0.00000
      708  5.900 -22.30 0.00000
      709  5.900 -22.20 0.00000
      710  5.900 -22.10 0.00000
      711  5.900 -22.00 0.00000
      712  5.900 -21.90 0.00000
      713  5.900 -21.80 0.00000
      714  5.900 -21.70 0.00000
      715  5.900 -21.60 0.00000
      716  5.900 -21.50 0.00000
      717  5.900 -21.40 0.00000
      718  5.900 -21.30 0.00000
      719  5.900 -21.20 0.00000
      720  5.900 -21.10 0.00000
      721  5.925 -29.00 0.95560
      722  5.925 -28.90 0.95490
      723  5.925 -28.80 0.95460
      724  5.925 -28.70 0.95420
      725  5.925 -28.60 0.95230
      726  5.925 -28.50 0.95190
      727  5.925 -28.40 0.95090
      728  5.925 -28.30 0.94920
      729  5.925 -28.20 0.94770
      730  5.925 -28.10 0.94700
      731  5.925 -28.00 0.94510
      732  5.925 -27.90 0.94260
      733  5.925 -27.80 0.94030
      734  5.925 -27.70 0.94000
      735  5.925 -27.60 0.93550
      736  5.925 -27.50 0.93180
      737  5.925 -27.40 0.92730
      738  5.925 -27.30 0.92240
      739  5.925 -27.20 0.91270
      740  5.925 -27.10 0.89030
      741  5.925 -27.00 0.84780
      742  5.925 -26.90 0.77650
      743  5.925 -26.80 0.67390
      744  5.925 -26.70 0.55040
      745  5.925 -26.60 0.41670
      746  5.925 -26.50 0.29130
      747  5.925 -26.40 0.18770
      748  5.925 -26.30 0.10740
      749  5.925 -26.20 0.05570
      750  5.925 -26.10 0.02380
      751  5.925 -26.00 0.00870
      752  5.925 -25.90 0.00240
      753  5.925 -25.80 0.00050
      754  5.925 -25.70 0.00020
      755  5.925 -25.60 0.00000
      756  5.925 -25.50 0.00000
      757  5.925 -25.40 0.00000
      758  5.925 -25.30 0.00000
      759  5.925 -25.20 0.00000
      760  5.925 -25.10 0.00000
      761  5.925 -25.00 0.00000
      762  5.925 -24.90 0.00000
      763  5.925 -24.80 0.00000
      764  5.925 -24.70 0.00000
      765  5.925 -24.60 0.00000
      766  5.925 -24.50 0.00000
      767  5.925 -24.40 0.00000
      768  5.925 -24.30 0.00000
      769  5.925 -24.20 0.00000
      770  5.925 -24.10 0.00000
      771  5.925 -24.00 0.00000
      772  5.925 -23.90 0.00000
      773  5.925 -23.80 0.00000
      774  5.925 -23.70 0.00000
      775  5.925 -23.60 0.00000
      776  5.925 -23.50 0.00000
      777  5.925 -23.40 0.00000
      778  5.925 -23.30 0.00000
      779  5.925 -23.20 0.00000
      780  5.925 -23.10 0.00000
      781  5.925 -23.00 0.00000
      782  5.925 -22.90 0.00000
      783  5.925 -22.80 0.00000
      784  5.925 -22.70 0.00000
      785  5.925 -22.60 0.00000
      786  5.925 -22.50 0.00000
      787  5.925 -22.40 0.00000
      788  5.925 -22.30 0.00000
      789  5.925 -22.20 0.00000
      790  5.925 -22.10 0.00000
      791  5.925 -22.00 0.00000
      792  5.925 -21.90 0.00000
      793  5.925 -21.80 0.00000
      794  5.925 -21.70 0.00000
      795  5.925 -21.60 0.00000
      796  5.925 -21.50 0.00000
      797  5.925 -21.40 0.00000
      798  5.925 -21.30 0.00000
      799  5.925 -21.20 0.00000
      800  5.925 -21.10 0.00000
      801  5.950 -29.00 0.95250
      802  5.950 -28.90 0.95200
      803  5.950 -28.80 0.95270
      804  5.950 -28.70 0.95200
      805  5.950 -28.60 0.95200
      806  5.950 -28.50 0.95130
      807  5.950 -28.40 0.95090
      808  5.950 -28.30 0.95080
      809  5.950 -28.20 0.95020
      810  5.950 -28.10 0.94910
      811  5.950 -28.00 0.94800
      812  5.950 -27.90 0.94650
      813  5.950 -27.80 0.94620
      814  5.950 -27.70 0.94550
      815  5.950 -27.60 0.94250
      816  5.950 -27.50 0.94160
      817  5.950 -27.40 0.93820
      818  5.950 -27.30 0.93410
      819  5.950 -27.20 0.92550
      820  5.950 -27.10 0.90530
      821  5.950 -27.00 0.86680
      822  5.950 -26.90 0.79640
      823  5.950 -26.80 0.69430
      824  5.950 -26.70 0.57100
      825  5.950 -26.60 0.43580
      826  5.950 -26.50 0.30550
      827  5.950 -26.40 0.19650
      828  5.950 -26.30 0.11390
      829  5.950 -26.20 0.05780
      830  5.950 -26.10 0.02440
      831  5.950 -26.00 0.00910
      832  5.950 -25.90 0.00250
      833  5.950 -25.80 0.00050
      834  5.950 -25.70 0.00010
      835  5.950 -25.60 0.00000
      836  5.950 -25.50 0.00000
      837  5.950 -25.40 0.00000
      838  5.950 -25.30 0.00000
      839  5.950 -25.20 0.00000
      840  5.950 -25.10 0.00000
      841  5.950 -25.00 0.00000
      842  5.950 -24.90 0.00000
      843  5.950 -24.80 0.00000
      844  5.950 -24.70 0.00000
      845  5.950 -24.60 0.00000
      846  5.950 -24.50 0.00000
      847  5.950 -24.40 0.00000
      848  5.950 -24.30 0.00000
      849  5.950 -24.20 0.00000
      850  5.950 -24.10 0.00000
      851  5.950 -24.00 0.00000
      852  5.950 -23.90 0.00000
      853  5.950 -23.80 0.00000
      854  5.950 -23.70 0.00000
      855  5.950 -23.60 0.00000
      856  5.950 -23.50 0.00000
      857  5.950 -23.40 0.00000
      858  5.950 -23.30 0.00000
      859  5.950 -23.20 0.00000
      860  5.950 -23.10 0.00000
      861  5.950 -23.00 0.00000
      862  5.950 -22.90 0.00000
      863  5.950 -22.80 0.00000
      864  5.950 -22.70 0.00000
      865  5.950 -22.60 0.00000
      866  5.950 -22.50 0.00000
      867  5.950 -22.40 0.00000
      868  5.950 -22.30 0.00000
      869  5.950 -22.20 0.00000
      870  5.950 -22.10 0.00000
      871  5.950 -22.00 0.00000
      872  5.950 -21.90 0.00000
      873  5.950 -21.80 0.00000
      874  5.950 -21.70 0.00000
      875  5.950 -21.60 0.00000
      876  5.950 -21.50 0.00000
      877  5.950 -21.40 0.00000
      878  5.950 -21.30 0.00000
      879  5.950 -21.20 0.00000
      880  5.950 -21.10 0.00000
      881  5.975 -29.00 0.97020
      882  5.975 -28.90 0.97050
      883  5.975 -28.80 0.96990
      884  5.975 -28.70 0.96960
      885  5.975 -28.60 0.96850
      886  5.975 -28.50 0.96790
      887  5.975 -28.40 0.96700
      888  5.975 -28.30 0.96690
      889  5.975 -28.20 0.96640
      890  5.975 -28.10 0.96570
      891  5.975 -28.00 0.96500
      892  5.975 -27.90 0.96290
      893  5.975 -27.80 0.96110
      894  5.975 -27.70 0.95850
      895  5.975 -27.60 0.95640
      896  5.975 -27.50 0.95450
      897  5.975 -27.40 0.94990
      898  5.975 -27.30 0.94370
      899  5.975 -27.20 0.92930
      900  5.975 -27.10 0.90170
      901  5.975 -27.00 0.85260
      902  5.975 -26.90 0.77770
      903  5.975 -26.80 0.66970
      904  5.975 -26.70 0.53400
      905  5.975 -26.60 0.38780
      906  5.975 -26.50 0.25290
      907  5.975 -26.40 0.14440
      908  5.975 -26.30 0.07290
      909  5.975 -26.20 0.03120
      910  5.975 -26.10 0.01180
      911  5.975 -26.00 0.00340
      912  5.975 -25.90 0.00060
      913  5.975 -25.80 0.00010
      914  5.975 -25.70 0.00000
      915  5.975 -25.60 0.00000
      916  5.975 -25.50 0.00000
      917  5.975 -25.40 0.00000
      918  5.975 -25.30 0.00000
      919  5.975 -25.20 0.00000
      920  5.975 -25.10 0.00000
      921  5.975 -25.00 0.00000
      922  5.975 -24.90 0.00000
      923  5.975 -24.80 0.00000
      924  5.975 -24.70 0.00000
      925  5.975 -24.60 0.00000
      926  5.975 -24.50 0.00000
      927  5.975 -24.40 0.00000
      928  5.975 -24.30 0.00000
      929  5.975 -24.20 0.00000
      930  5.975 -24.10 0.00000
      931  5.975 -24.00 0.00000
      932  5.975 -23.90 0.00000
      933  5.975 -23.80 0.00000
      934  5.975 -23.70 0.00000
      935  5.975 -23.60 0.00000
      936  5.975 -23.50 0.00000
      937  5.975 -23.40 0.00000
      938  5.975 -23.30 0.00000
      939  5.975 -23.20 0.00000
      940  5.975 -23.10 0.00000
      941  5.975 -23.00 0.00000
      942  5.975 -22.90 0.00000
      943  5.975 -22.80 0.00000
      944  5.975 -22.70 0.00000
      945  5.975 -22.60 0.00000
      946  5.975 -22.50 0.00000
      947  5.975 -22.40 0.00000
      948  5.975 -22.30 0.00000
      949  5.975 -22.20 0.00000
      950  5.975 -22.10 0.00000
      951  5.975 -22.00 0.00000
      952  5.975 -21.90 0.00000
      953  5.975 -21.80 0.00000
      954  5.975 -21.70 0.00000
      955  5.975 -21.60 0.00000
      956  5.975 -21.50 0.00000
      957  5.975 -21.40 0.00000
      958  5.975 -21.30 0.00000
      959  5.975 -21.20 0.00000
      960  5.975 -21.10 0.00000
      961  6.000 -29.00 0.98180
      962  6.000 -28.90 0.98130
      963  6.000 -28.80 0.97980
      964  6.000 -28.70 0.98000
      965  6.000 -28.60 0.97940
      966  6.000 -28.50 0.97930
      967  6.000 -28.40 0.97840
      968  6.000 -28.30 0.97740
      969  6.000 -28.20 0.97590
      970  6.000 -28.10 0.97460
      971  6.000 -28.00 0.97390
      972  6.000 -27.90 0.97200
      973  6.000 -27.80 0.97070
      974  6.000 -27.70 0.96840
      975  6.000 -27.60 0.96490
      976  6.000 -27.50 0.96210
      977  6.000 -27.40 0.95670
      978  6.000 -27.30 0.94900
      979  6.000 -27.20 0.93070
      980  6.000 -27.10 0.90050
      981  6.000 -27.00 0.84590
      982  6.000 -26.90 0.76240
      983  6.000 -26.80 0.64990
      984  6.000 -26.70 0.51480
      985  6.000 -26.60 0.37100
      986  6.000 -26.50 0.24130
      987  6.000 -26.40 0.13920
      988  6.000 -26.30 0.07080
      989  6.000 -26.20 0.03010
      990  6.000 -26.10 0.01150
      991  6.000 -26.00 0.00310
      992  6.000 -25.90 0.00070
      993  6.000 -25.80 0.00010
      994  6.000 -25.70 0.00000
      995  6.000 -25.60 0.00000
      996  6.000 -25.50 0.00000
      997  6.000 -25.40 0.00000
      998  6.000 -25.30 0.00000
      999  6.000 -25.20 0.00000
     1000  6.000 -25.10 0.00000
     1001  6.000 -25.00 0.00000
     1002  6.000 -24.90 0.00000
     1003  6.000 -24.80 0.00000
     1004  6.000 -24.70 0.00000
     1005  6.000 -24.60 0.00000
     1006  6.000 -24.50 0.00000
     1007  6.000 -24.40 0.00000
     1008  6.000 -24.30 0.00000
     1009  6.000 -24.20 0.00000
     1010  6.000 -24.10 0.00000
     1011  6.000 -24.00 0.00000
     1012  6.000 -23.90 0.00000
     1013  6.000 -23.80 0.00000
     1014  6.000 -23.70 0.00000
     1015  6.000 -23.60 0.00000
     1016  6.000 -23.50 0.00000
     1017  6.000 -23.40 0.00000
     1018  6.000 -23.30 0.00000
     1019  6.000 -23.20 0.00000
     1020  6.000 -23.10 0.00000
     1021  6.000 -23.00 0.00000
     1022  6.000 -22.90 0.00000
     1023  6.000 -22.80 0.00000
     1024  6.000 -22.70 0.00000
     1025  6.000 -22.60 0.00000
     1026  6.000 -22.50 0.00000
     1027  6.000 -22.40 0.00000
     1028  6.000 -22.30 0.00000
     1029  6.000 -22.20 0.00000
     1030  6.000 -22.10 0.00000
     1031  6.000 -22.00 0.00000
     1032  6.000 -21.90 0.00000
     1033  6.000 -21.80 0.00000
     1034  6.000 -21.70 0.00000
     1035  6.000 -21.60 0.00000
     1036  6.000 -21.50 0.00000
     1037  6.000 -21.40 0.00000
     1038  6.000 -21.30 0.00000
     1039  6.000 -21.20 0.00000
     1040  6.000 -21.10 0.00000
     1041  6.025 -29.00 0.95630
     1042  6.025 -28.90 0.95600
     1043  6.025 -28.80 0.95540
     1044  6.025 -28.70 0.95540
     1045  6.025 -28.60 0.95490
     1046  6.025 -28.50 0.95330
     1047  6.025 -28.40 0.95330
     1048  6.025 -28.30 0.95320
     1049  6.025 -28.20 0.95060
     1050  6.025 -28.10 0.94990
     1051  6.025 -28.00 0.94830
     1052  6.025 -27.90 0.94800
     1053  6.025 -27.80 0.94400
     1054  6.025 -27.70 0.94180
     1055  6.025 -27.60 0.93880
     1056  6.025 -27.50 0.93440
     1057  6.025 -27.40 0.92760
     1058  6.025 -27.30 0.91310
     1059  6.025 -27.20 0.88240
     1060  6.025 -27.10 0.82690
     1061  6.025 -27.00 0.74520
     1062  6.025 -26.90 0.63730
     1063  6.025 -26.80 0.51280
     1064  6.025 -26.70 0.38240
     1065  6.025 -26.60 0.26040
     1066  6.025 -26.50 0.15740
     1067  6.025 -26.40 0.08320
     1068  6.025 -26.30 0.03700
     1069  6.025 -26.20 0.01320
     1070  6.025 -26.10 0.00340
     1071  6.025 -26.00 0.00070
     1072  6.025 -25.90 0.00010
     1073  6.025 -25.80 0.00000
     1074  6.025 -25.70 0.00000
     1075  6.025 -25.60 0.00000
     1076  6.025 -25.50 0.00000
     1077  6.025 -25.40 0.00000
     1078  6.025 -25.30 0.00000
     1079  6.025 -25.20 0.00000
     1080  6.025 -25.10 0.00000
     1081  6.025 -25.00 0.00000
     1082  6.025 -24.90 0.00000
     1083  6.025 -24.80 0.00000
     1084  6.025 -24.70 0.00000
     1085  6.025 -24.60 0.00000
     1086  6.025 -24.50 0.00000
     1087  6.025 -24.40 0.00000
     1088  6.025 -24.30 0.00000
     1089  6.025 -24.20 0.00000
     1090  6.025 -24.10 0.00000
     1091  6.025 -24.00 0.00000
     1092  6.025 -23.90 0.00000
     1093  6.025 -23.80 0.00000
     1094  6.025 -23.70 0.00000
     1095  6.025 -23.60 0.00000
     1096  6.025 -23.50 0.00000
     1097  6.025 -23.40 0.00000
     1098  6.025 -23.30 0.00000
     1099  6.025 -23.20 0.00000
     1100  6.025 -23.10 0.00000
     1101  6.025 -23.00 0.00000
     1102  6.025 -22.90 0.00000
     1103  6.025 -22.80 0.00000
     1104  6.025 -22.70 0.00000
     1105  6.025 -22.60 0.00000
     1106  6.025 -22.50 0.00000
     1107  6.025 -22.40 0.00000
     1108  6.025 -22.30 0.00000
     1109  6.025 -22.20 0.00000
     1110  6.025 -22.10 0.00000
     1111  6.025 -22.00 0.00000
     1112  6.025 -21.90 0.00000
     1113  6.025 -21.80 0.00000
     1114  6.025 -21.70 0.00000
     1115  6.025 -21.60 0.00000
     1116  6.025 -21.50 0.00000
     1117  6.025 -21.40 0.00000
     1118  6.025 -21.30 0.00000
     1119  6.025 -21.20 0.00000
     1120  6.025 -21.10 0.00000
     1121  6.050 -29.00 0.95880
     1122  6.050 -28.90 0.95830
     1123  6.050 -28.80 0.95870
     1124  6.050 -28.70 0.95690
     1125  6.050 -28.60 0.95640
     1126  6.050 -28.50 0.95610
     1127  6.050 -28.40 0.95440
     1128  6.050 -28.30 0.95260
     1129  6.050 -28.20 0.95200
     1130  6.050 -28.10 0.94950
     1131  6.050 -28.00 0.94890
     1132  6.050 -27.90 0.94600
     1133  6.050 -27.80 0.94330
     1134  6.050 -27.70 0.94140
     1135  6.050 -27.60 0.93610
     1136  6.050 -27.50 0.93100
     1137  6.050 -27.40 0.92080
     1138  6.050 -27.30 0.90150
     1139  6.050 -27.20 0.86660
     1140  6.050 -27.10 0.80370
     1141  6.050 -27.00 0.71150
     1142  6.050 -26.90 0.59340
     1143  6.050 -26.80 0.45660
     1144  6.050 -26.70 0.32270
     1145  6.050 -26.60 0.20710
     1146  6.050 -26.50 0.11860
     1147  6.050 -26.40 0.06230
     1148  6.050 -26.30 0.02900
     1149  6.050 -26.20 0.01130
     1150  6.050 -26.10 0.00380
     1151  6.050 -26.00 0.00100
     1152  6.050 -25.90 0.00010
     1153  6.050 -25.80 0.00000
     1154  6.050 -25.70 0.00000
     1155  6.050 -25.60 0.00000
     1156  6.050 -25.50 0.00000
     1157  6.050 -25.40 0.00000
     1158  6.050 -25.30 0.00000
     1159  6.050 -25.20 0.00000
     1160  6.050 -25.10 0.00000
     1161  6.050 -25.00 0.00000
     1162  6.050 -24.90 0.00000
     1163  6.050 -24.80 0.00000
     1164  6.050 -24.70 0.00000
     1165  6.050 -24.60 0.00000
     1166  6.050 -24.50 0.00000
     1167  6.050 -24.40 0.00000
     1168  6.050 -24.30 0.00000
     1169  6.050 -24.20 0.00000
     1170  6.050 -24.10 0.00000
     1171  6.050 -24.00 0.00000
     1172  6.050 -23.90 0.00000
     1173  6.050 -23.80 0.00000
     1174  6.050 -23.70 0.00000
     1175  6.050 -23.60 0.00000
     1176  6.050 -23.50 0.00000
     1177  6.050 -23.40 0.00000
     1178  6.050 -23.30 0.00000
     1179  6.050 -23.20 0.00000
     1180  6.050 -23.10 0.00000
     1181  6.050 -23.00 0.00000
     1182  6.050 -22.90 0.00000
     1183  6.050 -22.80 0.00000
     1184  6.050 -22.70 0.00000
     1185  6.050 -22.60 0.00000
     1186  6.050 -22.50 0.00000
     1187  6.050 -22.40 0.00000
     1188  6.050 -22.30 0.00000
     1189  6.050 -22.20 0.00000
     1190  6.050 -22.10 0.00000
     1191  6.050 -22.00 0.00000
     1192  6.050 -21.90 0.00000
     1193  6.050 -21.80 0.00000
     1194  6.050 -21.70 0.00000
     1195  6.050 -21.60 0.00000
     1196  6.050 -21.50 0.00000
     1197  6.050 -21.40 0.00000
     1198  6.050 -21.30 0.00000
     1199  6.050 -21.20 0.00000
     1200  6.050 -21.10 0.00000
     1201  6.075 -29.00 0.94110
     1202  6.075 -28.90 0.94120
     1203  6.075 -28.80 0.93990
     1204  6.075 -28.70 0.94040
     1205  6.075 -28.60 0.93890
     1206  6.075 -28.50 0.93760
     1207  6.075 -28.40 0.93710
     1208  6.075 -28.30 0.93640
     1209  6.075 -28.20 0.93530
     1210  6.075 -28.10 0.93350
     1211  6.075 -28.00 0.93180
     1212  6.075 -27.90 0.92970
     1213  6.075 -27.80 0.92740
     1214  6.075 -27.70 0.92370
     1215  6.075 -27.60 0.92100
     1216  6.075 -27.50 0.91650
     1217  6.075 -27.40 0.90590
     1218  6.075 -27.30 0.88250
     1219  6.075 -27.20 0.84360
     1220  6.075 -27.10 0.77950
     1221  6.075 -27.00 0.68160
     1222  6.075 -26.90 0.56640
     1223  6.075 -26.80 0.43740
     1224  6.075 -26.70 0.30760
     1225  6.075 -26.60 0.19680
     1226  6.075 -26.50 0.11230
     1227  6.075 -26.40 0.05630
     1228  6.075 -26.30 0.02320
     1229  6.075 -26.20 0.00770
     1230  6.075 -26.10 0.00220
     1231  6.075 -26.00 0.00040
     1232  6.075 -25.90 0.00010
     1233  6.075 -25.80 0.00000
     1234  6.075 -25.70 0.00000
     1235  6.075 -25.60 0.00000
     1236  6.075 -25.50 0.00000
     1237  6.075 -25.40 0.00000
     1238  6.075 -25.30 0.00000
     1239  6.075 -25.20 0.00000
     1240  6.075 -25.10 0.00000
     1241  6.075 -25.00 0.00000
     1242  6.075 -24.90 0.00000
     1243  6.075 -24.80 0.00000
     1244  6.075 -24.70 0.00000
     1245  6.075 -24.60 0.00000
     1246  6.075 -24.50 0.00000
     1247  6.075 -24.40 0.00000
     1248  6.075 -24.30 0.00000
     1249  6.075 -24.20 0.00000
     1250  6.075 -24.10 0.00000
     1251  6.075 -24.00 0.00000
     1252  6.075 -23.90 0.00000
     1253  6.075 -23.80 0.00000
     1254  6.075 -23.70 0.00000
     1255  6.075 -23.60 0.00000
     1256  6.075 -23.50 0.00000
     1257  6.075 -23.40 0.00000
     1258  6.075 -23.30 0.00000
     1259  6.075 -23.20 0.00000
     1260  6.075 -23.10 0.00000
     1261  6.075 -23.00 0.00000
     1262  6.075 -22.90 0.00000
     1263  6.075 -22.80 0.00000
     1264  6.075 -22.70 0.00000
     1265  6.075 -22.60 0.00000
     1266  6.075 -22.50 0.00000
     1267  6.075 -22.40 0.00000
     1268  6.075 -22.30 0.00000
     1269  6.075 -22.20 0.00000
     1270  6.075 -22.10 0.00000
     1271  6.075 -22.00 0.00000
     1272  6.075 -21.90 0.00000
     1273  6.075 -21.80 0.00000
     1274  6.075 -21.70 0.00000
     1275  6.075 -21.60 0.00000
     1276  6.075 -21.50 0.00000
     1277  6.075 -21.40 0.00000
     1278  6.075 -21.30 0.00000
     1279  6.075 -21.20 0.00000
     1280  6.075 -21.10 0.00000
     1281  6.100 -29.00 0.94170
     1282  6.100 -28.90 0.94200
     1283  6.100 -28.80 0.94190
     1284  6.100 -28.70 0.94080
     1285  6.100 -28.60 0.94110
     1286  6.100 -28.50 0.93960
     1287  6.100 -28.40 0.93940
     1288  6.100 -28.30 0.93800
     1289  6.100 -28.20 0.93790
     1290  6.100 -28.10 0.93640
     1291  6.100 -28.00 0.93530
     1292  6.100 -27.90 0.93360
     1293  6.100 -27.80 0.93060
     1294  6.100 -27.70 0.92900
     1295  6.100 -27.60 0.92390
     1296  6.100 -27.50 0.91530
     1297  6.100 -27.40 0.89970
     1298  6.100 -27.30 0.86960
     1299  6.100 -27.20 0.81750
     1300  6.100 -27.10 0.74390
     1301  6.100 -27.00 0.64300
     1302  6.100 -26.90 0.51810
     1303  6.100 -26.80 0.38230
     1304  6.100 -26.70 0.25640
     1305  6.100 -26.60 0.15050
     1306  6.100 -26.50 0.07780
     1307  6.100 -26.40 0.03420
     1308  6.100 -26.30 0.01270
     1309  6.100 -26.20 0.00410
     1310  6.100 -26.10 0.00100
     1311  6.100 -26.00 0.00020
     1312  6.100 -25.90 0.00000
     1313  6.100 -25.80 0.00000
     1314  6.100 -25.70 0.00000
     1315  6.100 -25.60 0.00000
     1316  6.100 -25.50 0.00000
     1317  6.100 -25.40 0.00000
     1318  6.100 -25.30 0.00000
     1319  6.100 -25.20 0.00000
     1320  6.100 -25.10 0.00000
     1321  6.100 -25.00 0.00000
     1322  6.100 -24.90 0.00000
     1323  6.100 -24.80 0.00000
     1324  6.100 -24.70 0.00000
     1325  6.100 -24.60 0.00000
     1326  6.100 -24.50 0.00000
     1327  6.100 -24.40 0.00000
     1328  6.100 -24.30 0.00000
     1329  6.100 -24.20 0.00000
     1330  6.100 -24.10 0.00000
     1331  6.100 -24.00 0.00000
     1332  6.100 -23.90 0.00000
     1333  6.100 -23.80 0.00000
     1334  6.100 -23.70 0.00000
     1335  6.100 -23.60 0.00000
     1336  6.100 -23.50 0.00000
     1337  6.100 -23.40 0.00000
     1338  6.100 -23.30 0.00000
     1339  6.100 -23.20 0.00000
     1340  6.100 -23.10 0.00000
     1341  6.100 -23.00 0.00000
     1342  6.100 -22.90 0.00000
     1343  6.100 -22.80 0.00000
     1344  6.100 -22.70 0.00000
     1345  6.100 -22.60 0.00000
     1346  6.100 -22.50 0.00000
     1347  6.100 -22.40 0.00000
     1348  6.100 -22.30 0.00000
     1349  6.100 -22.20 0.00000
     1350  6.100 -22.10 0.00000
     1351  6.100 -22.00 0.00000
     1352  6.100 -21.90 0.00000
     1353  6.100 -21.80 0.00000
     1354  6.100 -21.70 0.00000
     1355  6.100 -21.60 0.00000
     1356  6.100 -21.50 0.00000
     1357  6.100 -21.40 0.00000
     1358  6.100 -21.30 0.00000
     1359  6.100 -21.20 0.00000
     1360  6.100 -21.10 0.00000
     1361  6.125 -29.00 0.93900
     1362  6.125 -28.90 0.93880
     1363  6.125 -28.80 0.93830
     1364  6.125 -28.70 0.93810
     1365  6.125 -28.60 0.93750
     1366  6.125 -28.50 0.93690
     1367  6.125 -28.40 0.93680
     1368  6.125 -28.30 0.93530
     1369  6.125 -28.20 0.93540
     1370  6.125 -28.10 0.93360
     1371  6.125 -28.00 0.93310
     1372  6.125 -27.90 0.93090
     1373  6.125 -27.80 0.92880
     1374  6.125 -27.70 0.92450
     1375  6.125 -27.60 0.92220
     1376  6.125 -27.50 0.91370
     1377  6.125 -27.40 0.89280
     1378  6.125 -27.30 0.85180
     1379  6.125 -27.20 0.78100
     1380  6.125 -27.10 0.68330
     1381  6.125 -27.00 0.56710
     1382  6.125 -26.90 0.43580
     1383  6.125 -26.80 0.31000
     1384  6.125 -26.70 0.19710
     1385  6.125 -26.60 0.11220
     1386  6.125 -26.50 0.05430
     1387  6.125 -26.40 0.02170
     1388  6.125 -26.30 0.00680
     1389  6.125 -26.20 0.00200
     1390  6.125 -26.10 0.00030
     1391  6.125 -26.00 0.00000
     1392  6.125 -25.90 0.00000
     1393  6.125 -25.80 0.00000
     1394  6.125 -25.70 0.00000
     1395  6.125 -25.60 0.00000
     1396  6.125 -25.50 0.00000
     1397  6.125 -25.40 0.00000
     1398  6.125 -25.30 0.00000
     1399  6.125 -25.20 0.00000
     1400  6.125 -25.10 0.00000
     1401  6.125 -25.00 0.00000
     1402  6.125 -24.90 0.00000
     1403  6.125 -24.80 0.00000
     1404  6.125 -24.70 0.00000
     1405  6.125 -24.60 0.00000
     1406  6.125 -24.50 0.00000
     1407  6.125 -24.40 0.00000
     1408  6.125 -24.30 0.00000
     1409  6.125 -24.20 0.00000
     1410  6.125 -24.10 0.00000
     1411  6.125 -24.00 0.00000
     1412  6.125 -23.90 0.00000
     1413  6.125 -23.80 0.00000
     1414  6.125 -23.70 0.00000
     1415  6.125 -23.60 0.00000
     1416  6.125 -23.50 0.00000
     1417  6.125 -23.40 0.00000
     1418  6.125 -23.30 0.00000
     1419  6.125 -23.20 0.00000
     1420  6.125 -23.10 0.00000
     1421  6.125 -23.00 0.00000
     1422  6.125 -22.90 0.00000
     1423  6.125 -22.80 0.00000
     1424  6.125 -22.70 0.00000
     1425  6.125 -22.60 0.00000
     1426  6.125 -22.50 0.00000
     1427  6.125 -22.40 0.00000
     1428  6.125 -22.30 0.00000
     1429  6.125 -22.20 0.00000
     1430  6.125 -22.10 0.00000
     1431  6.125 -22.00 0.00000
     1432  6.125 -21.90 0.00000
     1433  6.125 -21.80 0.00000
     1434  6.125 -21.70 0.00000
     1435  6.125 -21.60 0.00000
     1436  6.125 -21.50 0.00000
     1437  6.125 -21.40 0.00000
     1438  6.125 -21.30 0.00000
     1439  6.125 -21.20 0.00000
     1440  6.125 -21.10 0.00000
     1441  6.150 -29.00 0.93870
     1442  6.150 -28.90 0.93810
     1443  6.150 -28.80 0.93780
     1444  6.150 -28.70 0.93730
     1445  6.150 -28.60 0.93640
     1446  6.150 -28.50 0.93470
     1447  6.150 -28.40 0.93450
     1448  6.150 -28.30 0.93250
     1449  6.150 -28.20 0.93190
     1450  6.150 -28.10 0.92890
     1451  6.150 -28.00 0.92750
     1452  6.150 -27.90 0.92500
     1453  6.150 -27.80 0.92070
     1454  6.150 -27.70 0.91700
     1455  6.150 -27.60 0.91000
     1456  6.150 -27.50 0.89750
     1457  6.150 -27.40 0.87210
     1458  6.150 -27.30 0.82150
     1459  6.150 -27.20 0.73860
     1460  6.150 -27.10 0.61570
     1461  6.150 -27.00 0.46550
     1462  6.150 -26.90 0.31670
     1463  6.150 -26.80 0.19240
     1464  6.150 -26.70 0.10100
     1465  6.150 -26.60 0.04920
     1466  6.150 -26.50 0.02050
     1467  6.150 -26.40 0.00780
     1468  6.150 -26.30 0.00260
     1469  6.150 -26.20 0.00070
     1470  6.150 -26.10 0.00020
     1471  6.150 -26.00 0.00000
     1472  6.150 -25.90 0.00000
     1473  6.150 -25.80 0.00000
     1474  6.150 -25.70 0.00000
     1475  6.150 -25.60 0.00000
     1476  6.150 -25.50 0.00000
     1477  6.150 -25.40 0.00000
     1478  6.150 -25.30 0.00000
     1479  6.150 -25.20 0.00000
     1480  6.150 -25.10 0.00000
     1481  6.150 -25.00 0.00000
     1482  6.150 -24.90 0.00000
     1483  6.150 -24.80 0.00000
     1484  6.150 -24.70 0.00000
     1485  6.150 -24.60 0.00000
     1486  6.150 -24.50 0.00000
     1487  6.150 -24.40 0.00000
     1488  6.150 -24.30 0.00000
     1489  6.150 -24.20 0.00000
     1490  6.150 -24.10 0.00000
     1491  6.150 -24.00 0.00000
     1492  6.150 -23.90 0.00000
     1493  6.150 -23.80 0.00000
     1494  6.150 -23.70 0.00000
     1495  6.150 -23.60 0.00000
     1496  6.150 -23.50 0.00000
     1497  6.150 -23.40 0.00000
     1498  6.150 -23.30 0.00000
     1499  6.150 -23.20 0.00000
     1500  6.150 -23.10 0.00000
     1501  6.150 -23.00 0.00000
     1502  6.150 -22.90 0.00000
     1503  6.150 -22.80 0.00000
     1504  6.150 -22.70 0.00000
     1505  6.150 -22.60 0.00000
     1506  6.150 -22.50 0.00000
     1507  6.150 -22.40 0.00000
     1508  6.150 -22.30 0.00000
     1509  6.150 -22.20 0.00000
     1510  6.150 -22.10 0.00000
     1511  6.150 -22.00 0.00000
     1512  6.150 -21.90 0.00000
     1513  6.150 -21.80 0.00000
     1514  6.150 -21.70 0.00000
     1515  6.150 -21.60 0.00000
     1516  6.150 -21.50 0.00000
     1517  6.150 -21.40 0.00000
     1518  6.150 -21.30 0.00000
     1519  6.150 -21.20 0.00000
     1520  6.150 -21.10 0.00000
     1521  6.175 -29.00 0.89870
     1522  6.175 -28.90 0.89920
     1523  6.175 -28.80 0.89850
     1524  6.175 -28.70 0.89660
     1525  6.175 -28.60 0.89770
     1526  6.175 -28.50 0.89620
     1527  6.175 -28.40 0.89570
     1528  6.175 -28.30 0.89570
     1529  6.175 -28.20 0.89420
     1530  6.175 -28.10 0.89320
     1531  6.175 -28.00 0.89000
     1532  6.175 -27.90 0.88790
     1533  6.175 -27.80 0.88410
     1534  6.175 -27.70 0.88240
     1535  6.175 -27.60 0.87550
     1536  6.175 -27.50 0.86010
     1537  6.175 -27.40 0.83000
     1538  6.175 -27.30 0.77280
     1539  6.175 -27.20 0.68480
     1540  6.175 -27.10 0.56840
     1541  6.175 -27.00 0.43640
     1542  6.175 -26.90 0.30600
     1543  6.175 -26.80 0.19300
     1544  6.175 -26.70 0.10670
     1545  6.175 -26.60 0.05180
     1546  6.175 -26.50 0.02080
     1547  6.175 -26.40 0.00620
     1548  6.175 -26.30 0.00140
     1549  6.175 -26.20 0.00020
     1550  6.175 -26.10 0.00000
     1551  6.175 -26.00 0.00000
     1552  6.175 -25.90 0.00000
     1553  6.175 -25.80 0.00000
     1554  6.175 -25.70 0.00000
     1555  6.175 -25.60 0.00000
     1556  6.175 -25.50 0.00000
     1557  6.175 -25.40 0.00000
     1558  6.175 -25.30 0.00000
     1559  6.175 -25.20 0.00000
     1560  6.175 -25.10 0.00000
     1561  6.175 -25.00 0.00000
     1562  6.175 -24.90 0.00000
     1563  6.175 -24.80 0.00000
     1564  6.175 -24.70 0.00000
     1565  6.175 -24.60 0.00000
     1566  6.175 -24.50 0.00000
     1567  6.175 -24.40 0.00000
     1568  6.175 -24.30 0.00000
     1569  6.175 -24.20 0.00000
     1570  6.175 -24.10 0.00000
     1571  6.175 -24.00 0.00000
     1572  6.175 -23.90 0.00000
     1573  6.175 -23.80 0.00000
     1574  6.175 -23.70 0.00000
     1575  6.175 -23.60 0.00000
     1576  6.175 -23.50 0.00000
     1577  6.175 -23.40 0.00000
     1578  6.175 -23.30 0.00000
     1579  6.175 -23.20 0.00000
     1580  6.175 -23.10 0.00000
     1581  6.175 -23.00 0.00000
     1582  6.175 -22.90 0.00000
     1583  6.175 -22.80 0.00000
     1584  6.175 -22.70 0.00000
     1585  6.175 -22.60 0.00000
     1586  6.175 -22.50 0.00000
     1587  6.175 -22.40 0.00000
     1588  6.175 -22.30 0.00000
     1589  6.175 -22.20 0.00000
     1590  6.175 -22.10 0.00000
     1591  6.175 -22.00 0.00000
     1592  6.175 -21.90 0.00000
     1593  6.175 -21.80 0.00000
     1594  6.175 -21.70 0.00000
     1595  6.175 -21.60 0.00000
     1596  6.175 -21.50 0.00000
     1597  6.175 -21.40 0.00000
     1598  6.175 -21.30 0.00000
     1599  6.175 -21.20 0.00000
     1600  6.175 -21.10 0.00000
     1601  6.200 -29.00 0.84840
     1602  6.200 -28.90 0.85040
     1603  6.200 -28.80 0.84840
     1604  6.200 -28.70 0.84980
     1605  6.200 -28.60 0.84820
     1606  6.200 -28.50 0.84680
     1607  6.200 -28.40 0.84690
     1608  6.200 -28.30 0.84640
     1609  6.200 -28.20 0.84450
     1610  6.200 -28.10 0.84390
     1611  6.200 -28.00 0.84380
     1612  6.200 -27.90 0.84110
     1613  6.200 -27.80 0.83910
     1614  6.200 -27.70 0.83500
     1615  6.200 -27.60 0.82620
     1616  6.200 -27.50 0.80570
     1617  6.200 -27.40 0.77170
     1618  6.200 -27.30 0.71550
     1619  6.200 -27.20 0.63400
     1620  6.200 -27.10 0.52770
     1621  6.200 -27.00 0.40790
     1622  6.200 -26.90 0.29350
     1623  6.200 -26.80 0.19030
     1624  6.200 -26.70 0.11090
     1625  6.200 -26.60 0.05720
     1626  6.200 -26.50 0.02440
     1627  6.200 -26.40 0.00810
     1628  6.200 -26.30 0.00230
     1629  6.200 -26.20 0.00040
     1630  6.200 -26.10 0.00000
     1631  6.200 -26.00 0.00000
     1632  6.200 -25.90 0.00000
     1633  6.200 -25.80 0.00000
     1634  6.200 -25.70 0.00000
     1635  6.200 -25.60 0.00000
     1636  6.200 -25.50 0.00000
     1637  6.200 -25.40 0.00000
     1638  6.200 -25.30 0.00000
     1639  6.200 -25.20 0.00000
     1640  6.200 -25.10 0.00000
     1641  6.200 -25.00 0.00000
     1642  6.200 -24.90 0.00000
     1643  6.200 -24.80 0.00000
     1644  6.200 -24.70 0.00000
     1645  6.200 -24.60 0.00000
     1646  6.200 -24.50 0.00000
     1647  6.200 -24.40 0.00000
     1648  6.200 -24.30 0.00000
     1649  6.200 -24.20 0.00000
     1650  6.200 -24.10 0.00000
     1651  6.200 -24.00 0.00000
     1652  6.200 -23.90 0.00000
     1653  6.200 -23.80 0.00000
     1654  6.200 -23.70 0.00000
     1655  6.200 -23.60 0.00000
     1656  6.200 -23.50 0.00000
     1657  6.200 -23.40 0.00000
     1658  6.200 -23.30 0.00000
     1659  6.200 -23.20 0.00000
     1660  6.200 -23.10 0.00000
     1661  6.200 -23.00 0.00000
     1662  6.200 -22.90 0.00000
     1663  6.200 -22.80 0.00000
     1664  6.200 -22.70 0.00000
     1665  6.200 -22.60 0.00000
     1666  6.200 -22.50 0.00000
     1667  6.200 -22.40 0.00000
     1668  6.200 -22.30 0.00000
     1669  6.200 -22.20 0.00000
     1670  6.200 -22.10 0.00000
     1671  6.200 -22.00 0.00000
     1672  6.200 -21.90 0.00000
     1673  6.200 -21.80 0.00000
     1674  6.200 -21.70 0.00000
     1675  6.200 -21.60 0.00000
     1676  6.200 -21.50 0.00000
     1677  6.200 -21.40 0.00000
     1678  6.200 -21.30 0.00000
     1679  6.200 -21.20 0.00000
     1680  6.200 -21.10 0.00000
     1681  6.225 -29.00 0.81740
     1682  6.225 -28.90 0.81900
     1683  6.225 -28.80 0.81840
     1684  6.225 -28.70 0.81680
     1685  6.225 -28.60 0.81750
     1686  6.225 -28.50 0.81550
     1687  6.225 -28.40 0.81580
     1688  6.225 -28.30 0.81380
     1689  6.225 -28.20 0.81320
     1690  6.225 -28.10 0.81280
     1691  6.225 -28.00 0.80960
     1692  6.225 -27.90 0.80810
     1693  6.225 -27.80 0.80370
     1694  6.225 -27.70 0.79830
     1695  6.225 -27.60 0.78700
     1696  6.225 -27.50 0.76260
     1697  6.225 -27.40 0.71350
     1698  6.225 -27.30 0.63770
     1699  6.225 -27.20 0.52790
     1700  6.225 -27.10 0.40970
     1701  6.225 -27.00 0.29050
     1702  6.225 -26.90 0.18730
     1703  6.225 -26.80 0.11090
     1704  6.225 -26.70 0.05990
     1705  6.225 -26.60 0.02990
     1706  6.225 -26.50 0.01300
     1707  6.225 -26.40 0.00520
     1708  6.225 -26.30 0.00160
     1709  6.225 -26.20 0.00030
     1710  6.225 -26.10 0.00010
     1711  6.225 -26.00 0.00000
     1712  6.225 -25.90 0.00000
     1713  6.225 -25.80 0.00000
     1714  6.225 -25.70 0.00000
     1715  6.225 -25.60 0.00000
     1716  6.225 -25.50 0.00000
     1717  6.225 -25.40 0.00000
     1718  6.225 -25.30 0.00000
     1719  6.225 -25.20 0.00000
     1720  6.225 -25.10 0.00000
     1721  6.225 -25.00 0.00000
     1722  6.225 -24.90 0.00000
     1723  6.225 -24.80 0.00000
     1724  6.225 -24.70 0.00000
     1725  6.225 -24.60 0.00000
     1726  6.225 -24.50 0.00000
     1727  6.225 -24.40 0.00000
     1728  6.225 -24.30 0.00000
     1729  6.225 -24.20 0.00000
     1730  6.225 -24.10 0.00000
     1731  6.225 -24.00 0.00000
     1732  6.225 -23.90 0.00000
     1733  6.225 -23.80 0.00000
     1734  6.225 -23.70 0.00000
     1735  6.225 -23.60 0.00000
     1736  6.225 -23.50 0.00000
     1737  6.225 -23.40 0.00000
     1738  6.225 -23.30 0.00000
     1739  6.225 -23.20 0.00000
     1740  6.225 -23.10 0.00000
     1741  6.225 -23.00 0.00000
     1742  6.225 -22.90 0.00000
     1743  6.225 -22.80 0.00000
     1744  6.225 -22.70 0.00000
     1745  6.225 -22.60 0.00000
     1746  6.225 -22.50 0.00000
     1747  6.225 -22.40 0.00000
     1748  6.225 -22.30 0.00000
     1749  6.225 -22.20 0.00000
     1750  6.225 -22.10 0.00000
     1751  6.225 -22.00 0.00000
     1752  6.225 -21.90 0.00000
     1753  6.225 -21.80 0.00000
     1754  6.225 -21.70 0.00000
     1755  6.225 -21.60 0.00000
     1756  6.225 -21.50 0.00000
     1757  6.225 -21.40 0.00000
     1758  6.225 -21.30 0.00000
     1759  6.225 -21.20 0.00000
     1760  6.225 -21.10 0.00000
     1761  6.250 -29.00 0.83830
     1762  6.250 -28.90 0.83790
     1763  6.250 -28.80 0.83640
     1764  6.250 -28.70 0.83760
     1765  6.250 -28.60 0.83630
     1766  6.250 -28.50 0.83550
     1767  6.250 -28.40 0.83390
     1768  6.250 -28.30 0.83530
     1769  6.250 -28.20 0.83370
     1770  6.250 -28.10 0.83330
     1771  6.250 -28.00 0.83080
     1772  6.250 -27.90 0.82820
     1773  6.250 -27.80 0.82530
     1774  6.250 -27.70 0.81840
     1775  6.250 -27.60 0.80430
     1776  6.250 -27.50 0.77150
     1777  6.250 -27.40 0.71420
     1778  6.250 -27.30 0.62250
     1779  6.250 -27.20 0.50460
     1780  6.250 -27.10 0.37380
     1781  6.250 -27.00 0.24570
     1782  6.250 -26.90 0.14360
     1783  6.250 -26.80 0.07200
     1784  6.250 -26.70 0.03070
     1785  6.250 -26.60 0.01040
     1786  6.250 -26.50 0.00270
     1787  6.250 -26.40 0.00060
     1788  6.250 -26.30 0.00010
     1789  6.250 -26.20 0.00000
     1790  6.250 -26.10 0.00000
     1791  6.250 -26.00 0.00000
     1792  6.250 -25.90 0.00000
     1793  6.250 -25.80 0.00000
     1794  6.250 -25.70 0.00000
     1795  6.250 -25.60 0.00000
     1796  6.250 -25.50 0.00000
     1797  6.250 -25.40 0.00000
     1798  6.250 -25.30 0.00000
     1799  6.250 -25.20 0.00000
     1800  6.250 -25.10 0.00000
     1801  6.250 -25.00 0.00000
     1802  6.250 -24.90 0.00000
     1803  6.250 -24.80 0.00000
     1804  6.250 -24.70 0.00000
     1805  6.250 -24.60 0.00000
     1806  6.250 -24.50 0.00000
     1807  6.250 -24.40 0.00000
     1808  6.250 -24.30 0.00000
     1809  6.250 -24.20 0.00000
     1810  6.250 -24.10 0.00000
     1811  6.250 -24.00 0.00000
     1812  6.250 -23.90 0.00000
     1813  6.250 -23.80 0.00000
     1814  6.250 -23.70 0.00000
     1815  6.250 -23.60 0.00000
     1816  6.250 -23.50 0.00000
     1817  6.250 -23.40 0.00000
     1818  6.250 -23.30 0.00000
     1819  6.250 -23.20 0.00000
     1820  6.250 -23.10 0.00000
     1821  6.250 -23.00 0.00000
     1822  6.250 -22.90 0.00000
     1823  6.250 -22.80 0.00000
     1824  6.250 -22.70 0.00000
     1825  6.250 -22.60 0.00000
     1826  6.250 -22.50 0.00000
     1827  6.250 -22.40 0.00000
     1828  6.250 -22.30 0.00000
     1829  6.250 -22.20 0.00000
     1830  6.250 -22.10 0.00000
     1831  6.250 -22.00 0.00000
     1832  6.250 -21.90 0.00000
     1833  6.250 -21.80 0.00000
     1834  6.250 -21.70 0.00000
     1835  6.250 -21.60 0.00000
     1836  6.250 -21.50 0.00000
     1837  6.250 -21.40 0.00000
     1838  6.250 -21.30 0.00000
     1839  6.250 -21.20 0.00000
     1840  6.250 -21.10 0.00000
     1841  6.275 -29.00 0.78860
     1842  6.275 -28.90 0.78820
     1843  6.275 -28.80 0.78710
     1844  6.275 -28.70 0.78620
     1845  6.275 -28.60 0.78680
     1846  6.275 -28.50 0.78760
     1847  6.275 -28.40 0.78420
     1848  6.275 -28.30 0.78480
     1849  6.275 -28.20 0.78500
     1850  6.275 -28.10 0.78360
     1851  6.275 -28.00 0.78060
     1852  6.275 -27.90 0.77740
     1853  6.275 -27.80 0.77340
     1854  6.275 -27.70 0.76380
     1855  6.275 -27.60 0.74500
     1856  6.275 -27.50 0.70800
     1857  6.275 -27.40 0.64180
     1858  6.275 -27.30 0.54590
     1859  6.275 -27.20 0.42820
     1860  6.275 -27.10 0.30680
     1861  6.275 -27.00 0.19720
     1862  6.275 -26.90 0.11360
     1863  6.275 -26.80 0.05540
     1864  6.275 -26.70 0.02410
     1865  6.275 -26.60 0.00850
     1866  6.275 -26.50 0.00210
     1867  6.275 -26.40 0.00030
     1868  6.275 -26.30 0.00000
     1869  6.275 -26.20 0.00000
     1870  6.275 -26.10 0.00000
     1871  6.275 -26.00 0.00000
     1872  6.275 -25.90 0.00000
     1873  6.275 -25.80 0.00000
     1874  6.275 -25.70 0.00000
     1875  6.275 -25.60 0.00000
     1876  6.275 -25.50 0.00000
     1877  6.275 -25.40 0.00000
     1878  6.275 -25.30 0.00000
     1879  6.275 -25.20 0.00000
     1880  6.275 -25.10 0.00000
     1881  6.275 -25.00 0.00000
     1882  6.275 -24.90 0.00000
     1883  6.275 -24.80 0.00000
     1884  6.275 -24.70 0.00000
     1885  6.275 -24.60 0.00000
     1886  6.275 -24.50 0.00000
     1887  6.275 -24.40 0.00000
     1888  6.275 -24.30 0.00000
     1889  6.275 -24.20 0.00000
     1890  6.275 -24.10 0.00000
     1891  6.275 -24.00 0.00000
     1892  6.275 -23.90 0.00000
     1893  6.275 -23.80 0.00000
     1894  6.275 -23.70 0.00000
     1895  6.275 -23.60 0.00000
     1896  6.275 -23.50 0.00000
     1897  6.275 -23.40 0.00000
     1898  6.275 -23.30 0.00000
     1899  6.275 -23.20 0.00000
     1900  6.275 -23.10 0.00000
     1901  6.275 -23.00 0.00000
     1902  6.275 -22.90 0.00000
     1903  6.275 -22.80 0.00000
     1904  6.275 -22.70 0.00000
     1905  6.275 -22.60 0.00000
     1906  6.275 -22.50 0.00000
     1907  6.275 -22.40 0.00000
     1908  6.275 -22.30 0.00000
     1909  6.275 -22.20 0.00000
     1910  6.275 -22.10 0.00000
     1911  6.275 -22.00 0.00000
     1912  6.275 -21.90 0.00000
     1913  6.275 -21.80 0.00000
     1914  6.275 -21.70 0.00000
     1915  6.275 -21.60 0.00000
     1916  6.275 -21.50 0.00000
     1917  6.275 -21.40 0.00000
     1918  6.275 -21.30 0.00000
     1919  6.275 -21.20 0.00000
     1920  6.275 -21.10 0.00000
     1921  6.300 -29.00 0.73750
     1922  6.300 -28.90 0.73750
     1923  6.300 -28.80 0.73680
     1924  6.300 -28.70 0.73610
     1925  6.300 -28.60 0.73590
     1926  6.300 -28.50 0.73570
     1927  6.300 -28.40 0.73660
     1928  6.300 -28.30 0.73390
     1929  6.300 -28.20 0.73470
     1930  6.300 -28.10 0.73440
     1931  6.300 -28.00 0.73200
     1932  6.300 -27.90 0.72960
     1933  6.300 -27.80 0.72530
     1934  6.300 -27.70 0.70990
     1935  6.300 -27.60 0.68450
     1936  6.300 -27.50 0.63700
     1937  6.300 -27.40 0.56340
     1938  6.300 -27.30 0.46340
     1939  6.300 -27.20 0.34960
     1940  6.300 -27.10 0.23670
     1941  6.300 -27.00 0.14230
     1942  6.300 -26.90 0.07410
     1943  6.300 -26.80 0.03350
     1944  6.300 -26.70 0.01280
     1945  6.300 -26.60 0.00440
     1946  6.300 -26.50 0.00070
     1947  6.300 -26.40 0.00020
     1948  6.300 -26.30 0.00000
     1949  6.300 -26.20 0.00000
     1950  6.300 -26.10 0.00000
     1951  6.300 -26.00 0.00000
     1952  6.300 -25.90 0.00000
     1953  6.300 -25.80 0.00000
     1954  6.300 -25.70 0.00000
     1955  6.300 -25.60 0.00000
     1956  6.300 -25.50 0.00000
     1957  6.300 -25.40 0.00000
     1958  6.300 -25.30 0.00000
     1959  6.300 -25.20 0.00000
     1960  6.300 -25.10 0.00000
     1961  6.300 -25.00 0.00000
     1962  6.300 -24.90 0.00000
     1963  6.300 -24.80 0.00000
     1964  6.300 -24.70 0.00000
     1965  6.300 -24.60 0.00000
     1966  6.300 -24.50 0.00000
     1967  6.300 -24.40 0.00000
     1968  6.300 -24.30 0.00000
     1969  6.300 -24.20 0.00000
     1970  6.300 -24.10 0.00000
     1971  6.300 -24.00 0.00000
     1972  6.300 -23.90 0.00000
     1973  6.300 -23.80 0.00000
     1974  6.300 -23.70 0.00000
     1975  6.300 -23.60 0.00000
     1976  6.300 -23.50 0.00000
     1977  6.300 -23.40 0.00000
     1978  6.300 -23.30 0.00000
     1979  6.300 -23.20 0.00000
     1980  6.300 -23.10 0.00000
     1981  6.300 -23.00 0.00000
     1982  6.300 -22.90 0.00000
     1983  6.300 -22.80 0.00000
     1984  6.300 -22.70 0.00000
     1985  6.300 -22.60 0.00000
     1986  6.300 -22.50 0.00000
     1987  6.300 -22.40 0.00000
     1988  6.300 -22.30 0.00000
     1989  6.300 -22.20 0.00000
     1990  6.300 -22.10 0.00000
     1991  6.300 -22.00 0.00000
     1992  6.300 -21.90 0.00000
     1993  6.300 -21.80 0.00000
     1994  6.300 -21.70 0.00000
     1995  6.300 -21.60 0.00000
     1996  6.300 -21.50 0.00000
     1997  6.300 -21.40 0.00000
     1998  6.300 -21.30 0.00000
     1999  6.300 -21.20 0.00000
     2000  6.300 -21.10 0.00000
     2001  6.325 -29.00 0.67900
     2002  6.325 -28.90 0.67950
     2003  6.325 -28.80 0.67710
     2004  6.325 -28.70 0.67740
     2005  6.325 -28.60 0.67930
     2006  6.325 -28.50 0.67780
     2007  6.325 -28.40 0.67760
     2008  6.325 -28.30 0.67650
     2009  6.325 -28.20 0.67690
     2010  6.325 -28.10 0.67460
     2011  6.325 -28.00 0.67410
     2012  6.325 -27.90 0.67100
     2013  6.325 -27.80 0.66770
     2014  6.325 -27.70 0.65840
     2015  6.325 -27.60 0.63650
     2016  6.325 -27.50 0.58890
     2017  6.325 -27.40 0.50920
     2018  6.325 -27.30 0.40180
     2019  6.325 -27.20 0.28580
     2020  6.325 -27.10 0.18210
     2021  6.325 -27.00 0.10040
     2022  6.325 -26.90 0.04780
     2023  6.325 -26.80 0.01960
     2024  6.325 -26.70 0.00630
     2025  6.325 -26.60 0.00140
     2026  6.325 -26.50 0.00020
     2027  6.325 -26.40 0.00000
     2028  6.325 -26.30 0.00000
     2029  6.325 -26.20 0.00000
     2030  6.325 -26.10 0.00000
     2031  6.325 -26.00 0.00000
     2032  6.325 -25.90 0.00000
     2033  6.325 -25.80 0.00000
     2034  6.325 -25.70 0.00000
     2035  6.325 -25.60 0.00000
     2036  6.325 -25.50 0.00000
     2037  6.325 -25.40 0.00000
     2038  6.325 -25.30 0.00000
     2039  6.325 -25.20 0.00000
     2040  6.325 -25.10 0.00000
     2041  6.325 -25.00 0.00000
     2042  6.325 -24.90 0.00000
     2043  6.325 -24.80 0.00000
     2044  6.325 -24.70 0.00000
     2045  6.325 -24.60 0.00000
     2046  6.325 -24.50 0.00000
     2047  6.325 -24.40 0.00000
     2048  6.325 -24.30 0.00000
     2049  6.325 -24.20 0.00000
     2050  6.325 -24.10 0.00000
     2051  6.325 -24.00 0.00000
     2052  6.325 -23.90 0.00000
     2053  6.325 -23.80 0.00000
     2054  6.325 -23.70 0.00000
     2055  6.325 -23.60 0.00000
     2056  6.325 -23.50 0.00000
     2057  6.325 -23.40 0.00000
     2058  6.325 -23.30 0.00000
     2059  6.325 -23.20 0.00000
     2060  6.325 -23.10 0.00000
     2061  6.325 -23.00 0.00000
     2062  6.325 -22.90 0.00000
     2063  6.325 -22.80 0.00000
     2064  6.325 -22.70 0.00000
     2065  6.325 -22.60 0.00000
     2066  6.325 -22.50 0.00000
     2067  6.325 -22.40 0.00000
     2068  6.325 -22.30 0.00000
     2069  6.325 -22.20 0.00000
     2070  6.325 -22.10 0.00000
     2071  6.325 -22.00 0.00000
     2072  6.325 -21.90 0.00000
     2073  6.325 -21.80 0.00000
     2074  6.325 -21.70 0.00000
     2075  6.325 -21.60 0.00000
     2076  6.325 -21.50 0.00000
     2077  6.325 -21.40 0.00000
     2078  6.325 -21.30 0.00000
     2079  6.325 -21.20 0.00000
     2080  6.325 -21.10 0.00000
     2081  6.350 -29.00 0.56210
     2082  6.350 -28.90 0.56060
     2083  6.350 -28.80 0.56030
     2084  6.350 -28.70 0.56020
     2085  6.350 -28.60 0.55920
     2086  6.350 -28.50 0.56100
     2087  6.350 -28.40 0.56050
     2088  6.350 -28.30 0.56090
     2089  6.350 -28.20 0.56240
     2090  6.350 -28.10 0.55910
     2091  6.350 -28.00 0.56200
     2092  6.350 -27.90 0.55880
     2093  6.350 -27.80 0.55380
     2094  6.350 -27.70 0.53730
     2095  6.350 -27.60 0.50380
     2096  6.350 -27.50 0.44600
     2097  6.350 -27.40 0.36140
     2098  6.350 -27.30 0.26450
     2099  6.350 -27.20 0.17130
     2100  6.350 -27.10 0.09440
     2101  6.350 -27.00 0.04460
     2102  6.350 -26.90 0.01770
     2103  6.350 -26.80 0.00500
     2104  6.350 -26.70 0.00130
     2105  6.350 -26.60 0.00010
     2106  6.350 -26.50 0.00000
     2107  6.350 -26.40 0.00000
     2108  6.350 -26.30 0.00000
     2109  6.350 -26.20 0.00000
     2110  6.350 -26.10 0.00000
     2111  6.350 -26.00 0.00000
     2112  6.350 -25.90 0.00000
     2113  6.350 -25.80 0.00000
     2114  6.350 -25.70 0.00000
     2115  6.350 -25.60 0.00000
     2116  6.350 -25.50 0.00000
     2117  6.350 -25.40 0.00000
     2118  6.350 -25.30 0.00000
     2119  6.350 -25.20 0.00000
     2120  6.350 -25.10 0.00000
     2121  6.350 -25.00 0.00000
     2122  6.350 -24.90 0.00000
     2123  6.350 -24.80 0.00000
     2124  6.350 -24.70 0.00000
     2125  6.350 -24.60 0.00000
     2126  6.350 -24.50 0.00000
     2127  6.350 -24.40 0.00000
     2128  6.350 -24.30 0.00000
     2129  6.350 -24.20 0.00000
     2130  6.350 -24.10 0.00000
     2131  6.350 -24.00 0.00000
     2132  6.350 -23.90 0.00000
     2133  6.350 -23.80 0.00000
     2134  6.350 -23.70 0.00000
     2135  6.350 -23.60 0.00000
     2136  6.350 -23.50 0.00000
     2137  6.350 -23.40 0.00000
     2138  6.350 -23.30 0.00000
     2139  6.350 -23.20 0.00000
     2140  6.350 -23.10 0.00000
     2141  6.350 -23.00 0.00000
     2142  6.350 -22.90 0.00000
     2143  6.350 -22.80 0.00000
     2144  6.350 -22.70 0.00000
     2145  6.350 -22.60 0.00000
     2146  6.350 -22.50 0.00000
     2147  6.350 -22.40 0.00000
     2148  6.350 -22.30 0.00000
     2149  6.350 -22.20 0.00000
     2150  6.350 -22.10 0.00000
     2151  6.350 -22.00 0.00000
     2152  6.350 -21.90 0.00000
     2153  6.350 -21.80 0.00000
     2154  6.350 -21.70 0.00000
     2155  6.350 -21.60 0.00000
     2156  6.350 -21.50 0.00000
     2157  6.350 -21.40 0.00000
     2158  6.350 -21.30 0.00000
     2159  6.350 -21.20 0.00000
     2160  6.350 -21.10 0.00000
     2161  6.375 -29.00 0.52520
     2162  6.375 -28.90 0.52370
     2163  6.375 -28.80 0.52420
     2164  6.375 -28.70 0.52550
     2165  6.375 -28.60 0.52620
     2166  6.375 -28.50 0.52560
     2167  6.375 -28.40 0.52700
     2168  6.375 -28.30 0.52660
     2169  6.375 -28.20 0.52670
     2170  6.375 -28.10 0.52990
     2171  6.375 -28.00 0.52760
     2172  6.375 -27.90 0.52540
     2173  6.375 -27.80 0.51630
     2174  6.375 -27.70 0.49510
     2175  6.375 -27.60 0.45730
     2176  6.375 -27.50 0.39520
     2177  6.375 -27.40 0.31340
     2178  6.375 -27.30 0.22130
     2179  6.375 -27.20 0.13800
     2180  6.375 -27.10 0.07490
     2181  6.375 -27.00 0.03510
     2182  6.375 -26.90 0.01390
     2183  6.375 -26.80 0.00490
     2184  6.375 -26.70 0.00160
     2185  6.375 -26.60 0.00030
     2186  6.375 -26.50 0.00010
     2187  6.375 -26.40 0.00000
     2188  6.375 -26.30 0.00000
     2189  6.375 -26.20 0.00000
     2190  6.375 -26.10 0.00000
     2191  6.375 -26.00 0.00000
     2192  6.375 -25.90 0.00000
     2193  6.375 -25.80 0.00000
     2194  6.375 -25.70 0.00000
     2195  6.375 -25.60 0.00000
     2196  6.375 -25.50 0.00000
     2197  6.375 -25.40 0.00000
     2198  6.375 -25.30 0.00000
     2199  6.375 -25.20 0.00000
     2200  6.375 -25.10 0.00000
     2201  6.375 -25.00 0.00000
     2202  6.375 -24.90 0.00000
     2203  6.375 -24.80 0.00000
     2204  6.375 -24.70 0.00000
     2205  6.375 -24.60 0.00000
     2206  6.375 -24.50 0.00000
     2207  6.375 -24.40 0.00000
     2208  6.375 -24.30 0.00000
     2209  6.375 -24.20 0.00000
     2210  6.375 -24.10 0.00000
     2211  6.375 -24.00 0.00000
     2212  6.375 -23.90 0.00000
     2213  6.375 -23.80 0.00000
     2214  6.375 -23.70 0.00000
     2215  6.375 -23.60 0.00000
     2216  6.375 -23.50 0.00000
     2217  6.375 -23.40 0.00000
     2218  6.375 -23.30 0.00000
     2219  6.375 -23.20 0.00000
     2220  6.375 -23.10 0.00000
     2221  6.375 -23.00 0.00000
     2222  6.375 -22.90 0.00000
     2223  6.375 -22.80 0.00000
     2224  6.375 -22.70 0.00000
     2225  6.375 -22.60 0.00000
     2226  6.375 -22.50 0.00000
     2227  6.375 -22.40 0.00000
     2228  6.375 -22.30 0.00000
     2229  6.375 -22.20 0.00000
     2230  6.375 -22.10 0.00000
     2231  6.375 -22.00 0.00000
     2232  6.375 -21.90 0.00000
     2233  6.375 -21.80 0.00000
     2234  6.375 -21.70 0.00000
     2235  6.375 -21.60 0.00000
     2236  6.375 -21.50 0.00000
     2237  6.375 -21.40 0.00000
     2238  6.375 -21.30 0.00000
     2239  6.375 -21.20 0.00000
     2240  6.375 -21.10 0.00000
     2241  6.400 -29.00 0.52930
     2242  6.400 -28.90 0.53150
     2243  6.400 -28.80 0.53110
     2244  6.400 -28.70 0.53110
     2245  6.400 -28.60 0.53100
     2246  6.400 -28.50 0.52860
     2247  6.400 -28.40 0.53020
     2248  6.400 -28.30 0.53020
     2249  6.400 -28.20 0.53060
     2250  6.400 -28.10 0.53120
     2251  6.400 -28.00 0.53230
     2252  6.400 -27.90 0.52640
     2253  6.400 -27.80 0.51220
     2254  6.400 -27.70 0.48730
     2255  6.400 -27.60 0.43900
     2256  6.400 -27.50 0.36790
     2257  6.400 -27.40 0.28290
     2258  6.400 -27.30 0.19340
     2259  6.400 -27.20 0.11780
     2260  6.400 -27.10 0.06200
     2261  6.400 -27.00 0.02840
     2262  6.400 -26.90 0.01120
     2263  6.400 -26.80 0.00390
     2264  6.400 -26.70 0.00080
     2265  6.400 -26.60 0.00020
     2266  6.400 -26.50 0.00000
     2267  6.400 -26.40 0.00000
     2268  6.400 -26.30 0.00000
     2269  6.400 -26.20 0.00000
     2270  6.400 -26.10 0.00000
     2271  6.400 -26.00 0.00000
     2272  6.400 -25.90 0.00000
     2273  6.400 -25.80 0.00000
     2274  6.400 -25.70 0.00000
     2275  6.400 -25.60 0.00000
     2276  6.400 -25.50 0.00000
     2277  6.400 -25.40 0.00000
     2278  6.400 -25.30 0.00000
     2279  6.400 -25.20 0.00000
     2280  6.400 -25.10 0.00000
     2281  6.400 -25.00 0.00000
     2282  6.400 -24.90 0.00000
     2283  6.400 -24.80 0.00000
     2284  6.400 -24.70 0.00000
     2285  6.400 -24.60 0.00000
     2286  6.400 -24.50 0.00000
     2287  6.400 -24.40 0.00000
     2288  6.400 -24.30 0.00000
     2289  6.400 -24.20 0.00000
     2290  6.400 -24.10 0.00000
     2291  6.400 -24.00 0.00000
     2292  6.400 -23.90 0.00000
     2293  6.400 -23.80 0.00000
     2294  6.400 -23.70 0.00000
     2295  6.400 -23.60 0.00000
     2296  6.400 -23.50 0.00000
     2297  6.400 -23.40 0.00000
     2298  6.400 -23.30 0.00000
     2299  6.400 -23.20 0.00000
     2300  6.400 -23.10 0.00000
     2301  6.400 -23.00 0.00000
     2302  6.400 -22.90 0.00000
     2303  6.400 -22.80 0.00000
     2304  6.400 -22.70 0.00000
     2305  6.400 -22.60 0.00000
     2306  6.400 -22.50 0.00000
     2307  6.400 -22.40 0.00000
     2308  6.400 -22.30 0.00000
     2309  6.400 -22.20 0.00000
     2310  6.400 -22.10 0.00000
     2311  6.400 -22.00 0.00000
     2312  6.400 -21.90 0.00000
     2313  6.400 -21.80 0.00000
     2314  6.400 -21.70 0.00000
     2315  6.400 -21.60 0.00000
     2316  6.400 -21.50 0.00000
     2317  6.400 -21.40 0.00000
     2318  6.400 -21.30 0.00000
     2319  6.400 -21.20 0.00000
     2320  6.400 -21.10 0.00000
     2321  6.425 -29.00 0.46390
     2322  6.425 -28.90 0.46280
     2323  6.425 -28.80 0.46530
     2324  6.425 -28.70 0.46570
     2325  6.425 -28.60 0.46500
     2326  6.425 -28.50 0.46520
     2327  6.425 -28.40 0.46740
     2328  6.425 -28.30 0.46860
     2329  6.425 -28.20 0.46900
     2330  6.425 -28.10 0.46910
     2331  6.425 -28.00 0.47150
     2332  6.425 -27.90 0.46650
     2333  6.425 -27.80 0.45560
     2334  6.425 -27.70 0.42880
     2335  6.425 -27.60 0.37960
     2336  6.425 -27.50 0.30770
     2337  6.425 -27.40 0.22180
     2338  6.425 -27.30 0.14180
     2339  6.425 -27.20 0.07960
     2340  6.425 -27.10 0.03770
     2341  6.425 -27.00 0.01570
     2342  6.425 -26.90 0.00590
     2343  6.425 -26.80 0.00210
     2344  6.425 -26.70 0.00060
     2345  6.425 -26.60 0.00010
     2346  6.425 -26.50 0.00000
     2347  6.425 -26.40 0.00000
     2348  6.425 -26.30 0.00000
     2349  6.425 -26.20 0.00000
     2350  6.425 -26.10 0.00000
     2351  6.425 -26.00 0.00000
     2352  6.425 -25.90 0.00000
     2353  6.425 -25.80 0.00000
     2354  6.425 -25.70 0.00000
     2355  6.425 -25.60 0.00000
     2356  6.425 -25.50 0.00000
     2357  6.425 -25.40 0.00000
     2358  6.425 -25.30 0.00000
     2359  6.425 -25.20 0.00000
     2360  6.425 -25.10 0.00000
     2361  6.425 -25.00 0.00000
     2362  6.425 -24.90 0.00000
     2363  6.425 -24.80 0.00000
     2364  6.425 -24.70 0.00000
     2365  6.425 -24.60 0.00000
     2366  6.425 -24.50 0.00000
     2367  6.425 -24.40 0.00000
     2368  6.425 -24.30 0.00000
     2369  6.425 -24.20 0.00000
     2370  6.425 -24.10 0.00000
     2371  6.425 -24.00 0.00000
     2372  6.425 -23.90 0.00000
     2373  6.425 -23.80 0.00000
     2374  6.425 -23.70 0.00000
     2375  6.425 -23.60 0.00000
     2376  6.425 -23.50 0.00000
     2377  6.425 -23.40 0.00000
     2378  6.425 -23.30 0.00000
     2379  6.425 -23.20 0.00000
     2380  6.425 -23.10 0.00000
     2381  6.425 -23.00 0.00000
     2382  6.425 -22.90 0.00000
     2383  6.425 -22.80 0.00000
     2384  6.425 -22.70 0.00000
     2385  6.425 -22.60 0.00000
     2386  6.425 -22.50 0.00000
     2387  6.425 -22.40 0.00000
     2388  6.425 -22.30 0.00000
     2389  6.425 -22.20 0.00000
     2390  6.425 -22.10 0.00000
     2391  6.425 -22.00 0.00000
     2392  6.425 -21.90 0.00000
     2393  6.425 -21.80 0.00000
     2394  6.425 -21.70 0.00000
     2395  6.425 -21.60 0.00000
     2396  6.425 -21.50 0.00000
     2397  6.425 -21.40 0.00000
     2398  6.425 -21.30 0.00000
     2399  6.425 -21.20 0.00000
     2400  6.425 -21.10 0.00000
     2401  6.450 -29.00 0.45150
     2402  6.450 -28.90 0.45570
     2403  6.450 -28.80 0.45550
     2404  6.450 -28.70 0.45280
     2405  6.450 -28.60 0.45240
     2406  6.450 -28.50 0.45420
     2407  6.450 -28.40 0.45670
     2408  6.450 -28.30 0.45630
     2409  6.450 -28.20 0.45730
     2410  6.450 -28.10 0.45630
     2411  6.450 -28.00 0.45380
     2412  6.450 -27.90 0.44910
     2413  6.450 -27.80 0.43030
     2414  6.450 -27.70 0.39870
     2415  6.450 -27.60 0.33850
     2416  6.450 -27.50 0.25680
     2417  6.450 -27.40 0.17170
     2418  6.450 -27.30 0.09880
     2419  6.450 -27.20 0.04690
     2420  6.450 -27.10 0.01900
     2421  6.450 -27.00 0.00580
     2422  6.450 -26.90 0.00140
     2423  6.450 -26.80 0.00030
     2424  6.450 -26.70 0.00000
     2425  6.450 -26.60 0.00000
     2426  6.450 -26.50 0.00000
     2427  6.450 -26.40 0.00000
     2428  6.450 -26.30 0.00000
     2429  6.450 -26.20 0.00000
     2430  6.450 -26.10 0.00000
     2431  6.450 -26.00 0.00000
     2432  6.450 -25.90 0.00000
     2433  6.450 -25.80 0.00000
     2434  6.450 -25.70 0.00000
     2435  6.450 -25.60 0.00000
     2436  6.450 -25.50 0.00000
     2437  6.450 -25.40 0.00000
     2438  6.450 -25.30 0.00000
     2439  6.450 -25.20 0.00000
     2440  6.450 -25.10 0.00000
     2441  6.450 -25.00 0.00000
     2442  6.450 -24.90 0.00000
     2443  6.450 -24.80 0.00000
     2444  6.450 -24.70 0.00000
     2445  6.450 -24.60 0.00000
     2446  6.450 -24.50 0.00000
     2447  6.450 -24.40 0.00000
     2448  6.450 -24.30 0.00000
     2449  6.450 -24.20 0.00000
     2450  6.450 -24.10 0.00000
     2451  6.450 -24.00 0.00000
     2452  6.450 -23.90 0.00000
     2453  6.450 -23.80 0.00000
     2454  6.450 -23.70 0.00000
     2455  6.450 -23.60 0.00000
     2456  6.450 -23.50 0.00000
     2457  6.450 -23.40 0.00000
     2458  6.450 -23.30 0.00000
     2459  6.450 -23.20 0.00000
     2460  6.450 -23.10 0.00000
     2461  6.450 -23.00 0.00000
     2462  6.450 -22.90 0.00000
     2463  6.450 -22.80 0.00000
     2464  6.450 -22.70 0.00000
     2465  6.450 -22.60 0.00000
     2466  6.450 -22.50 0.00000
     2467  6.450 -22.40 0.00000
     2468  6.450 -22.30 0.00000
     2469  6.450 -22.20 0.00000
     2470  6.450 -22.10 0.00000
     2471  6.450 -22.00 0.00000
     2472  6.450 -21.90 0.00000
     2473  6.450 -21.80 0.00000
     2474  6.450 -21.70 0.00000
     2475  6.450 -21.60 0.00000
     2476  6.450 -21.50 0.00000
     2477  6.450 -21.40 0.00000
     2478  6.450 -21.30 0.00000
     2479  6.450 -21.20 0.00000
     2480  6.450 -21.10 0.00000
     2481  6.475 -29.00 0.32440
     2482  6.475 -28.90 0.32490
     2483  6.475 -28.80 0.32660
     2484  6.475 -28.70 0.32940
     2485  6.475 -28.60 0.32790
     2486  6.475 -28.50 0.33100
     2487  6.475 -28.40 0.33320
     2488  6.475 -28.30 0.33850
     2489  6.475 -28.20 0.33930
     2490  6.475 -28.10 0.34250
     2491  6.475 -28.00 0.34300
     2492  6.475 -27.90 0.33580
     2493  6.475 -27.80 0.32010
     2494  6.475 -27.70 0.28610
     2495  6.475 -27.60 0.24030
     2496  6.475 -27.50 0.18270
     2497  6.475 -27.40 0.12610
     2498  6.475 -27.30 0.07670
     2499  6.475 -27.20 0.04030
     2500  6.475 -27.10 0.01800
     2501  6.475 -27.00 0.00680
     2502  6.475 -26.90 0.00200
     2503  6.475 -26.80 0.00050
     2504  6.475 -26.70 0.00010
     2505  6.475 -26.60 0.00000
     2506  6.475 -26.50 0.00000
     2507  6.475 -26.40 0.00000
     2508  6.475 -26.30 0.00000
     2509  6.475 -26.20 0.00000
     2510  6.475 -26.10 0.00000
     2511  6.475 -26.00 0.00000
     2512  6.475 -25.90 0.00000
     2513  6.475 -25.80 0.00000
     2514  6.475 -25.70 0.00000
     2515  6.475 -25.60 0.00000
     2516  6.475 -25.50 0.00000
     2517  6.475 -25.40 0.00000
     2518  6.475 -25.30 0.00000
     2519  6.475 -25.20 0.00000
     2520  6.475 -25.10 0.00000
     2521  6.475 -25.00 0.00000
     2522  6.475 -24.90 0.00000
     2523  6.475 -24.80 0.00000
     2524  6.475 -24.70 0.00000
     2525  6.475 -24.60 0.00000
     2526  6.475 -24.50 0.00000
     2527  6.475 -24.40 0.00000
     2528  6.475 -24.30 0.00000
     2529  6.475 -24.20 0.00000
     2530  6.475 -24.10 0.00000
     2531  6.475 -24.00 0.00000
     2532  6.475 -23.90 0.00000
     2533  6.475 -23.80 0.00000
     2534  6.475 -23.70 0.00000
     2535  6.475 -23.60 0.00000
     2536  6.475 -23.50 0.00000
     2537  6.475 -23.40 0.00000
     2538  6.475 -23.30 0.00000
     2539  6.475 -23.20 0.00000
     2540  6.475 -23.10 0.00000
     2541  6.475 -23.00 0.00000
     2542  6.475 -22.90 0.00000
     2543  6.475 -22.80 0.00000
     2544  6.475 -22.70 0.00000
     2545  6.475 -22.60 0.00000
     2546  6.475 -22.50 0.00000
     2547  6.475 -22.40 0.00000
     2548  6.475 -22.30 0.00000
     2549  6.475 -22.20 0.00000
     2550  6.475 -22.10 0.00000
     2551  6.475 -22.00 0.00000
     2552  6.475 -21.90 0.00000
     2553  6.475 -21.80 0.00000
     2554  6.475 -21.70 0.00000
     2555  6.475 -21.60 0.00000
     2556  6.475 -21.50 0.00000
     2557  6.475 -21.40 0.00000
     2558  6.475 -21.30 0.00000
     2559  6.475 -21.20 0.00000
     2560  6.475 -21.10 0.00000
     2561  6.500 -29.00 0.27320
     2562  6.500 -28.90 0.27430
     2563  6.500 -28.80 0.27800
     2564  6.500 -28.70 0.27790
     2565  6.500 -28.60 0.27960
     2566  6.500 -28.50 0.28260
     2567  6.500 -28.40 0.28360
     2568  6.500 -28.30 0.28760
     2569  6.500 -28.20 0.29030
     2570  6.500 -28.10 0.29340
     2571  6.500 -28.00 0.29250
     2572  6.500 -27.90 0.29110
     2573  6.500 -27.80 0.26850
     2574  6.500 -27.70 0.22930
     2575  6.500 -27.60 0.17070
     2576  6.500 -27.50 0.11190
     2577  6.500 -27.40 0.06300
     2578  6.500 -27.30 0.03110
     2579  6.500 -27.20 0.01430
     2580  6.500 -27.10 0.00580
     2581  6.500 -27.00 0.00210
     2582  6.500 -26.90 0.00070
     2583  6.500 -26.80 0.00020
     2584  6.500 -26.70 0.00000
     2585  6.500 -26.60 0.00000
     2586  6.500 -26.50 0.00000
     2587  6.500 -26.40 0.00000
     2588  6.500 -26.30 0.00000
     2589  6.500 -26.20 0.00000
     2590  6.500 -26.10 0.00000
     2591  6.500 -26.00 0.00000
     2592  6.500 -25.90 0.00000
     2593  6.500 -25.80 0.00000
     2594  6.500 -25.70 0.00000
     2595  6.500 -25.60 0.00000
     2596  6.500 -25.50 0.00000
     2597  6.500 -25.40 0.00000
     2598  6.500 -25.30 0.00000
     2599  6.500 -25.20 0.00000
     2600  6.500 -25.10 0.00000
     2601  6.500 -25.00 0.00000
     2602  6.500 -24.90 0.00000
     2603  6.500 -24.80 0.00000
     2604  6.500 -24.70 0.00000
     2605  6.500 -24.60 0.00000
     2606  6.500 -24.50 0.00000
     2607  6.500 -24.40 0.00000
     2608  6.500 -24.30 0.00000
     2609  6.500 -24.20 0.00000
     2610  6.500 -24.10 0.00000
     2611  6.500 -24.00 0.00000
     2612  6.500 -23.90 0.00000
     2613  6.500 -23.80 0.00000
     2614  6.500 -23.70 0.00000
     2615  6.500 -23.60 0.00000
     2616  6.500 -23.50 0.00000
     2617  6.500 -23.40 0.00000
     2618  6.500 -23.30 0.00000
     2619  6.500 -23.20 0.00000
     2620  6.500 -23.10 0.00000
     2621  6.500 -23.00 0.00000
     2622  6.500 -22.90 0.00000
     2623  6.500 -22.80 0.00000
     2624  6.500 -22.70 0.00000
     2625  6.500 -22.60 0.00000
     2626  6.500 -22.50 0.00000
     2627  6.500 -22.40 0.00000
     2628  6.500 -22.30 0.00000
     2629  6.500 -22.20 0.00000
     2630  6.500 -22.10 0.00000
     2631  6.500 -22.00 0.00000
     2632  6.500 -21.90 0.00000
     2633  6.500 -21.80 0.00000
     2634  6.500 -21.70 0.00000
     2635  6.500 -21.60 0.00000
     2636  6.500 -21.50 0.00000
     2637  6.500 -21.40 0.00000
     2638  6.500 -21.30 0.00000
     2639  6.500 -21.20 0.00000
     2640  6.500 -21.10 0.00000
     2641  6.525 -29.00 0.19100
     2642  6.525 -28.90 0.19360
     2643  6.525 -28.80 0.19460
     2644  6.525 -28.70 0.19470
     2645  6.525 -28.60 0.19390
     2646  6.525 -28.50 0.19380
     2647  6.525 -28.40 0.19530
     2648  6.525 -28.30 0.19800
     2649  6.525 -28.20 0.19840
     2650  6.525 -28.10 0.19770
     2651  6.525 -28.00 0.19590
     2652  6.525 -27.90 0.18950
     2653  6.525 -27.80 0.17380
     2654  6.525 -27.70 0.14450
     2655  6.525 -27.60 0.10510
     2656  6.525 -27.50 0.06770
     2657  6.525 -27.40 0.03600
     2658  6.525 -27.30 0.01600
     2659  6.525 -27.20 0.00490
     2660  6.525 -27.10 0.00140
     2661  6.525 -27.00 0.00020
     2662  6.525 -26.90 0.00000
     2663  6.525 -26.80 0.00000
     2664  6.525 -26.70 0.00000
     2665  6.525 -26.60 0.00000
     2666  6.525 -26.50 0.00000
     2667  6.525 -26.40 0.00000
     2668  6.525 -26.30 0.00000
     2669  6.525 -26.20 0.00000
     2670  6.525 -26.10 0.00000
     2671  6.525 -26.00 0.00000
     2672  6.525 -25.90 0.00000
     2673  6.525 -25.80 0.00000
     2674  6.525 -25.70 0.00000
     2675  6.525 -25.60 0.00000
     2676  6.525 -25.50 0.00000
     2677  6.525 -25.40 0.00000
     2678  6.525 -25.30 0.00000
     2679  6.525 -25.20 0.00000
     2680  6.525 -25.10 0.00000
     2681  6.525 -25.00 0.00000
     2682  6.525 -24.90 0.00000
     2683  6.525 -24.80 0.00000
     2684  6.525 -24.70 0.00000
     2685  6.525 -24.60 0.00000
     2686  6.525 -24.50 0.00000
     2687  6.525 -24.40 0.00000
     2688  6.525 -24.30 0.00000
     2689  6.525 -24.20 0.00000
     2690  6.525 -24.10 0.00000
     2691  6.525 -24.00 0.00000
     2692  6.525 -23.90 0.00000
     2693  6.525 -23.80 0.00000
     2694  6.525 -23.70 0.00000
     2695  6.525 -23.60 0.00000
     2696  6.525 -23.50 0.00000
     2697  6.525 -23.40 0.00000
     2698  6.525 -23.30 0.00000
     2699  6.525 -23.20 0.00000
     2700  6.525 -23.10 0.00000
     2701  6.525 -23.00 0.00000
     2702  6.525 -22.90 0.00000
     2703  6.525 -22.80 0.00000
     2704  6.525 -22.70 0.00000
     2705  6.525 -22.60 0.00000
     2706  6.525 -22.50 0.00000
     2707  6.525 -22.40 0.00000
     2708  6.525 -22.30 0.00000
     2709  6.525 -22.20 0.00000
     2710  6.525 -22.10 0.00000
     2711  6.525 -22.00 0.00000
     2712  6.525 -21.90 0.00000
     2713  6.525 -21.80 0.00000
     2714  6.525 -21.70 0.00000
     2715  6.525 -21.60 0.00000
     2716  6.525 -21.50 0.00000
     2717  6.525 -21.40 0.00000
     2718  6.525 -21.30 0.00000
     2719  6.525 -21.20 0.00000
     2720  6.525 -21.10 0.00000
     2721  6.550 -29.00 0.20160
     2722  6.550 -28.90 0.20340
     2723  6.550 -28.80 0.20560
     2724  6.550 -28.70 0.20630
     2725  6.550 -28.60 0.20980
     2726  6.550 -28.50 0.21060
     2727  6.550 -28.40 0.21570
     2728  6.550 -28.30 0.21740
     2729  6.550 -28.20 0.22150
     2730  6.550 -28.10 0.22480
     2731  6.550 -28.00 0.22650
     2732  6.550 -27.90 0.22100
     2733  6.550 -27.80 0.20360
     2734  6.550 -27.70 0.16700
     2735  6.550 -27.60 0.12140
     2736  6.550 -27.50 0.07840
     2737  6.550 -27.40 0.04430
     2738  6.550 -27.30 0.02050
     2739  6.550 -27.20 0.00890
     2740  6.550 -27.10 0.00340
     2741  6.550 -27.00 0.00090
     2742  6.550 -26.90 0.00030
     2743  6.550 -26.80 0.00000
     2744  6.550 -26.70 0.00000
     2745  6.550 -26.60 0.00000
     2746  6.550 -26.50 0.00000
     2747  6.550 -26.40 0.00000
     2748  6.550 -26.30 0.00000
     2749  6.550 -26.20 0.00000
     2750  6.550 -26.10 0.00000
     2751  6.550 -26.00 0.00000
     2752  6.550 -25.90 0.00000
     2753  6.550 -25.80 0.00000
     2754  6.550 -25.70 0.00000
     2755  6.550 -25.60 0.00000
     2756  6.550 -25.50 0.00000
     2757  6.550 -25.40 0.00000
     2758  6.550 -25.30 0.00000
     2759  6.550 -25.20 0.00000
     2760  6.550 -25.10 0.00000
     2761  6.550 -25.00 0.00000
     2762  6.550 -24.90 0.00000
     2763  6.550 -24.80 0.00000
     2764  6.550 -24.70 0.00000
     2765  6.550 -24.60 0.00000
     2766  6.550 -24.50 0.00000
     2767  6.550 -24.40 0.00000
     2768  6.550 -24.30 0.00000
     2769  6.550 -24.20 0.00000
     2770  6.550 -24.10 0.00000
     2771  6.550 -24.00 0.00000
     2772  6.550 -23.90 0.00000
     2773  6.550 -23.80 0.00000
     2774  6.550 -23.70 0.00000
     2775  6.550 -23.60 0.00000
     2776  6.550 -23.50 0.00000
     2777  6.550 -23.40 0.00000
     2778  6.550 -23.30 0.00000
     2779  6.550 -23.20 0.00000
     2780  6.550 -23.10 0.00000
     2781  6.550 -23.00 0.00000
     2782  6.550 -22.90 0.00000
     2783  6.550 -22.80 0.00000
     2784  6.550 -22.70 0.00000
     2785  6.550 -22.60 0.00000
     2786  6.550 -22.50 0.00000
     2787  6.550 -22.40 0.00000
     2788  6.550 -22.30 0.00000
     2789  6.550 -22.20 0.00000
     2790  6.550 -22.10 0.00000
     2791  6.550 -22.00 0.00000
     2792  6.550 -21.90 0.00000
     2793  6.550 -21.80 0.00000
     2794  6.550 -21.70 0.00000
     2795  6.550 -21.60 0.00000
     2796  6.550 -21.50 0.00000
     2797  6.550 -21.40 0.00000
     2798  6.550 -21.30 0.00000
     2799  6.550 -21.20 0.00000
     2800  6.550 -21.10 0.00000
     2801  6.575 -29.00 0.09230
     2802  6.575 -28.90 0.09410
     2803  6.575 -28.80 0.09440
     2804  6.575 -28.70 0.09760
     2805  6.575 -28.60 0.10050
     2806  6.575 -28.50 0.10270
     2807  6.575 -28.40 0.10630
     2808  6.575 -28.30 0.11100
     2809  6.575 -28.20 0.11530
     2810  6.575 -28.10 0.11910
     2811  6.575 -28.00 0.11820
     2812  6.575 -27.90 0.11160
     2813  6.575 -27.80 0.09420
     2814  6.575 -27.70 0.07250
     2815  6.575 -27.60 0.04740
     2816  6.575 -27.50 0.02590
     2817  6.575 -27.40 0.01050
     2818  6.575 -27.30 0.00370
     2819  6.575 -27.20 0.00070
     2820  6.575 -27.10 0.00020
     2821  6.575 -27.00 0.00000
     2822  6.575 -26.90 0.00000
     2823  6.575 -26.80 0.00000
     2824  6.575 -26.70 0.00000
     2825  6.575 -26.60 0.00000
     2826  6.575 -26.50 0.00000
     2827  6.575 -26.40 0.00000
     2828  6.575 -26.30 0.00000
     2829  6.575 -26.20 0.00000
     2830  6.575 -26.10 0.00000
     2831  6.575 -26.00 0.00000
     2832  6.575 -25.90 0.00000
     2833  6.575 -25.80 0.00000
     2834  6.575 -25.70 0.00000
     2835  6.575 -25.60 0.00000
     2836  6.575 -25.50 0.00000
     2837  6.575 -25.40 0.00000
     2838  6.575 -25.30 0.00000
     2839  6.575 -25.20 0.00000
     2840  6.575 -25.10 0.00000
     2841  6.575 -25.00 0.00000
     2842  6.575 -24.90 0.00000
     2843  6.575 -24.80 0.00000
     2844  6.575 -24.70 0.00000
     2845  6.575 -24.60 0.00000
     2846  6.575 -24.50 0.00000
     2847  6.575 -24.40 0.00000
     2848  6.575 -24.30 0.00000
     2849  6.575 -24.20 0.00000
     2850  6.575 -24.10 0.00000
     2851  6.575 -24.00 0.00000
     2852  6.575 -23.90 0.00000
     2853  6.575 -23.80 0.00000
     2854  6.575 -23.70 0.00000
     2855  6.575 -23.60 0.00000
     2856  6.575 -23.50 0.00000
     2857  6.575 -23.40 0.00000
     2858  6.575 -23.30 0.00000
     2859  6.575 -23.20 0.00000
     2860  6.575 -23.10 0.00000
     2861  6.575 -23.00 0.00000
     2862  6.575 -22.90 0.00000
     2863  6.575 -22.80 0.00000
     2864  6.575 -22.70 0.00000
     2865  6.575 -22.60 0.00000
     2866  6.575 -22.50 0.00000
     2867  6.575 -22.40 0.00000
     2868  6.575 -22.30 0.00000
     2869  6.575 -22.20 0.00000
     2870  6.575 -22.10 0.00000
     2871  6.575 -22.00 0.00000
     2872  6.575 -21.90 0.00000
     2873  6.575 -21.80 0.00000
     2874  6.575 -21.70 0.00000
     2875  6.575 -21.60 0.00000
     2876  6.575 -21.50 0.00000
     2877  6.575 -21.40 0.00000
     2878  6.575 -21.30 0.00000
     2879  6.575 -21.20 0.00000
     2880  6.575 -21.10 0.00000
     2881  6.600 -29.00 0.04700
     2882  6.600 -28.90 0.04820
     2883  6.600 -28.80 0.04990
     2884  6.600 -28.70 0.05140
     2885  6.600 -28.60 0.05180
     2886  6.600 -28.50 0.05360
     2887  6.600 -28.40 0.05570
     2888  6.600 -28.30 0.05700
     2889  6.600 -28.20 0.05720
     2890  6.600 -28.10 0.05360
     2891  6.600 -28.00 0.04850
     2892  6.600 -27.90 0.03630
     2893  6.600 -27.80 0.02480
     2894  6.600 -27.70 0.01510
     2895  6.600 -27.60 0.00720
     2896  6.600 -27.50 0.00300
     2897  6.600 -27.40 0.00110
     2898  6.600 -27.30 0.00020
     2899  6.600 -27.20 0.00000
     2900  6.600 -27.10 0.00000
     2901  6.600 -27.00 0.00000
     2902  6.600 -26.90 0.00000
     2903  6.600 -26.80 0.00000
     2904  6.600 -26.70 0.00000
     2905  6.600 -26.60 0.00000
     2906  6.600 -26.50 0.00000
     2907  6.600 -26.40 0.00000
     2908  6.600 -26.30 0.00000
     2909  6.600 -26.20 0.00000
     2910  6.600 -26.10 0.00000
     2911  6.600 -26.00 0.00000
     2912  6.600 -25.90 0.00000
     2913  6.600 -25.80 0.00000
     2914  6.600 -25.70 0.00000
     2915  6.600 -25.60 0.00000
     2916  6.600 -25.50 0.00000
     2917  6.600 -25.40 0.00000
     2918  6.600 -25.30 0.00000
     2919  6.600 -25.20 0.00000
     2920  6.600 -25.10 0.00000
     2921  6.600 -25.00 0.00000
     2922  6.600 -24.90 0.00000
     2923  6.600 -24.80 0.00000
     2924  6.600 -24.70 0.00000
     2925  6.600 -24.60 0.00000
     2926  6.600 -24.50 0.00000
     2927  6.600 -24.40 0.00000
     2928  6.600 -24.30 0.00000
     2929  6.600 -24.20 0.00000
     2930  6.600 -24.10 0.00000
     2931  6.600 -24.00 0.00000
     2932  6.600 -23.90 0.00000
     2933  6.600 -23.80 0.00000
     2934  6.600 -23.70 0.00000
     2935  6.600 -23.60 0.00000
     2936  6.600 -23.50 0.00000
     2937  6.600 -23.40 0.00000
     2938  6.600 -23.30 0.00000
     2939  6.600 -23.20 0.00000
     2940  6.600 -23.10 0.00000
     2941  6.600 -23.00 0.00000
     2942  6.600 -22.90 0.00000
     2943  6.600 -22.80 0.00000
     2944  6.600 -22.70 0.00000
     2945  6.600 -22.60 0.00000
     2946  6.600 -22.50 0.00000
     2947  6.600 -22.40 0.00000
     2948  6.600 -22.30 0.00000
     2949  6.600 -22.20 0.00000
     2950  6.600 -22.10 0.00000
     2951  6.600 -22.00 0.00000
     2952  6.600 -21.90 0.00000
     2953  6.600 -21.80 0.00000
     2954  6.600 -21.70 0.00000
     2955  6.600 -21.60 0.00000
     2956  6.600 -21.50 0.00000
     2957  6.600 -21.40 0.00000
     2958  6.600 -21.30 0.00000
     2959  6.600 -21.20 0.00000
     2960  6.600 -21.10 0.00000
