# Jiang et al. (2008) selection function for SDSS Deep survey (260deg2)
# provided by Chris Willott (Willott et al. 2010)
# corrected for cosmology in M1450
# counter  z     M1450  p
        1  5.700 -29.00 0.00000
        2  5.700 -28.90 0.00000
        3  5.700 -28.80 0.00000
        4  5.700 -28.70 0.00000
        5  5.700 -28.60 0.00000
        6  5.700 -28.50 0.00000
        7  5.700 -28.40 0.00000
        8  5.700 -28.30 0.00000
        9  5.700 -28.20 0.00000
       10  5.700 -28.10 0.00000
       11  5.700 -28.00 0.00000
       12  5.700 -27.90 0.00000
       13  5.700 -27.80 0.00000
       14  5.700 -27.70 0.00000
       15  5.700 -27.60 0.00000
       16  5.700 -27.50 0.00000
       17  5.700 -27.40 0.00000
       18  5.700 -27.30 0.00000
       19  5.700 -27.20 0.00000
       20  5.700 -27.10 0.00000
       21  5.700 -27.00 0.00000
       22  5.700 -26.90 0.00000
       23  5.700 -26.80 0.00000
       24  5.700 -26.70 0.00000
       25  5.700 -26.60 0.00000
       26  5.700 -26.50 0.00000
       27  5.700 -26.40 0.00000
       28  5.700 -26.30 0.00000
       29  5.700 -26.20 0.00000
       30  5.700 -26.10 0.00000
       31  5.700 -26.00 0.00000
       32  5.700 -25.90 0.00000
       33  5.700 -25.80 0.00000
       34  5.700 -25.70 0.00000
       35  5.700 -25.60 0.00000
       36  5.700 -25.50 0.00000
       37  5.700 -25.40 0.00000
       38  5.700 -25.30 0.00030
       39  5.700 -25.20 0.00100
       40  5.700 -25.10 0.00000
       41  5.700 -25.00 0.00000
       42  5.700 -24.90 0.00000
       43  5.700 -24.80 0.00000
       44  5.700 -24.70 0.00000
       45  5.700 -24.60 0.00000
       46  5.700 -24.50 0.00000
       47  5.700 -24.40 0.00000
       48  5.700 -24.30 0.00000
       49  5.700 -24.20 0.00000
       50  5.700 -24.10 0.00000
       51  5.700 -24.00 0.00000
       52  5.700 -23.90 0.00000
       53  5.700 -23.80 0.00000
       54  5.700 -23.70 0.00000
       55  5.700 -23.60 0.00000
       56  5.700 -23.50 0.00000
       57  5.700 -23.40 0.00000
       58  5.700 -23.30 0.00000
       59  5.700 -23.20 0.00000
       60  5.700 -23.10 0.00000
       61  5.700 -23.00 0.00000
       62  5.700 -22.90 0.00000
       63  5.700 -22.80 0.00000
       64  5.700 -22.70 0.00000
       65  5.700 -22.60 0.00000
       66  5.700 -22.50 0.00000
       67  5.700 -22.40 0.00000
       68  5.700 -22.30 0.00000
       69  5.700 -22.20 0.00000
       70  5.700 -22.10 0.00000
       71  5.700 -22.00 0.00000
       72  5.700 -21.90 0.00000
       73  5.700 -21.80 0.00000
       74  5.700 -21.70 0.00000
       75  5.700 -21.60 0.00000
       76  5.700 -21.50 0.00000
       77  5.700 -21.40 0.00000
       78  5.700 -21.30 0.00000
       79  5.700 -21.20 0.00000
       80  5.700 -21.10 0.00000
       81  5.725 -29.00 0.03690
       82  5.725 -28.90 0.03690
       83  5.725 -28.80 0.03690
       84  5.725 -28.70 0.03690
       85  5.725 -28.60 0.03690
       86  5.725 -28.50 0.03690
       87  5.725 -28.40 0.03690
       88  5.725 -28.30 0.03690
       89  5.725 -28.20 0.03690
       90  5.725 -28.10 0.03690
       91  5.725 -28.00 0.03690
       92  5.725 -27.90 0.03690
       93  5.725 -27.80 0.03690
       94  5.725 -27.70 0.03690
       95  5.725 -27.60 0.03690
       96  5.725 -27.50 0.03690
       97  5.725 -27.40 0.03690
       98  5.725 -27.30 0.03690
       99  5.725 -27.20 0.03690
      100  5.725 -27.10 0.03690
      101  5.725 -27.00 0.03690
      102  5.725 -26.90 0.03710
      103  5.725 -26.80 0.03720
      104  5.725 -26.70 0.03740
      105  5.725 -26.60 0.03810
      106  5.725 -26.50 0.03820
      107  5.725 -26.40 0.03830
      108  5.725 -26.30 0.03890
      109  5.725 -26.20 0.03910
      110  5.725 -26.10 0.03940
      111  5.725 -26.00 0.03980
      112  5.725 -25.90 0.04070
      113  5.725 -25.80 0.04190
      114  5.725 -25.70 0.04280
      115  5.725 -25.60 0.04450
      116  5.725 -25.50 0.04660
      117  5.725 -25.40 0.04910
      118  5.725 -25.30 0.05190
      119  5.725 -25.20 0.05450
      120  5.725 -25.10 0.04810
      121  5.725 -25.00 0.03790
      122  5.725 -24.90 0.02230
      123  5.725 -24.80 0.00950
      124  5.725 -24.70 0.00190
      125  5.725 -24.60 0.00000
      126  5.725 -24.50 0.00000
      127  5.725 -24.40 0.00000
      128  5.725 -24.30 0.00000
      129  5.725 -24.20 0.00000
      130  5.725 -24.10 0.00000
      131  5.725 -24.00 0.00000
      132  5.725 -23.90 0.00000
      133  5.725 -23.80 0.00000
      134  5.725 -23.70 0.00000
      135  5.725 -23.60 0.00000
      136  5.725 -23.50 0.00000
      137  5.725 -23.40 0.00000
      138  5.725 -23.30 0.00000
      139  5.725 -23.20 0.00000
      140  5.725 -23.10 0.00000
      141  5.725 -23.00 0.00000
      142  5.725 -22.90 0.00000
      143  5.725 -22.80 0.00000
      144  5.725 -22.70 0.00000
      145  5.725 -22.60 0.00000
      146  5.725 -22.50 0.00000
      147  5.725 -22.40 0.00000
      148  5.725 -22.30 0.00000
      149  5.725 -22.20 0.00000
      150  5.725 -22.10 0.00000
      151  5.725 -22.00 0.00000
      152  5.725 -21.90 0.00000
      153  5.725 -21.80 0.00000
      154  5.725 -21.70 0.00000
      155  5.725 -21.60 0.00000
      156  5.725 -21.50 0.00000
      157  5.725 -21.40 0.00000
      158  5.725 -21.30 0.00000
      159  5.725 -21.20 0.00000
      160  5.725 -21.10 0.00000
      161  5.750 -29.00 0.07380
      162  5.750 -28.90 0.07380
      163  5.750 -28.80 0.07380
      164  5.750 -28.70 0.07380
      165  5.750 -28.60 0.07380
      166  5.750 -28.50 0.07380
      167  5.750 -28.40 0.07380
      168  5.750 -28.30 0.07380
      169  5.750 -28.20 0.07380
      170  5.750 -28.10 0.07380
      171  5.750 -28.00 0.07380
      172  5.750 -27.90 0.07380
      173  5.750 -27.80 0.07380
      174  5.750 -27.70 0.07380
      175  5.750 -27.60 0.07380
      176  5.750 -27.50 0.07380
      177  5.750 -27.40 0.07380
      178  5.750 -27.30 0.07380
      179  5.750 -27.20 0.07380
      180  5.750 -27.10 0.07380
      181  5.750 -27.00 0.07380
      182  5.750 -26.90 0.07420
      183  5.750 -26.80 0.07430
      184  5.750 -26.70 0.07490
      185  5.750 -26.60 0.07610
      186  5.750 -26.50 0.07630
      187  5.750 -26.40 0.07670
      188  5.750 -26.30 0.07780
      189  5.750 -26.20 0.07810
      190  5.750 -26.10 0.07880
      191  5.750 -26.00 0.07960
      192  5.750 -25.90 0.08140
      193  5.750 -25.80 0.08370
      194  5.750 -25.70 0.08570
      195  5.750 -25.60 0.08890
      196  5.750 -25.50 0.09320
      197  5.750 -25.40 0.09830
      198  5.750 -25.30 0.10350
      199  5.750 -25.20 0.10810
      200  5.750 -25.10 0.09610
      201  5.750 -25.00 0.07580
      202  5.750 -24.90 0.04460
      203  5.750 -24.80 0.01910
      204  5.750 -24.70 0.00380
      205  5.750 -24.60 0.00000
      206  5.750 -24.50 0.00000
      207  5.750 -24.40 0.00000
      208  5.750 -24.30 0.00000
      209  5.750 -24.20 0.00000
      210  5.750 -24.10 0.00000
      211  5.750 -24.00 0.00000
      212  5.750 -23.90 0.00000
      213  5.750 -23.80 0.00000
      214  5.750 -23.70 0.00000
      215  5.750 -23.60 0.00000
      216  5.750 -23.50 0.00000
      217  5.750 -23.40 0.00000
      218  5.750 -23.30 0.00000
      219  5.750 -23.20 0.00000
      220  5.750 -23.10 0.00000
      221  5.750 -23.00 0.00000
      222  5.750 -22.90 0.00000
      223  5.750 -22.80 0.00000
      224  5.750 -22.70 0.00000
      225  5.750 -22.60 0.00000
      226  5.750 -22.50 0.00000
      227  5.750 -22.40 0.00000
      228  5.750 -22.30 0.00000
      229  5.750 -22.20 0.00000
      230  5.750 -22.10 0.00000
      231  5.750 -22.00 0.00000
      232  5.750 -21.90 0.00000
      233  5.750 -21.80 0.00000
      234  5.750 -21.70 0.00000
      235  5.750 -21.60 0.00000
      236  5.750 -21.50 0.00000
      237  5.750 -21.40 0.00000
      238  5.750 -21.30 0.00000
      239  5.750 -21.20 0.00000
      240  5.750 -21.10 0.00000
      241  5.775 -29.00 0.11070
      242  5.775 -28.90 0.11070
      243  5.775 -28.80 0.11070
      244  5.775 -28.70 0.11070
      245  5.775 -28.60 0.11070
      246  5.775 -28.50 0.11070
      247  5.775 -28.40 0.11070
      248  5.775 -28.30 0.11070
      249  5.775 -28.20 0.11070
      250  5.775 -28.10 0.11070
      251  5.775 -28.00 0.11070
      252  5.775 -27.90 0.11070
      253  5.775 -27.80 0.11070
      254  5.775 -27.70 0.11070
      255  5.775 -27.60 0.11070
      256  5.775 -27.50 0.11070
      257  5.775 -27.40 0.11070
      258  5.775 -27.30 0.11070
      259  5.775 -27.20 0.11070
      260  5.775 -27.10 0.11070
      261  5.775 -27.00 0.11070
      262  5.775 -26.90 0.11120
      263  5.775 -26.80 0.11150
      264  5.775 -26.70 0.11230
      265  5.775 -26.60 0.11420
      266  5.775 -26.50 0.11450
      267  5.775 -26.40 0.11500
      268  5.775 -26.30 0.11660
      269  5.775 -26.20 0.11720
      270  5.775 -26.10 0.11830
      271  5.775 -26.00 0.11930
      272  5.775 -25.90 0.12200
      273  5.775 -25.80 0.12560
      274  5.775 -25.70 0.12850
      275  5.775 -25.60 0.13340
      276  5.775 -25.50 0.13990
      277  5.775 -25.40 0.14740
      278  5.775 -25.30 0.15500
      279  5.775 -25.20 0.16160
      280  5.775 -25.10 0.14420
      281  5.775 -25.00 0.11370
      282  5.775 -24.90 0.06700
      283  5.775 -24.80 0.02860
      284  5.775 -24.70 0.00570
      285  5.775 -24.60 0.00000
      286  5.775 -24.50 0.00000
      287  5.775 -24.40 0.00000
      288  5.775 -24.30 0.00000
      289  5.775 -24.20 0.00000
      290  5.775 -24.10 0.00000
      291  5.775 -24.00 0.00000
      292  5.775 -23.90 0.00000
      293  5.775 -23.80 0.00000
      294  5.775 -23.70 0.00000
      295  5.775 -23.60 0.00000
      296  5.775 -23.50 0.00000
      297  5.775 -23.40 0.00000
      298  5.775 -23.30 0.00000
      299  5.775 -23.20 0.00000
      300  5.775 -23.10 0.00000
      301  5.775 -23.00 0.00000
      302  5.775 -22.90 0.00000
      303  5.775 -22.80 0.00000
      304  5.775 -22.70 0.00000
      305  5.775 -22.60 0.00000
      306  5.775 -22.50 0.00000
      307  5.775 -22.40 0.00000
      308  5.775 -22.30 0.00000
      309  5.775 -22.20 0.00000
      310  5.775 -22.10 0.00000
      311  5.775 -22.00 0.00000
      312  5.775 -21.90 0.00000
      313  5.775 -21.80 0.00000
      314  5.775 -21.70 0.00000
      315  5.775 -21.60 0.00000
      316  5.775 -21.50 0.00000
      317  5.775 -21.40 0.00000
      318  5.775 -21.30 0.00000
      319  5.775 -21.20 0.00000
      320  5.775 -21.10 0.00000
      321  5.800 -29.00 0.20350
      322  5.800 -28.90 0.20350
      323  5.800 -28.80 0.20350
      324  5.800 -28.70 0.20350
      325  5.800 -28.60 0.20350
      326  5.800 -28.50 0.20350
      327  5.800 -28.40 0.20350
      328  5.800 -28.30 0.20350
      329  5.800 -28.20 0.20350
      330  5.800 -28.10 0.20350
      331  5.800 -28.00 0.20350
      332  5.800 -27.90 0.20350
      333  5.800 -27.80 0.20350
      334  5.800 -27.70 0.20350
      335  5.800 -27.60 0.20350
      336  5.800 -27.50 0.20350
      337  5.800 -27.40 0.20350
      338  5.800 -27.30 0.20350
      339  5.800 -27.20 0.20350
      340  5.800 -27.10 0.20350
      341  5.800 -27.00 0.20350
      342  5.800 -26.90 0.20410
      343  5.800 -26.80 0.20440
      344  5.800 -26.70 0.20530
      345  5.800 -26.60 0.20740
      346  5.800 -26.50 0.20760
      347  5.800 -26.40 0.20820
      348  5.800 -26.30 0.20990
      349  5.800 -26.20 0.21040
      350  5.800 -26.10 0.21150
      351  5.800 -26.00 0.21240
      352  5.800 -25.90 0.21520
      353  5.800 -25.80 0.21880
      354  5.800 -25.70 0.22170
      355  5.800 -25.60 0.22670
      356  5.800 -25.50 0.23340
      357  5.800 -25.40 0.24110
      358  5.800 -25.30 0.24880
      359  5.800 -25.20 0.25390
      360  5.800 -25.10 0.23020
      361  5.800 -25.00 0.18770
      362  5.800 -24.90 0.11880
      363  5.800 -24.80 0.06060
      364  5.800 -24.70 0.02550
      365  5.800 -24.60 0.00660
      366  5.800 -24.50 0.00350
      367  5.800 -24.40 0.00000
      368  5.800 -24.30 0.00000
      369  5.800 -24.20 0.00000
      370  5.800 -24.10 0.00000
      371  5.800 -24.00 0.00000
      372  5.800 -23.90 0.00000
      373  5.800 -23.80 0.00000
      374  5.800 -23.70 0.00000
      375  5.800 -23.60 0.00000
      376  5.800 -23.50 0.00000
      377  5.800 -23.40 0.00000
      378  5.800 -23.30 0.00000
      379  5.800 -23.20 0.00000
      380  5.800 -23.10 0.00000
      381  5.800 -23.00 0.00000
      382  5.800 -22.90 0.00000
      383  5.800 -22.80 0.00000
      384  5.800 -22.70 0.00000
      385  5.800 -22.60 0.00000
      386  5.800 -22.50 0.00000
      387  5.800 -22.40 0.00000
      388  5.800 -22.30 0.00000
      389  5.800 -22.20 0.00000
      390  5.800 -22.10 0.00000
      391  5.800 -22.00 0.00000
      392  5.800 -21.90 0.00000
      393  5.800 -21.80 0.00000
      394  5.800 -21.70 0.00000
      395  5.800 -21.60 0.00000
      396  5.800 -21.50 0.00000
      397  5.800 -21.40 0.00000
      398  5.800 -21.30 0.00000
      399  5.800 -21.20 0.00000
      400  5.800 -21.10 0.00000
      401  5.825 -29.00 0.42670
      402  5.825 -28.90 0.42670
      403  5.825 -28.80 0.42670
      404  5.825 -28.70 0.42670
      405  5.825 -28.60 0.42670
      406  5.825 -28.50 0.42670
      407  5.825 -28.40 0.42670
      408  5.825 -28.30 0.42670
      409  5.825 -28.20 0.42670
      410  5.825 -28.10 0.42670
      411  5.825 -28.00 0.42670
      412  5.825 -27.90 0.42670
      413  5.825 -27.80 0.42670
      414  5.825 -27.70 0.42670
      415  5.825 -27.60 0.42670
      416  5.825 -27.50 0.42670
      417  5.825 -27.40 0.42670
      418  5.825 -27.30 0.42670
      419  5.825 -27.20 0.42670
      420  5.825 -27.10 0.42670
      421  5.825 -27.00 0.42670
      422  5.825 -26.90 0.42700
      423  5.825 -26.80 0.42710
      424  5.825 -26.70 0.42780
      425  5.825 -26.60 0.42900
      426  5.825 -26.50 0.42910
      427  5.825 -26.40 0.42930
      428  5.825 -26.30 0.43020
      429  5.825 -26.20 0.43010
      430  5.825 -26.10 0.43030
      431  5.825 -26.00 0.43000
      432  5.825 -25.90 0.43080
      433  5.825 -25.80 0.43210
      434  5.825 -25.70 0.43240
      435  5.825 -25.60 0.43400
      436  5.825 -25.50 0.43630
      437  5.825 -25.40 0.43870
      438  5.825 -25.30 0.44090
      439  5.825 -25.20 0.43630
      440  5.825 -25.10 0.40490
      441  5.825 -25.00 0.34600
      442  5.825 -24.90 0.23940
      443  5.825 -24.80 0.14490
      444  5.825 -24.70 0.08700
      445  5.825 -24.60 0.02840
      446  5.825 -24.50 0.01510
      447  5.825 -24.40 0.00000
      448  5.825 -24.30 0.00000
      449  5.825 -24.20 0.00000
      450  5.825 -24.10 0.00000
      451  5.825 -24.00 0.00000
      452  5.825 -23.90 0.00000
      453  5.825 -23.80 0.00000
      454  5.825 -23.70 0.00000
      455  5.825 -23.60 0.00000
      456  5.825 -23.50 0.00000
      457  5.825 -23.40 0.00000
      458  5.825 -23.30 0.00000
      459  5.825 -23.20 0.00000
      460  5.825 -23.10 0.00000
      461  5.825 -23.00 0.00000
      462  5.825 -22.90 0.00000
      463  5.825 -22.80 0.00000
      464  5.825 -22.70 0.00000
      465  5.825 -22.60 0.00000
      466  5.825 -22.50 0.00000
      467  5.825 -22.40 0.00000
      468  5.825 -22.30 0.00000
      469  5.825 -22.20 0.00000
      470  5.825 -22.10 0.00000
      471  5.825 -22.00 0.00000
      472  5.825 -21.90 0.00000
      473  5.825 -21.80 0.00000
      474  5.825 -21.70 0.00000
      475  5.825 -21.60 0.00000
      476  5.825 -21.50 0.00000
      477  5.825 -21.40 0.00000
      478  5.825 -21.30 0.00000
      479  5.825 -21.20 0.00000
      480  5.825 -21.10 0.00000
      481  5.850 -29.00 0.64990
      482  5.850 -28.90 0.64990
      483  5.850 -28.80 0.64990
      484  5.850 -28.70 0.64990
      485  5.850 -28.60 0.64990
      486  5.850 -28.50 0.64990
      487  5.850 -28.40 0.64990
      488  5.850 -28.30 0.64990
      489  5.850 -28.20 0.64990
      490  5.850 -28.10 0.64990
      491  5.850 -28.00 0.64990
      492  5.850 -27.90 0.64990
      493  5.850 -27.80 0.64990
      494  5.850 -27.70 0.64990
      495  5.850 -27.60 0.64990
      496  5.850 -27.50 0.64990
      497  5.850 -27.40 0.64990
      498  5.850 -27.30 0.64990
      499  5.850 -27.20 0.64990
      500  5.850 -27.10 0.64990
      501  5.850 -27.00 0.64990
      502  5.850 -26.90 0.64990
      503  5.850 -26.80 0.64990
      504  5.850 -26.70 0.65020
      505  5.850 -26.60 0.65070
      506  5.850 -26.50 0.65060
      507  5.850 -26.40 0.65050
      508  5.850 -26.30 0.65040
      509  5.850 -26.20 0.64980
      510  5.850 -26.10 0.64910
      511  5.850 -26.00 0.64750
      512  5.850 -25.90 0.64650
      513  5.850 -25.80 0.64540
      514  5.850 -25.70 0.64310
      515  5.850 -25.60 0.64120
      516  5.850 -25.50 0.63930
      517  5.850 -25.40 0.63640
      518  5.850 -25.30 0.63310
      519  5.850 -25.20 0.61870
      520  5.850 -25.10 0.57960
      521  5.850 -25.00 0.50430
      522  5.850 -24.90 0.36000
      523  5.850 -24.80 0.22930
      524  5.850 -24.70 0.14860
      525  5.850 -24.60 0.05030
      526  5.850 -24.50 0.02670
      527  5.850 -24.40 0.00000
      528  5.850 -24.30 0.00000
      529  5.850 -24.20 0.00000
      530  5.850 -24.10 0.00000
      531  5.850 -24.00 0.00000
      532  5.850 -23.90 0.00000
      533  5.850 -23.80 0.00000
      534  5.850 -23.70 0.00000
      535  5.850 -23.60 0.00000
      536  5.850 -23.50 0.00000
      537  5.850 -23.40 0.00000
      538  5.850 -23.30 0.00000
      539  5.850 -23.20 0.00000
      540  5.850 -23.10 0.00000
      541  5.850 -23.00 0.00000
      542  5.850 -22.90 0.00000
      543  5.850 -22.80 0.00000
      544  5.850 -22.70 0.00000
      545  5.850 -22.60 0.00000
      546  5.850 -22.50 0.00000
      547  5.850 -22.40 0.00000
      548  5.850 -22.30 0.00000
      549  5.850 -22.20 0.00000
      550  5.850 -22.10 0.00000
      551  5.850 -22.00 0.00000
      552  5.850 -21.90 0.00000
      553  5.850 -21.80 0.00000
      554  5.850 -21.70 0.00000
      555  5.850 -21.60 0.00000
      556  5.850 -21.50 0.00000
      557  5.850 -21.40 0.00000
      558  5.850 -21.30 0.00000
      559  5.850 -21.20 0.00000
      560  5.850 -21.10 0.00000
      561  5.875 -29.00 0.87310
      562  5.875 -28.90 0.87310
      563  5.875 -28.80 0.87310
      564  5.875 -28.70 0.87310
      565  5.875 -28.60 0.87310
      566  5.875 -28.50 0.87310
      567  5.875 -28.40 0.87310
      568  5.875 -28.30 0.87310
      569  5.875 -28.20 0.87310
      570  5.875 -28.10 0.87310
      571  5.875 -28.00 0.87310
      572  5.875 -27.90 0.87310
      573  5.875 -27.80 0.87310
      574  5.875 -27.70 0.87310
      575  5.875 -27.60 0.87310
      576  5.875 -27.50 0.87310
      577  5.875 -27.40 0.87310
      578  5.875 -27.30 0.87310
      579  5.875 -27.20 0.87310
      580  5.875 -27.10 0.87310
      581  5.875 -27.00 0.87310
      582  5.875 -26.90 0.87290
      583  5.875 -26.80 0.87260
      584  5.875 -26.70 0.87270
      585  5.875 -26.60 0.87240
      586  5.875 -26.50 0.87210
      587  5.875 -26.40 0.87160
      588  5.875 -26.30 0.87060
      589  5.875 -26.20 0.86950
      590  5.875 -26.10 0.86790
      591  5.875 -26.00 0.86500
      592  5.875 -25.90 0.86210
      593  5.875 -25.80 0.85870
      594  5.875 -25.70 0.85380
      595  5.875 -25.60 0.84850
      596  5.875 -25.50 0.84220
      597  5.875 -25.40 0.83400
      598  5.875 -25.30 0.82520
      599  5.875 -25.20 0.80120
      600  5.875 -25.10 0.75430
      601  5.875 -25.00 0.66260
      602  5.875 -24.90 0.48060
      603  5.875 -24.80 0.31360
      604  5.875 -24.70 0.21010
      605  5.875 -24.60 0.07220
      606  5.875 -24.50 0.03830
      607  5.875 -24.40 0.00000
      608  5.875 -24.30 0.00000
      609  5.875 -24.20 0.00000
      610  5.875 -24.10 0.00000
      611  5.875 -24.00 0.00000
      612  5.875 -23.90 0.00000
      613  5.875 -23.80 0.00000
      614  5.875 -23.70 0.00000
      615  5.875 -23.60 0.00000
      616  5.875 -23.50 0.00000
      617  5.875 -23.40 0.00000
      618  5.875 -23.30 0.00000
      619  5.875 -23.20 0.00000
      620  5.875 -23.10 0.00000
      621  5.875 -23.00 0.00000
      622  5.875 -22.90 0.00000
      623  5.875 -22.80 0.00000
      624  5.875 -22.70 0.00000
      625  5.875 -22.60 0.00000
      626  5.875 -22.50 0.00000
      627  5.875 -22.40 0.00000
      628  5.875 -22.30 0.00000
      629  5.875 -22.20 0.00000
      630  5.875 -22.10 0.00000
      631  5.875 -22.00 0.00000
      632  5.875 -21.90 0.00000
      633  5.875 -21.80 0.00000
      634  5.875 -21.70 0.00000
      635  5.875 -21.60 0.00000
      636  5.875 -21.50 0.00000
      637  5.875 -21.40 0.00000
      638  5.875 -21.30 0.00000
      639  5.875 -21.20 0.00000
      640  5.875 -21.10 0.00000
      641  5.900 -29.00 0.96810
      642  5.900 -28.90 0.96810
      643  5.900 -28.80 0.96810
      644  5.900 -28.70 0.96810
      645  5.900 -28.60 0.96810
      646  5.900 -28.50 0.96810
      647  5.900 -28.40 0.96810
      648  5.900 -28.30 0.96810
      649  5.900 -28.20 0.96810
      650  5.900 -28.10 0.96810
      651  5.900 -28.00 0.96810
      652  5.900 -27.90 0.96810
      653  5.900 -27.80 0.96810
      654  5.900 -27.70 0.96810
      655  5.900 -27.60 0.96810
      656  5.900 -27.50 0.96810
      657  5.900 -27.40 0.96810
      658  5.900 -27.30 0.96810
      659  5.900 -27.20 0.96810
      660  5.900 -27.10 0.96810
      661  5.900 -27.00 0.96810
      662  5.900 -26.90 0.96790
      663  5.900 -26.80 0.96750
      664  5.900 -26.70 0.96750
      665  5.900 -26.60 0.96690
      666  5.900 -26.50 0.96650
      667  5.900 -26.40 0.96590
      668  5.900 -26.30 0.96460
      669  5.900 -26.20 0.96330
      670  5.900 -26.10 0.96150
      671  5.900 -26.00 0.95830
      672  5.900 -25.90 0.95490
      673  5.900 -25.80 0.95080
      674  5.900 -25.70 0.94520
      675  5.900 -25.60 0.93870
      676  5.900 -25.50 0.93120
      677  5.900 -25.40 0.92120
      678  5.900 -25.30 0.91060
      679  5.900 -25.20 0.87880
      680  5.900 -25.10 0.82160
      681  5.900 -25.00 0.72780
      682  5.900 -24.90 0.53750
      683  5.900 -24.80 0.34750
      684  5.900 -24.70 0.22910
      685  5.900 -24.60 0.08450
      686  5.900 -24.50 0.03760
      687  5.900 -24.40 0.00160
      688  5.900 -24.30 0.00160
      689  5.900 -24.20 0.00000
      690  5.900 -24.10 0.00000
      691  5.900 -24.00 0.00000
      692  5.900 -23.90 0.00000
      693  5.900 -23.80 0.00000
      694  5.900 -23.70 0.00000
      695  5.900 -23.60 0.00000
      696  5.900 -23.50 0.00000
      697  5.900 -23.40 0.00000
      698  5.900 -23.30 0.00000
      699  5.900 -23.20 0.00000
      700  5.900 -23.10 0.00000
      701  5.900 -23.00 0.00000
      702  5.900 -22.90 0.00000
      703  5.900 -22.80 0.00000
      704  5.900 -22.70 0.00000
      705  5.900 -22.60 0.00000
      706  5.900 -22.50 0.00000
      707  5.900 -22.40 0.00000
      708  5.900 -22.30 0.00000
      709  5.900 -22.20 0.00000
      710  5.900 -22.10 0.00000
      711  5.900 -22.00 0.00000
      712  5.900 -21.90 0.00000
      713  5.900 -21.80 0.00000
      714  5.900 -21.70 0.00000
      715  5.900 -21.60 0.00000
      716  5.900 -21.50 0.00000
      717  5.900 -21.40 0.00000
      718  5.900 -21.30 0.00000
      719  5.900 -21.20 0.00000
      720  5.900 -21.10 0.00000
      721  5.925 -29.00 0.97780
      722  5.925 -28.90 0.97780
      723  5.925 -28.80 0.97780
      724  5.925 -28.70 0.97780
      725  5.925 -28.60 0.97780
      726  5.925 -28.50 0.97780
      727  5.925 -28.40 0.97780
      728  5.925 -28.30 0.97780
      729  5.925 -28.20 0.97780
      730  5.925 -28.10 0.97780
      731  5.925 -28.00 0.97780
      732  5.925 -27.90 0.97780
      733  5.925 -27.80 0.97780
      734  5.925 -27.70 0.97780
      735  5.925 -27.60 0.97780
      736  5.925 -27.50 0.97780
      737  5.925 -27.40 0.97780
      738  5.925 -27.30 0.97780
      739  5.925 -27.20 0.97780
      740  5.925 -27.10 0.97780
      741  5.925 -27.00 0.97780
      742  5.925 -26.90 0.97760
      743  5.925 -26.80 0.97730
      744  5.925 -26.70 0.97730
      745  5.925 -26.60 0.97660
      746  5.925 -26.50 0.97630
      747  5.925 -26.40 0.97560
      748  5.925 -26.30 0.97440
      749  5.925 -26.20 0.97310
      750  5.925 -26.10 0.97180
      751  5.925 -26.00 0.96880
      752  5.925 -25.90 0.96580
      753  5.925 -25.80 0.96210
      754  5.925 -25.70 0.95710
      755  5.925 -25.60 0.95100
      756  5.925 -25.50 0.94430
      757  5.925 -25.40 0.93480
      758  5.925 -25.30 0.92480
      759  5.925 -25.20 0.88670
      760  5.925 -25.10 0.81740
      761  5.925 -25.00 0.73100
      762  5.925 -24.90 0.55200
      763  5.925 -24.80 0.34790
      764  5.925 -24.70 0.21960
      765  5.925 -24.60 0.09040
      766  5.925 -24.50 0.02870
      767  5.925 -24.40 0.00430
      768  5.925 -24.30 0.00430
      769  5.925 -24.20 0.00000
      770  5.925 -24.10 0.00000
      771  5.925 -24.00 0.00000
      772  5.925 -23.90 0.00000
      773  5.925 -23.80 0.00000
      774  5.925 -23.70 0.00000
      775  5.925 -23.60 0.00000
      776  5.925 -23.50 0.00000
      777  5.925 -23.40 0.00000
      778  5.925 -23.30 0.00000
      779  5.925 -23.20 0.00000
      780  5.925 -23.10 0.00000
      781  5.925 -23.00 0.00000
      782  5.925 -22.90 0.00000
      783  5.925 -22.80 0.00000
      784  5.925 -22.70 0.00000
      785  5.925 -22.60 0.00000
      786  5.925 -22.50 0.00000
      787  5.925 -22.40 0.00000
      788  5.925 -22.30 0.00000
      789  5.925 -22.20 0.00000
      790  5.925 -22.10 0.00000
      791  5.925 -22.00 0.00000
      792  5.925 -21.90 0.00000
      793  5.925 -21.80 0.00000
      794  5.925 -21.70 0.00000
      795  5.925 -21.60 0.00000
      796  5.925 -21.50 0.00000
      797  5.925 -21.40 0.00000
      798  5.925 -21.30 0.00000
      799  5.925 -21.20 0.00000
      800  5.925 -21.10 0.00000
      801  5.950 -29.00 0.98740
      802  5.950 -28.90 0.98740
      803  5.950 -28.80 0.98740
      804  5.950 -28.70 0.98740
      805  5.950 -28.60 0.98740
      806  5.950 -28.50 0.98740
      807  5.950 -28.40 0.98740
      808  5.950 -28.30 0.98740
      809  5.950 -28.20 0.98740
      810  5.950 -28.10 0.98740
      811  5.950 -28.00 0.98740
      812  5.950 -27.90 0.98740
      813  5.950 -27.80 0.98740
      814  5.950 -27.70 0.98740
      815  5.950 -27.60 0.98740
      816  5.950 -27.50 0.98740
      817  5.950 -27.40 0.98740
      818  5.950 -27.30 0.98740
      819  5.950 -27.20 0.98740
      820  5.950 -27.10 0.98740
      821  5.950 -27.00 0.98740
      822  5.950 -26.90 0.98730
      823  5.950 -26.80 0.98700
      824  5.950 -26.70 0.98700
      825  5.950 -26.60 0.98630
      826  5.950 -26.50 0.98600
      827  5.950 -26.40 0.98530
      828  5.950 -26.30 0.98420
      829  5.950 -26.20 0.98290
      830  5.950 -26.10 0.98210
      831  5.950 -26.00 0.97920
      832  5.950 -25.90 0.97670
      833  5.950 -25.80 0.97330
      834  5.950 -25.70 0.96890
      835  5.950 -25.60 0.96320
      836  5.950 -25.50 0.95730
      837  5.950 -25.40 0.94840
      838  5.950 -25.30 0.93910
      839  5.950 -25.20 0.89450
      840  5.950 -25.10 0.81320
      841  5.950 -25.00 0.73410
      842  5.950 -24.90 0.56650
      843  5.950 -24.80 0.34830
      844  5.950 -24.70 0.21020
      845  5.950 -24.60 0.09640
      846  5.950 -24.50 0.01980
      847  5.950 -24.40 0.00700
      848  5.950 -24.30 0.00700
      849  5.950 -24.20 0.00000
      850  5.950 -24.10 0.00000
      851  5.950 -24.00 0.00000
      852  5.950 -23.90 0.00000
      853  5.950 -23.80 0.00000
      854  5.950 -23.70 0.00000
      855  5.950 -23.60 0.00000
      856  5.950 -23.50 0.00000
      857  5.950 -23.40 0.00000
      858  5.950 -23.30 0.00000
      859  5.950 -23.20 0.00000
      860  5.950 -23.10 0.00000
      861  5.950 -23.00 0.00000
      862  5.950 -22.90 0.00000
      863  5.950 -22.80 0.00000
      864  5.950 -22.70 0.00000
      865  5.950 -22.60 0.00000
      866  5.950 -22.50 0.00000
      867  5.950 -22.40 0.00000
      868  5.950 -22.30 0.00000
      869  5.950 -22.20 0.00000
      870  5.950 -22.10 0.00000
      871  5.950 -22.00 0.00000
      872  5.950 -21.90 0.00000
      873  5.950 -21.80 0.00000
      874  5.950 -21.70 0.00000
      875  5.950 -21.60 0.00000
      876  5.950 -21.50 0.00000
      877  5.950 -21.40 0.00000
      878  5.950 -21.30 0.00000
      879  5.950 -21.20 0.00000
      880  5.950 -21.10 0.00000
      881  5.975 -29.00 0.99700
      882  5.975 -28.90 0.99700
      883  5.975 -28.80 0.99700
      884  5.975 -28.70 0.99700
      885  5.975 -28.60 0.99700
      886  5.975 -28.50 0.99700
      887  5.975 -28.40 0.99700
      888  5.975 -28.30 0.99700
      889  5.975 -28.20 0.99700
      890  5.975 -28.10 0.99700
      891  5.975 -28.00 0.99700
      892  5.975 -27.90 0.99700
      893  5.975 -27.80 0.99700
      894  5.975 -27.70 0.99700
      895  5.975 -27.60 0.99700
      896  5.975 -27.50 0.99700
      897  5.975 -27.40 0.99700
      898  5.975 -27.30 0.99700
      899  5.975 -27.20 0.99700
      900  5.975 -27.10 0.99700
      901  5.975 -27.00 0.99700
      902  5.975 -26.90 0.99700
      903  5.975 -26.80 0.99670
      904  5.975 -26.70 0.99670
      905  5.975 -26.60 0.99600
      906  5.975 -26.50 0.99570
      907  5.975 -26.40 0.99500
      908  5.975 -26.30 0.99400
      909  5.975 -26.20 0.99270
      910  5.975 -26.10 0.99230
      911  5.975 -26.00 0.98960
      912  5.975 -25.90 0.98760
      913  5.975 -25.80 0.98460
      914  5.975 -25.70 0.98080
      915  5.975 -25.60 0.97550
      916  5.975 -25.50 0.97040
      917  5.975 -25.40 0.96200
      918  5.975 -25.30 0.95330
      919  5.975 -25.20 0.90230
      920  5.975 -25.10 0.80890
      921  5.975 -25.00 0.73730
      922  5.975 -24.90 0.58100
      923  5.975 -24.80 0.34860
      924  5.975 -24.70 0.20070
      925  5.975 -24.60 0.10230
      926  5.975 -24.50 0.01090
      927  5.975 -24.40 0.00970
      928  5.975 -24.30 0.00970
      929  5.975 -24.20 0.00000
      930  5.975 -24.10 0.00000
      931  5.975 -24.00 0.00000
      932  5.975 -23.90 0.00000
      933  5.975 -23.80 0.00000
      934  5.975 -23.70 0.00000
      935  5.975 -23.60 0.00000
      936  5.975 -23.50 0.00000
      937  5.975 -23.40 0.00000
      938  5.975 -23.30 0.00000
      939  5.975 -23.20 0.00000
      940  5.975 -23.10 0.00000
      941  5.975 -23.00 0.00000
      942  5.975 -22.90 0.00000
      943  5.975 -22.80 0.00000
      944  5.975 -22.70 0.00000
      945  5.975 -22.60 0.00000
      946  5.975 -22.50 0.00000
      947  5.975 -22.40 0.00000
      948  5.975 -22.30 0.00000
      949  5.975 -22.20 0.00000
      950  5.975 -22.10 0.00000
      951  5.975 -22.00 0.00000
      952  5.975 -21.90 0.00000
      953  5.975 -21.80 0.00000
      954  5.975 -21.70 0.00000
      955  5.975 -21.60 0.00000
      956  5.975 -21.50 0.00000
      957  5.975 -21.40 0.00000
      958  5.975 -21.30 0.00000
      959  5.975 -21.20 0.00000
      960  5.975 -21.10 0.00000
      961  6.000 -29.00 0.99190
      962  6.000 -28.90 0.99190
      963  6.000 -28.80 0.99190
      964  6.000 -28.70 0.99190
      965  6.000 -28.60 0.99190
      966  6.000 -28.50 0.99190
      967  6.000 -28.40 0.99190
      968  6.000 -28.30 0.99190
      969  6.000 -28.20 0.99190
      970  6.000 -28.10 0.99190
      971  6.000 -28.00 0.99190
      972  6.000 -27.90 0.99190
      973  6.000 -27.80 0.99190
      974  6.000 -27.70 0.99190
      975  6.000 -27.60 0.99190
      976  6.000 -27.50 0.99190
      977  6.000 -27.40 0.99190
      978  6.000 -27.30 0.99190
      979  6.000 -27.20 0.99190
      980  6.000 -27.10 0.99190
      981  6.000 -27.00 0.99190
      982  6.000 -26.90 0.99170
      983  6.000 -26.80 0.99140
      984  6.000 -26.70 0.99110
      985  6.000 -26.60 0.99040
      986  6.000 -26.50 0.99010
      987  6.000 -26.40 0.98920
      988  6.000 -26.30 0.98800
      989  6.000 -26.20 0.98630
      990  6.000 -26.10 0.98540
      991  6.000 -26.00 0.98270
      992  6.000 -25.90 0.98040
      993  6.000 -25.80 0.97720
      994  6.000 -25.70 0.97300
      995  6.000 -25.60 0.96730
      996  6.000 -25.50 0.96030
      997  6.000 -25.40 0.94830
      998  6.000 -25.30 0.93210
      999  6.000 -25.20 0.86630
     1000  6.000 -25.10 0.75740
     1001  6.000 -25.00 0.67750
     1002  6.000 -24.90 0.52090
     1003  6.000 -24.80 0.30350
     1004  6.000 -24.70 0.17450
     1005  6.000 -24.60 0.09170
     1006  6.000 -24.50 0.01220
     1007  6.000 -24.40 0.00760
     1008  6.000 -24.30 0.00760
     1009  6.000 -24.20 0.00000
     1010  6.000 -24.10 0.00000
     1011  6.000 -24.00 0.00000
     1012  6.000 -23.90 0.00000
     1013  6.000 -23.80 0.00000
     1014  6.000 -23.70 0.00000
     1015  6.000 -23.60 0.00000
     1016  6.000 -23.50 0.00000
     1017  6.000 -23.40 0.00000
     1018  6.000 -23.30 0.00000
     1019  6.000 -23.20 0.00000
     1020  6.000 -23.10 0.00000
     1021  6.000 -23.00 0.00000
     1022  6.000 -22.90 0.00000
     1023  6.000 -22.80 0.00000
     1024  6.000 -22.70 0.00000
     1025  6.000 -22.60 0.00000
     1026  6.000 -22.50 0.00000
     1027  6.000 -22.40 0.00000
     1028  6.000 -22.30 0.00000
     1029  6.000 -22.20 0.00000
     1030  6.000 -22.10 0.00000
     1031  6.000 -22.00 0.00000
     1032  6.000 -21.90 0.00000
     1033  6.000 -21.80 0.00000
     1034  6.000 -21.70 0.00000
     1035  6.000 -21.60 0.00000
     1036  6.000 -21.50 0.00000
     1037  6.000 -21.40 0.00000
     1038  6.000 -21.30 0.00000
     1039  6.000 -21.20 0.00000
     1040  6.000 -21.10 0.00000
     1041  6.025 -29.00 0.98520
     1042  6.025 -28.90 0.98520
     1043  6.025 -28.80 0.98520
     1044  6.025 -28.70 0.98520
     1045  6.025 -28.60 0.98520
     1046  6.025 -28.50 0.98520
     1047  6.025 -28.40 0.98520
     1048  6.025 -28.30 0.98520
     1049  6.025 -28.20 0.98520
     1050  6.025 -28.10 0.98520
     1051  6.025 -28.00 0.98520
     1052  6.025 -27.90 0.98520
     1053  6.025 -27.80 0.98520
     1054  6.025 -27.70 0.98520
     1055  6.025 -27.60 0.98520
     1056  6.025 -27.50 0.98520
     1057  6.025 -27.40 0.98520
     1058  6.025 -27.30 0.98520
     1059  6.025 -27.20 0.98520
     1060  6.025 -27.10 0.98520
     1061  6.025 -27.00 0.98520
     1062  6.025 -26.90 0.98470
     1063  6.025 -26.80 0.98450
     1064  6.025 -26.70 0.98380
     1065  6.025 -26.60 0.98320
     1066  6.025 -26.50 0.98280
     1067  6.025 -26.40 0.98160
     1068  6.025 -26.30 0.98030
     1069  6.025 -26.20 0.97810
     1070  6.025 -26.10 0.97660
     1071  6.025 -26.00 0.97390
     1072  6.025 -25.90 0.97120
     1073  6.025 -25.80 0.96770
     1074  6.025 -25.70 0.96300
     1075  6.025 -25.60 0.95690
     1076  6.025 -25.50 0.94760
     1077  6.025 -25.40 0.93160
     1078  6.025 -25.30 0.90700
     1079  6.025 -25.20 0.82550
     1080  6.025 -25.10 0.70060
     1081  6.025 -25.00 0.61070
     1082  6.025 -24.90 0.45260
     1083  6.025 -24.80 0.25320
     1084  6.025 -24.70 0.14640
     1085  6.025 -24.60 0.07930
     1086  6.025 -24.50 0.01460
     1087  6.025 -24.40 0.00490
     1088  6.025 -24.30 0.00490
     1089  6.025 -24.20 0.00000
     1090  6.025 -24.10 0.00000
     1091  6.025 -24.00 0.00000
     1092  6.025 -23.90 0.00000
     1093  6.025 -23.80 0.00000
     1094  6.025 -23.70 0.00000
     1095  6.025 -23.60 0.00000
     1096  6.025 -23.50 0.00000
     1097  6.025 -23.40 0.00000
     1098  6.025 -23.30 0.00000
     1099  6.025 -23.20 0.00000
     1100  6.025 -23.10 0.00000
     1101  6.025 -23.00 0.00000
     1102  6.025 -22.90 0.00000
     1103  6.025 -22.80 0.00000
     1104  6.025 -22.70 0.00000
     1105  6.025 -22.60 0.00000
     1106  6.025 -22.50 0.00000
     1107  6.025 -22.40 0.00000
     1108  6.025 -22.30 0.00000
     1109  6.025 -22.20 0.00000
     1110  6.025 -22.10 0.00000
     1111  6.025 -22.00 0.00000
     1112  6.025 -21.90 0.00000
     1113  6.025 -21.80 0.00000
     1114  6.025 -21.70 0.00000
     1115  6.025 -21.60 0.00000
     1116  6.025 -21.50 0.00000
     1117  6.025 -21.40 0.00000
     1118  6.025 -21.30 0.00000
     1119  6.025 -21.20 0.00000
     1120  6.025 -21.10 0.00000
     1121  6.050 -29.00 0.97840
     1122  6.050 -28.90 0.97840
     1123  6.050 -28.80 0.97840
     1124  6.050 -28.70 0.97840
     1125  6.050 -28.60 0.97840
     1126  6.050 -28.50 0.97840
     1127  6.050 -28.40 0.97840
     1128  6.050 -28.30 0.97840
     1129  6.050 -28.20 0.97840
     1130  6.050 -28.10 0.97840
     1131  6.050 -28.00 0.97840
     1132  6.050 -27.90 0.97840
     1133  6.050 -27.80 0.97840
     1134  6.050 -27.70 0.97840
     1135  6.050 -27.60 0.97840
     1136  6.050 -27.50 0.97840
     1137  6.050 -27.40 0.97840
     1138  6.050 -27.30 0.97840
     1139  6.050 -27.20 0.97840
     1140  6.050 -27.10 0.97840
     1141  6.050 -27.00 0.97840
     1142  6.050 -26.90 0.97760
     1143  6.050 -26.80 0.97760
     1144  6.050 -26.70 0.97650
     1145  6.050 -26.60 0.97590
     1146  6.050 -26.50 0.97550
     1147  6.050 -26.40 0.97410
     1148  6.050 -26.30 0.97260
     1149  6.050 -26.20 0.96990
     1150  6.050 -26.10 0.96780
     1151  6.050 -26.00 0.96510
     1152  6.050 -25.90 0.96210
     1153  6.050 -25.80 0.95830
     1154  6.050 -25.70 0.95300
     1155  6.050 -25.60 0.94640
     1156  6.050 -25.50 0.93490
     1157  6.050 -25.40 0.91480
     1158  6.050 -25.30 0.88190
     1159  6.050 -25.20 0.78460
     1160  6.050 -25.10 0.64380
     1161  6.050 -25.00 0.54390
     1162  6.050 -24.90 0.38430
     1163  6.050 -24.80 0.20300
     1164  6.050 -24.70 0.11840
     1165  6.050 -24.60 0.06690
     1166  6.050 -24.50 0.01700
     1167  6.050 -24.40 0.00220
     1168  6.050 -24.30 0.00220
     1169  6.050 -24.20 0.00000
     1170  6.050 -24.10 0.00000
     1171  6.050 -24.00 0.00000
     1172  6.050 -23.90 0.00000
     1173  6.050 -23.80 0.00000
     1174  6.050 -23.70 0.00000
     1175  6.050 -23.60 0.00000
     1176  6.050 -23.50 0.00000
     1177  6.050 -23.40 0.00000
     1178  6.050 -23.30 0.00000
     1179  6.050 -23.20 0.00000
     1180  6.050 -23.10 0.00000
     1181  6.050 -23.00 0.00000
     1182  6.050 -22.90 0.00000
     1183  6.050 -22.80 0.00000
     1184  6.050 -22.70 0.00000
     1185  6.050 -22.60 0.00000
     1186  6.050 -22.50 0.00000
     1187  6.050 -22.40 0.00000
     1188  6.050 -22.30 0.00000
     1189  6.050 -22.20 0.00000
     1190  6.050 -22.10 0.00000
     1191  6.050 -22.00 0.00000
     1192  6.050 -21.90 0.00000
     1193  6.050 -21.80 0.00000
     1194  6.050 -21.70 0.00000
     1195  6.050 -21.60 0.00000
     1196  6.050 -21.50 0.00000
     1197  6.050 -21.40 0.00000
     1198  6.050 -21.30 0.00000
     1199  6.050 -21.20 0.00000
     1200  6.050 -21.10 0.00000
     1201  6.075 -29.00 0.97060
     1202  6.075 -28.90 0.97060
     1203  6.075 -28.80 0.97060
     1204  6.075 -28.70 0.97060
     1205  6.075 -28.60 0.97060
     1206  6.075 -28.50 0.97060
     1207  6.075 -28.40 0.97060
     1208  6.075 -28.30 0.97060
     1209  6.075 -28.20 0.97060
     1210  6.075 -28.10 0.97060
     1211  6.075 -28.00 0.97060
     1212  6.075 -27.90 0.97060
     1213  6.075 -27.80 0.97060
     1214  6.075 -27.70 0.97060
     1215  6.075 -27.60 0.97060
     1216  6.075 -27.50 0.97060
     1217  6.075 -27.40 0.97060
     1218  6.075 -27.30 0.97060
     1219  6.075 -27.20 0.97060
     1220  6.075 -27.10 0.97060
     1221  6.075 -27.00 0.97060
     1222  6.075 -26.90 0.96960
     1223  6.075 -26.80 0.96960
     1224  6.075 -26.70 0.96830
     1225  6.075 -26.60 0.96760
     1226  6.075 -26.50 0.96730
     1227  6.075 -26.40 0.96560
     1228  6.075 -26.30 0.96390
     1229  6.075 -26.20 0.96100
     1230  6.075 -26.10 0.95830
     1231  6.075 -26.00 0.95560
     1232  6.075 -25.90 0.95220
     1233  6.075 -25.80 0.94820
     1234  6.075 -25.70 0.94230
     1235  6.075 -25.60 0.93320
     1236  6.075 -25.50 0.91840
     1237  6.075 -25.40 0.89150
     1238  6.075 -25.30 0.84920
     1239  6.075 -25.20 0.73710
     1240  6.075 -25.10 0.58310
     1241  6.075 -25.00 0.47430
     1242  6.075 -24.90 0.31600
     1243  6.075 -24.80 0.15510
     1244  6.075 -24.70 0.09070
     1245  6.075 -24.60 0.05390
     1246  6.075 -24.50 0.01800
     1247  6.075 -24.40 0.00000
     1248  6.075 -24.30 0.00000
     1249  6.075 -24.20 0.00000
     1250  6.075 -24.10 0.00000
     1251  6.075 -24.00 0.00000
     1252  6.075 -23.90 0.00000
     1253  6.075 -23.80 0.00000
     1254  6.075 -23.70 0.00000
     1255  6.075 -23.60 0.00000
     1256  6.075 -23.50 0.00000
     1257  6.075 -23.40 0.00000
     1258  6.075 -23.30 0.00000
     1259  6.075 -23.20 0.00000
     1260  6.075 -23.10 0.00000
     1261  6.075 -23.00 0.00000
     1262  6.075 -22.90 0.00000
     1263  6.075 -22.80 0.00000
     1264  6.075 -22.70 0.00000
     1265  6.075 -22.60 0.00000
     1266  6.075 -22.50 0.00000
     1267  6.075 -22.40 0.00000
     1268  6.075 -22.30 0.00000
     1269  6.075 -22.20 0.00000
     1270  6.075 -22.10 0.00000
     1271  6.075 -22.00 0.00000
     1272  6.075 -21.90 0.00000
     1273  6.075 -21.80 0.00000
     1274  6.075 -21.70 0.00000
     1275  6.075 -21.60 0.00000
     1276  6.075 -21.50 0.00000
     1277  6.075 -21.40 0.00000
     1278  6.075 -21.30 0.00000
     1279  6.075 -21.20 0.00000
     1280  6.075 -21.10 0.00000
     1281  6.100 -29.00 0.95860
     1282  6.100 -28.90 0.95860
     1283  6.100 -28.80 0.95860
     1284  6.100 -28.70 0.95860
     1285  6.100 -28.60 0.95860
     1286  6.100 -28.50 0.95860
     1287  6.100 -28.40 0.95860
     1288  6.100 -28.30 0.95860
     1289  6.100 -28.20 0.95860
     1290  6.100 -28.10 0.95860
     1291  6.100 -28.00 0.95860
     1292  6.100 -27.90 0.95860
     1293  6.100 -27.80 0.95860
     1294  6.100 -27.70 0.95860
     1295  6.100 -27.60 0.95860
     1296  6.100 -27.50 0.95860
     1297  6.100 -27.40 0.95860
     1298  6.100 -27.30 0.95860
     1299  6.100 -27.20 0.95860
     1300  6.100 -27.10 0.95860
     1301  6.100 -27.00 0.95860
     1302  6.100 -26.90 0.95770
     1303  6.100 -26.80 0.95740
     1304  6.100 -26.70 0.95650
     1305  6.100 -26.60 0.95560
     1306  6.100 -26.50 0.95530
     1307  6.100 -26.40 0.95370
     1308  6.100 -26.30 0.95160
     1309  6.100 -26.20 0.94920
     1310  6.100 -26.10 0.94630
     1311  6.100 -26.00 0.94350
     1312  6.100 -25.90 0.93960
     1313  6.100 -25.80 0.93540
     1314  6.100 -25.70 0.92860
     1315  6.100 -25.60 0.90870
     1316  6.100 -25.50 0.88650
     1317  6.100 -25.40 0.84210
     1318  6.100 -25.30 0.78610
     1319  6.100 -25.20 0.66290
     1320  6.100 -25.10 0.50640
     1321  6.100 -25.00 0.39300
     1322  6.100 -24.90 0.24760
     1323  6.100 -24.80 0.11620
     1324  6.100 -24.70 0.06480
     1325  6.100 -24.60 0.03850
     1326  6.100 -24.50 0.01280
     1327  6.100 -24.40 0.00000
     1328  6.100 -24.30 0.00000
     1329  6.100 -24.20 0.00000
     1330  6.100 -24.10 0.00000
     1331  6.100 -24.00 0.00000
     1332  6.100 -23.90 0.00000
     1333  6.100 -23.80 0.00000
     1334  6.100 -23.70 0.00000
     1335  6.100 -23.60 0.00000
     1336  6.100 -23.50 0.00000
     1337  6.100 -23.40 0.00000
     1338  6.100 -23.30 0.00000
     1339  6.100 -23.20 0.00000
     1340  6.100 -23.10 0.00000
     1341  6.100 -23.00 0.00000
     1342  6.100 -22.90 0.00000
     1343  6.100 -22.80 0.00000
     1344  6.100 -22.70 0.00000
     1345  6.100 -22.60 0.00000
     1346  6.100 -22.50 0.00000
     1347  6.100 -22.40 0.00000
     1348  6.100 -22.30 0.00000
     1349  6.100 -22.20 0.00000
     1350  6.100 -22.10 0.00000
     1351  6.100 -22.00 0.00000
     1352  6.100 -21.90 0.00000
     1353  6.100 -21.80 0.00000
     1354  6.100 -21.70 0.00000
     1355  6.100 -21.60 0.00000
     1356  6.100 -21.50 0.00000
     1357  6.100 -21.40 0.00000
     1358  6.100 -21.30 0.00000
     1359  6.100 -21.20 0.00000
     1360  6.100 -21.10 0.00000
     1361  6.125 -29.00 0.94650
     1362  6.125 -28.90 0.94650
     1363  6.125 -28.80 0.94650
     1364  6.125 -28.70 0.94650
     1365  6.125 -28.60 0.94650
     1366  6.125 -28.50 0.94650
     1367  6.125 -28.40 0.94650
     1368  6.125 -28.30 0.94650
     1369  6.125 -28.20 0.94650
     1370  6.125 -28.10 0.94650
     1371  6.125 -28.00 0.94650
     1372  6.125 -27.90 0.94650
     1373  6.125 -27.80 0.94650
     1374  6.125 -27.70 0.94650
     1375  6.125 -27.60 0.94650
     1376  6.125 -27.50 0.94650
     1377  6.125 -27.40 0.94650
     1378  6.125 -27.30 0.94650
     1379  6.125 -27.20 0.94650
     1380  6.125 -27.10 0.94650
     1381  6.125 -27.00 0.94650
     1382  6.125 -26.90 0.94570
     1383  6.125 -26.80 0.94530
     1384  6.125 -26.70 0.94480
     1385  6.125 -26.60 0.94350
     1386  6.125 -26.50 0.94340
     1387  6.125 -26.40 0.94170
     1388  6.125 -26.30 0.93920
     1389  6.125 -26.20 0.93740
     1390  6.125 -26.10 0.93440
     1391  6.125 -26.00 0.93130
     1392  6.125 -25.90 0.92700
     1393  6.125 -25.80 0.92260
     1394  6.125 -25.70 0.91500
     1395  6.125 -25.60 0.88420
     1396  6.125 -25.50 0.85460
     1397  6.125 -25.40 0.79270
     1398  6.125 -25.30 0.72300
     1399  6.125 -25.20 0.58880
     1400  6.125 -25.10 0.42970
     1401  6.125 -25.00 0.31170
     1402  6.125 -24.90 0.17920
     1403  6.125 -24.80 0.07730
     1404  6.125 -24.70 0.03890
     1405  6.125 -24.60 0.02310
     1406  6.125 -24.50 0.00770
     1407  6.125 -24.40 0.00000
     1408  6.125 -24.30 0.00000
     1409  6.125 -24.20 0.00000
     1410  6.125 -24.10 0.00000
     1411  6.125 -24.00 0.00000
     1412  6.125 -23.90 0.00000
     1413  6.125 -23.80 0.00000
     1414  6.125 -23.70 0.00000
     1415  6.125 -23.60 0.00000
     1416  6.125 -23.50 0.00000
     1417  6.125 -23.40 0.00000
     1418  6.125 -23.30 0.00000
     1419  6.125 -23.20 0.00000
     1420  6.125 -23.10 0.00000
     1421  6.125 -23.00 0.00000
     1422  6.125 -22.90 0.00000
     1423  6.125 -22.80 0.00000
     1424  6.125 -22.70 0.00000
     1425  6.125 -22.60 0.00000
     1426  6.125 -22.50 0.00000
     1427  6.125 -22.40 0.00000
     1428  6.125 -22.30 0.00000
     1429  6.125 -22.20 0.00000
     1430  6.125 -22.10 0.00000
     1431  6.125 -22.00 0.00000
     1432  6.125 -21.90 0.00000
     1433  6.125 -21.80 0.00000
     1434  6.125 -21.70 0.00000
     1435  6.125 -21.60 0.00000
     1436  6.125 -21.50 0.00000
     1437  6.125 -21.40 0.00000
     1438  6.125 -21.30 0.00000
     1439  6.125 -21.20 0.00000
     1440  6.125 -21.10 0.00000
     1441  6.150 -29.00 0.93440
     1442  6.150 -28.90 0.93440
     1443  6.150 -28.80 0.93440
     1444  6.150 -28.70 0.93440
     1445  6.150 -28.60 0.93440
     1446  6.150 -28.50 0.93440
     1447  6.150 -28.40 0.93440
     1448  6.150 -28.30 0.93440
     1449  6.150 -28.20 0.93440
     1450  6.150 -28.10 0.93440
     1451  6.150 -28.00 0.93440
     1452  6.150 -27.90 0.93440
     1453  6.150 -27.80 0.93440
     1454  6.150 -27.70 0.93440
     1455  6.150 -27.60 0.93440
     1456  6.150 -27.50 0.93440
     1457  6.150 -27.40 0.93440
     1458  6.150 -27.30 0.93440
     1459  6.150 -27.20 0.93440
     1460  6.150 -27.10 0.93440
     1461  6.150 -27.00 0.93440
     1462  6.150 -26.90 0.93370
     1463  6.150 -26.80 0.93310
     1464  6.150 -26.70 0.93300
     1465  6.150 -26.60 0.93140
     1466  6.150 -26.50 0.93140
     1467  6.150 -26.40 0.92970
     1468  6.150 -26.30 0.92690
     1469  6.150 -26.20 0.92560
     1470  6.150 -26.10 0.92240
     1471  6.150 -26.00 0.91920
     1472  6.150 -25.90 0.91440
     1473  6.150 -25.80 0.90980
     1474  6.150 -25.70 0.90130
     1475  6.150 -25.60 0.85970
     1476  6.150 -25.50 0.82280
     1477  6.150 -25.40 0.74330
     1478  6.150 -25.30 0.65990
     1479  6.150 -25.20 0.51460
     1480  6.150 -25.10 0.35300
     1481  6.150 -25.00 0.23040
     1482  6.150 -24.90 0.11080
     1483  6.150 -24.80 0.03840
     1484  6.150 -24.70 0.01300
     1485  6.150 -24.60 0.00770
     1486  6.150 -24.50 0.00260
     1487  6.150 -24.40 0.00000
     1488  6.150 -24.30 0.00000
     1489  6.150 -24.20 0.00000
     1490  6.150 -24.10 0.00000
     1491  6.150 -24.00 0.00000
     1492  6.150 -23.90 0.00000
     1493  6.150 -23.80 0.00000
     1494  6.150 -23.70 0.00000
     1495  6.150 -23.60 0.00000
     1496  6.150 -23.50 0.00000
     1497  6.150 -23.40 0.00000
     1498  6.150 -23.30 0.00000
     1499  6.150 -23.20 0.00000
     1500  6.150 -23.10 0.00000
     1501  6.150 -23.00 0.00000
     1502  6.150 -22.90 0.00000
     1503  6.150 -22.80 0.00000
     1504  6.150 -22.70 0.00000
     1505  6.150 -22.60 0.00000
     1506  6.150 -22.50 0.00000
     1507  6.150 -22.40 0.00000
     1508  6.150 -22.30 0.00000
     1509  6.150 -22.20 0.00000
     1510  6.150 -22.10 0.00000
     1511  6.150 -22.00 0.00000
     1512  6.150 -21.90 0.00000
     1513  6.150 -21.80 0.00000
     1514  6.150 -21.70 0.00000
     1515  6.150 -21.60 0.00000
     1516  6.150 -21.50 0.00000
     1517  6.150 -21.40 0.00000
     1518  6.150 -21.30 0.00000
     1519  6.150 -21.20 0.00000
     1520  6.150 -21.10 0.00000
     1521  6.175 -29.00 0.92740
     1522  6.175 -28.90 0.92740
     1523  6.175 -28.80 0.92740
     1524  6.175 -28.70 0.92740
     1525  6.175 -28.60 0.92740
     1526  6.175 -28.50 0.92740
     1527  6.175 -28.40 0.92740
     1528  6.175 -28.30 0.92740
     1529  6.175 -28.20 0.92740
     1530  6.175 -28.10 0.92740
     1531  6.175 -28.00 0.92740
     1532  6.175 -27.90 0.92740
     1533  6.175 -27.80 0.92740
     1534  6.175 -27.70 0.92740
     1535  6.175 -27.60 0.92740
     1536  6.175 -27.50 0.92740
     1537  6.175 -27.40 0.92740
     1538  6.175 -27.30 0.92740
     1539  6.175 -27.20 0.92740
     1540  6.175 -27.10 0.92740
     1541  6.175 -27.00 0.92740
     1542  6.175 -26.90 0.92670
     1543  6.175 -26.80 0.92600
     1544  6.175 -26.70 0.92580
     1545  6.175 -26.60 0.92410
     1546  6.175 -26.50 0.92400
     1547  6.175 -26.40 0.92220
     1548  6.175 -26.30 0.91910
     1549  6.175 -26.20 0.91760
     1550  6.175 -26.10 0.91430
     1551  6.175 -26.00 0.91040
     1552  6.175 -25.90 0.90500
     1553  6.175 -25.80 0.89960
     1554  6.175 -25.70 0.88940
     1555  6.175 -25.60 0.84060
     1556  6.175 -25.50 0.79870
     1557  6.175 -25.40 0.69990
     1558  6.175 -25.30 0.58690
     1559  6.175 -25.20 0.43610
     1560  6.175 -25.10 0.28610
     1561  6.175 -25.00 0.16550
     1562  6.175 -24.90 0.06620
     1563  6.175 -24.80 0.01640
     1564  6.175 -24.70 0.00000
     1565  6.175 -24.60 0.00000
     1566  6.175 -24.50 0.00000
     1567  6.175 -24.40 0.00000
     1568  6.175 -24.30 0.00000
     1569  6.175 -24.20 0.00000
     1570  6.175 -24.10 0.00000
     1571  6.175 -24.00 0.00000
     1572  6.175 -23.90 0.00000
     1573  6.175 -23.80 0.00000
     1574  6.175 -23.70 0.00000
     1575  6.175 -23.60 0.00000
     1576  6.175 -23.50 0.00000
     1577  6.175 -23.40 0.00000
     1578  6.175 -23.30 0.00000
     1579  6.175 -23.20 0.00000
     1580  6.175 -23.10 0.00000
     1581  6.175 -23.00 0.00000
     1582  6.175 -22.90 0.00000
     1583  6.175 -22.80 0.00000
     1584  6.175 -22.70 0.00000
     1585  6.175 -22.60 0.00000
     1586  6.175 -22.50 0.00000
     1587  6.175 -22.40 0.00000
     1588  6.175 -22.30 0.00000
     1589  6.175 -22.20 0.00000
     1590  6.175 -22.10 0.00000
     1591  6.175 -22.00 0.00000
     1592  6.175 -21.90 0.00000
     1593  6.175 -21.80 0.00000
     1594  6.175 -21.70 0.00000
     1595  6.175 -21.60 0.00000
     1596  6.175 -21.50 0.00000
     1597  6.175 -21.40 0.00000
     1598  6.175 -21.30 0.00000
     1599  6.175 -21.20 0.00000
     1600  6.175 -21.10 0.00000
     1601  6.200 -29.00 0.92540
     1602  6.200 -28.90 0.92540
     1603  6.200 -28.80 0.92540
     1604  6.200 -28.70 0.92540
     1605  6.200 -28.60 0.92540
     1606  6.200 -28.50 0.92540
     1607  6.200 -28.40 0.92540
     1608  6.200 -28.30 0.92540
     1609  6.200 -28.20 0.92540
     1610  6.200 -28.10 0.92540
     1611  6.200 -28.00 0.92540
     1612  6.200 -27.90 0.92540
     1613  6.200 -27.80 0.92540
     1614  6.200 -27.70 0.92540
     1615  6.200 -27.60 0.92540
     1616  6.200 -27.50 0.92540
     1617  6.200 -27.40 0.92540
     1618  6.200 -27.30 0.92540
     1619  6.200 -27.20 0.92540
     1620  6.200 -27.10 0.92540
     1621  6.200 -27.00 0.92540
     1622  6.200 -26.90 0.92480
     1623  6.200 -26.80 0.92380
     1624  6.200 -26.70 0.92330
     1625  6.200 -26.60 0.92160
     1626  6.200 -26.50 0.92110
     1627  6.200 -26.40 0.91920
     1628  6.200 -26.30 0.91580
     1629  6.200 -26.20 0.91340
     1630  6.200 -26.10 0.91010
     1631  6.200 -26.00 0.90500
     1632  6.200 -25.90 0.89890
     1633  6.200 -25.80 0.89200
     1634  6.200 -25.70 0.87950
     1635  6.200 -25.60 0.82680
     1636  6.200 -25.50 0.78240
     1637  6.200 -25.40 0.66260
     1638  6.200 -25.30 0.50400
     1639  6.200 -25.20 0.35320
     1640  6.200 -25.10 0.22880
     1641  6.200 -25.00 0.11690
     1642  6.200 -24.90 0.04550
     1643  6.200 -24.80 0.01130
     1644  6.200 -24.70 0.00000
     1645  6.200 -24.60 0.00000
     1646  6.200 -24.50 0.00000
     1647  6.200 -24.40 0.00000
     1648  6.200 -24.30 0.00000
     1649  6.200 -24.20 0.00000
     1650  6.200 -24.10 0.00000
     1651  6.200 -24.00 0.00000
     1652  6.200 -23.90 0.00000
     1653  6.200 -23.80 0.00000
     1654  6.200 -23.70 0.00000
     1655  6.200 -23.60 0.00000
     1656  6.200 -23.50 0.00000
     1657  6.200 -23.40 0.00000
     1658  6.200 -23.30 0.00000
     1659  6.200 -23.20 0.00000
     1660  6.200 -23.10 0.00000
     1661  6.200 -23.00 0.00000
     1662  6.200 -22.90 0.00000
     1663  6.200 -22.80 0.00000
     1664  6.200 -22.70 0.00000
     1665  6.200 -22.60 0.00000
     1666  6.200 -22.50 0.00000
     1667  6.200 -22.40 0.00000
     1668  6.200 -22.30 0.00000
     1669  6.200 -22.20 0.00000
     1670  6.200 -22.10 0.00000
     1671  6.200 -22.00 0.00000
     1672  6.200 -21.90 0.00000
     1673  6.200 -21.80 0.00000
     1674  6.200 -21.70 0.00000
     1675  6.200 -21.60 0.00000
     1676  6.200 -21.50 0.00000
     1677  6.200 -21.40 0.00000
     1678  6.200 -21.30 0.00000
     1679  6.200 -21.20 0.00000
     1680  6.200 -21.10 0.00000
     1681  6.225 -29.00 0.92350
     1682  6.225 -28.90 0.92350
     1683  6.225 -28.80 0.92350
     1684  6.225 -28.70 0.92350
     1685  6.225 -28.60 0.92350
     1686  6.225 -28.50 0.92350
     1687  6.225 -28.40 0.92350
     1688  6.225 -28.30 0.92350
     1689  6.225 -28.20 0.92350
     1690  6.225 -28.10 0.92350
     1691  6.225 -28.00 0.92350
     1692  6.225 -27.90 0.92350
     1693  6.225 -27.80 0.92350
     1694  6.225 -27.70 0.92350
     1695  6.225 -27.60 0.92350
     1696  6.225 -27.50 0.92350
     1697  6.225 -27.40 0.92350
     1698  6.225 -27.30 0.92350
     1699  6.225 -27.20 0.92350
     1700  6.225 -27.10 0.92350
     1701  6.225 -27.00 0.92350
     1702  6.225 -26.90 0.92280
     1703  6.225 -26.80 0.92170
     1704  6.225 -26.70 0.92080
     1705  6.225 -26.60 0.91910
     1706  6.225 -26.50 0.91820
     1707  6.225 -26.40 0.91610
     1708  6.225 -26.30 0.91240
     1709  6.225 -26.20 0.90920
     1710  6.225 -26.10 0.90580
     1711  6.225 -26.00 0.89960
     1712  6.225 -25.90 0.89280
     1713  6.225 -25.80 0.88430
     1714  6.225 -25.70 0.86950
     1715  6.225 -25.60 0.81310
     1716  6.225 -25.50 0.76610
     1717  6.225 -25.40 0.62520
     1718  6.225 -25.30 0.42110
     1719  6.225 -25.20 0.27030
     1720  6.225 -25.10 0.17160
     1721  6.225 -25.00 0.06830
     1722  6.225 -24.90 0.02480
     1723  6.225 -24.80 0.00620
     1724  6.225 -24.70 0.00000
     1725  6.225 -24.60 0.00000
     1726  6.225 -24.50 0.00000
     1727  6.225 -24.40 0.00000
     1728  6.225 -24.30 0.00000
     1729  6.225 -24.20 0.00000
     1730  6.225 -24.10 0.00000
     1731  6.225 -24.00 0.00000
     1732  6.225 -23.90 0.00000
     1733  6.225 -23.80 0.00000
     1734  6.225 -23.70 0.00000
     1735  6.225 -23.60 0.00000
     1736  6.225 -23.50 0.00000
     1737  6.225 -23.40 0.00000
     1738  6.225 -23.30 0.00000
     1739  6.225 -23.20 0.00000
     1740  6.225 -23.10 0.00000
     1741  6.225 -23.00 0.00000
     1742  6.225 -22.90 0.00000
     1743  6.225 -22.80 0.00000
     1744  6.225 -22.70 0.00000
     1745  6.225 -22.60 0.00000
     1746  6.225 -22.50 0.00000
     1747  6.225 -22.40 0.00000
     1748  6.225 -22.30 0.00000
     1749  6.225 -22.20 0.00000
     1750  6.225 -22.10 0.00000
     1751  6.225 -22.00 0.00000
     1752  6.225 -21.90 0.00000
     1753  6.225 -21.80 0.00000
     1754  6.225 -21.70 0.00000
     1755  6.225 -21.60 0.00000
     1756  6.225 -21.50 0.00000
     1757  6.225 -21.40 0.00000
     1758  6.225 -21.30 0.00000
     1759  6.225 -21.20 0.00000
     1760  6.225 -21.10 0.00000
     1761  6.250 -29.00 0.92150
     1762  6.250 -28.90 0.92150
     1763  6.250 -28.80 0.92150
     1764  6.250 -28.70 0.92150
     1765  6.250 -28.60 0.92150
     1766  6.250 -28.50 0.92150
     1767  6.250 -28.40 0.92150
     1768  6.250 -28.30 0.92150
     1769  6.250 -28.20 0.92150
     1770  6.250 -28.10 0.92150
     1771  6.250 -28.00 0.92150
     1772  6.250 -27.90 0.92150
     1773  6.250 -27.80 0.92150
     1774  6.250 -27.70 0.92150
     1775  6.250 -27.60 0.92150
     1776  6.250 -27.50 0.92150
     1777  6.250 -27.40 0.92150
     1778  6.250 -27.30 0.92150
     1779  6.250 -27.20 0.92150
     1780  6.250 -27.10 0.92150
     1781  6.250 -27.00 0.92150
     1782  6.250 -26.90 0.92080
     1783  6.250 -26.80 0.91950
     1784  6.250 -26.70 0.91830
     1785  6.250 -26.60 0.91660
     1786  6.250 -26.50 0.91530
     1787  6.250 -26.40 0.91300
     1788  6.250 -26.30 0.90910
     1789  6.250 -26.20 0.90490
     1790  6.250 -26.10 0.90160
     1791  6.250 -26.00 0.89420
     1792  6.250 -25.90 0.88670
     1793  6.250 -25.80 0.87670
     1794  6.250 -25.70 0.85950
     1795  6.250 -25.60 0.79930
     1796  6.250 -25.50 0.74980
     1797  6.250 -25.40 0.58790
     1798  6.250 -25.30 0.33830
     1799  6.250 -25.20 0.18740
     1800  6.250 -25.10 0.11430
     1801  6.250 -25.00 0.01970
     1802  6.250 -24.90 0.00410
     1803  6.250 -24.80 0.00100
     1804  6.250 -24.70 0.00000
     1805  6.250 -24.60 0.00000
     1806  6.250 -24.50 0.00000
     1807  6.250 -24.40 0.00000
     1808  6.250 -24.30 0.00000
     1809  6.250 -24.20 0.00000
     1810  6.250 -24.10 0.00000
     1811  6.250 -24.00 0.00000
     1812  6.250 -23.90 0.00000
     1813  6.250 -23.80 0.00000
     1814  6.250 -23.70 0.00000
     1815  6.250 -23.60 0.00000
     1816  6.250 -23.50 0.00000
     1817  6.250 -23.40 0.00000
     1818  6.250 -23.30 0.00000
     1819  6.250 -23.20 0.00000
     1820  6.250 -23.10 0.00000
     1821  6.250 -23.00 0.00000
     1822  6.250 -22.90 0.00000
     1823  6.250 -22.80 0.00000
     1824  6.250 -22.70 0.00000
     1825  6.250 -22.60 0.00000
     1826  6.250 -22.50 0.00000
     1827  6.250 -22.40 0.00000
     1828  6.250 -22.30 0.00000
     1829  6.250 -22.20 0.00000
     1830  6.250 -22.10 0.00000
     1831  6.250 -22.00 0.00000
     1832  6.250 -21.90 0.00000
     1833  6.250 -21.80 0.00000
     1834  6.250 -21.70 0.00000
     1835  6.250 -21.60 0.00000
     1836  6.250 -21.50 0.00000
     1837  6.250 -21.40 0.00000
     1838  6.250 -21.30 0.00000
     1839  6.250 -21.20 0.00000
     1840  6.250 -21.10 0.00000
     1841  6.275 -29.00 0.88570
     1842  6.275 -28.90 0.88570
     1843  6.275 -28.80 0.88570
     1844  6.275 -28.70 0.88570
     1845  6.275 -28.60 0.88570
     1846  6.275 -28.50 0.88570
     1847  6.275 -28.40 0.88570
     1848  6.275 -28.30 0.88570
     1849  6.275 -28.20 0.88570
     1850  6.275 -28.10 0.88570
     1851  6.275 -28.00 0.88570
     1852  6.275 -27.90 0.88570
     1853  6.275 -27.80 0.88570
     1854  6.275 -27.70 0.88570
     1855  6.275 -27.60 0.88570
     1856  6.275 -27.50 0.88570
     1857  6.275 -27.40 0.88570
     1858  6.275 -27.30 0.88570
     1859  6.275 -27.20 0.88570
     1860  6.275 -27.10 0.88570
     1861  6.275 -27.00 0.88570
     1862  6.275 -26.90 0.88510
     1863  6.275 -26.80 0.88360
     1864  6.275 -26.70 0.88200
     1865  6.275 -26.60 0.88020
     1866  6.275 -26.50 0.87830
     1867  6.275 -26.40 0.87600
     1868  6.275 -26.30 0.87210
     1869  6.275 -26.20 0.86750
     1870  6.275 -26.10 0.86420
     1871  6.275 -26.00 0.85640
     1872  6.275 -25.90 0.84760
     1873  6.275 -25.80 0.83140
     1874  6.275 -25.70 0.80530
     1875  6.275 -25.60 0.71700
     1876  6.275 -25.50 0.65120
     1877  6.275 -25.40 0.48980
     1878  6.275 -25.30 0.27070
     1879  6.275 -25.20 0.14400
     1880  6.275 -25.10 0.08060
     1881  6.275 -25.00 0.00780
     1882  6.275 -24.90 0.00000
     1883  6.275 -24.80 0.00000
     1884  6.275 -24.70 0.00000
     1885  6.275 -24.60 0.00000
     1886  6.275 -24.50 0.00000
     1887  6.275 -24.40 0.00000
     1888  6.275 -24.30 0.00000
     1889  6.275 -24.20 0.00000
     1890  6.275 -24.10 0.00000
     1891  6.275 -24.00 0.00000
     1892  6.275 -23.90 0.00000
     1893  6.275 -23.80 0.00000
     1894  6.275 -23.70 0.00000
     1895  6.275 -23.60 0.00000
     1896  6.275 -23.50 0.00000
     1897  6.275 -23.40 0.00000
     1898  6.275 -23.30 0.00000
     1899  6.275 -23.20 0.00000
     1900  6.275 -23.10 0.00000
     1901  6.275 -23.00 0.00000
     1902  6.275 -22.90 0.00000
     1903  6.275 -22.80 0.00000
     1904  6.275 -22.70 0.00000
     1905  6.275 -22.60 0.00000
     1906  6.275 -22.50 0.00000
     1907  6.275 -22.40 0.00000
     1908  6.275 -22.30 0.00000
     1909  6.275 -22.20 0.00000
     1910  6.275 -22.10 0.00000
     1911  6.275 -22.00 0.00000
     1912  6.275 -21.90 0.00000
     1913  6.275 -21.80 0.00000
     1914  6.275 -21.70 0.00000
     1915  6.275 -21.60 0.00000
     1916  6.275 -21.50 0.00000
     1917  6.275 -21.40 0.00000
     1918  6.275 -21.30 0.00000
     1919  6.275 -21.20 0.00000
     1920  6.275 -21.10 0.00000
     1921  6.300 -29.00 0.84150
     1922  6.300 -28.90 0.84150
     1923  6.300 -28.80 0.84150
     1924  6.300 -28.70 0.84150
     1925  6.300 -28.60 0.84150
     1926  6.300 -28.50 0.84150
     1927  6.300 -28.40 0.84150
     1928  6.300 -28.30 0.84150
     1929  6.300 -28.20 0.84150
     1930  6.300 -28.10 0.84150
     1931  6.300 -28.00 0.84150
     1932  6.300 -27.90 0.84150
     1933  6.300 -27.80 0.84150
     1934  6.300 -27.70 0.84150
     1935  6.300 -27.60 0.84150
     1936  6.300 -27.50 0.84150
     1937  6.300 -27.40 0.84150
     1938  6.300 -27.30 0.84150
     1939  6.300 -27.20 0.84150
     1940  6.300 -27.10 0.84150
     1941  6.300 -27.00 0.84150
     1942  6.300 -26.90 0.84100
     1943  6.300 -26.80 0.83920
     1944  6.300 -26.70 0.83720
     1945  6.300 -26.60 0.83520
     1946  6.300 -26.50 0.83280
     1947  6.300 -26.40 0.83040
     1948  6.300 -26.30 0.82660
     1949  6.300 -26.20 0.82180
     1950  6.300 -26.10 0.81850
     1951  6.300 -26.00 0.81050
     1952  6.300 -25.90 0.80040
     1953  6.300 -25.80 0.77680
     1954  6.300 -25.70 0.74020
     1955  6.300 -25.60 0.61770
     1956  6.300 -25.50 0.53190
     1957  6.300 -25.40 0.37650
     1958  6.300 -25.30 0.20700
     1959  6.300 -25.20 0.11060
     1960  6.300 -25.10 0.05280
     1961  6.300 -25.00 0.00510
     1962  6.300 -24.90 0.00000
     1963  6.300 -24.80 0.00000
     1964  6.300 -24.70 0.00000
     1965  6.300 -24.60 0.00000
     1966  6.300 -24.50 0.00000
     1967  6.300 -24.40 0.00000
     1968  6.300 -24.30 0.00000
     1969  6.300 -24.20 0.00000
     1970  6.300 -24.10 0.00000
     1971  6.300 -24.00 0.00000
     1972  6.300 -23.90 0.00000
     1973  6.300 -23.80 0.00000
     1974  6.300 -23.70 0.00000
     1975  6.300 -23.60 0.00000
     1976  6.300 -23.50 0.00000
     1977  6.300 -23.40 0.00000
     1978  6.300 -23.30 0.00000
     1979  6.300 -23.20 0.00000
     1980  6.300 -23.10 0.00000
     1981  6.300 -23.00 0.00000
     1982  6.300 -22.90 0.00000
     1983  6.300 -22.80 0.00000
     1984  6.300 -22.70 0.00000
     1985  6.300 -22.60 0.00000
     1986  6.300 -22.50 0.00000
     1987  6.300 -22.40 0.00000
     1988  6.300 -22.30 0.00000
     1989  6.300 -22.20 0.00000
     1990  6.300 -22.10 0.00000
     1991  6.300 -22.00 0.00000
     1992  6.300 -21.90 0.00000
     1993  6.300 -21.80 0.00000
     1994  6.300 -21.70 0.00000
     1995  6.300 -21.60 0.00000
     1996  6.300 -21.50 0.00000
     1997  6.300 -21.40 0.00000
     1998  6.300 -21.30 0.00000
     1999  6.300 -21.20 0.00000
     2000  6.300 -21.10 0.00000
     2001  6.325 -29.00 0.79730
     2002  6.325 -28.90 0.79730
     2003  6.325 -28.80 0.79730
     2004  6.325 -28.70 0.79730
     2005  6.325 -28.60 0.79730
     2006  6.325 -28.50 0.79730
     2007  6.325 -28.40 0.79730
     2008  6.325 -28.30 0.79730
     2009  6.325 -28.20 0.79730
     2010  6.325 -28.10 0.79730
     2011  6.325 -28.00 0.79730
     2012  6.325 -27.90 0.79730
     2013  6.325 -27.80 0.79730
     2014  6.325 -27.70 0.79730
     2015  6.325 -27.60 0.79730
     2016  6.325 -27.50 0.79730
     2017  6.325 -27.40 0.79730
     2018  6.325 -27.30 0.79730
     2019  6.325 -27.20 0.79730
     2020  6.325 -27.10 0.79730
     2021  6.325 -27.00 0.79730
     2022  6.325 -26.90 0.79690
     2023  6.325 -26.80 0.79480
     2024  6.325 -26.70 0.79250
     2025  6.325 -26.60 0.79030
     2026  6.325 -26.50 0.78720
     2027  6.325 -26.40 0.78490
     2028  6.325 -26.30 0.78120
     2029  6.325 -26.20 0.77610
     2030  6.325 -26.10 0.77270
     2031  6.325 -26.00 0.76460
     2032  6.325 -25.90 0.75310
     2033  6.325 -25.80 0.72220
     2034  6.325 -25.70 0.67500
     2035  6.325 -25.60 0.51830
     2036  6.325 -25.50 0.41270
     2037  6.325 -25.40 0.26320
     2038  6.325 -25.30 0.14330
     2039  6.325 -25.20 0.07710
     2040  6.325 -25.10 0.02500
     2041  6.325 -25.00 0.00240
     2042  6.325 -24.90 0.00000
     2043  6.325 -24.80 0.00000
     2044  6.325 -24.70 0.00000
     2045  6.325 -24.60 0.00000
     2046  6.325 -24.50 0.00000
     2047  6.325 -24.40 0.00000
     2048  6.325 -24.30 0.00000
     2049  6.325 -24.20 0.00000
     2050  6.325 -24.10 0.00000
     2051  6.325 -24.00 0.00000
     2052  6.325 -23.90 0.00000
     2053  6.325 -23.80 0.00000
     2054  6.325 -23.70 0.00000
     2055  6.325 -23.60 0.00000
     2056  6.325 -23.50 0.00000
     2057  6.325 -23.40 0.00000
     2058  6.325 -23.30 0.00000
     2059  6.325 -23.20 0.00000
     2060  6.325 -23.10 0.00000
     2061  6.325 -23.00 0.00000
     2062  6.325 -22.90 0.00000
     2063  6.325 -22.80 0.00000
     2064  6.325 -22.70 0.00000
     2065  6.325 -22.60 0.00000
     2066  6.325 -22.50 0.00000
     2067  6.325 -22.40 0.00000
     2068  6.325 -22.30 0.00000
     2069  6.325 -22.20 0.00000
     2070  6.325 -22.10 0.00000
     2071  6.325 -22.00 0.00000
     2072  6.325 -21.90 0.00000
     2073  6.325 -21.80 0.00000
     2074  6.325 -21.70 0.00000
     2075  6.325 -21.60 0.00000
     2076  6.325 -21.50 0.00000
     2077  6.325 -21.40 0.00000
     2078  6.325 -21.30 0.00000
     2079  6.325 -21.20 0.00000
     2080  6.325 -21.10 0.00000
     2081  6.350 -29.00 0.75190
     2082  6.350 -28.90 0.75190
     2083  6.350 -28.80 0.75190
     2084  6.350 -28.70 0.75190
     2085  6.350 -28.60 0.75190
     2086  6.350 -28.50 0.75190
     2087  6.350 -28.40 0.75190
     2088  6.350 -28.30 0.75190
     2089  6.350 -28.20 0.75190
     2090  6.350 -28.10 0.75190
     2091  6.350 -28.00 0.75190
     2092  6.350 -27.90 0.75190
     2093  6.350 -27.80 0.75190
     2094  6.350 -27.70 0.75190
     2095  6.350 -27.60 0.75190
     2096  6.350 -27.50 0.75190
     2097  6.350 -27.40 0.75190
     2098  6.350 -27.30 0.75190
     2099  6.350 -27.20 0.75190
     2100  6.350 -27.10 0.75190
     2101  6.350 -27.00 0.75190
     2102  6.350 -26.90 0.75160
     2103  6.350 -26.80 0.74940
     2104  6.350 -26.70 0.74680
     2105  6.350 -26.60 0.74450
     2106  6.350 -26.50 0.74090
     2107  6.350 -26.40 0.73870
     2108  6.350 -26.30 0.73510
     2109  6.350 -26.20 0.72990
     2110  6.350 -26.10 0.72640
     2111  6.350 -26.00 0.71780
     2112  6.350 -25.90 0.70440
     2113  6.350 -25.80 0.66520
     2114  6.350 -25.70 0.60750
     2115  6.350 -25.60 0.42220
     2116  6.350 -25.50 0.29880
     2117  6.350 -25.40 0.15780
     2118  6.350 -25.30 0.08360
     2119  6.350 -25.20 0.04570
     2120  6.350 -25.10 0.00000
     2121  6.350 -25.00 0.00000
     2122  6.350 -24.90 0.00000
     2123  6.350 -24.80 0.00000
     2124  6.350 -24.70 0.00000
     2125  6.350 -24.60 0.00000
     2126  6.350 -24.50 0.00000
     2127  6.350 -24.40 0.00000
     2128  6.350 -24.30 0.00000
     2129  6.350 -24.20 0.00000
     2130  6.350 -24.10 0.00000
     2131  6.350 -24.00 0.00000
     2132  6.350 -23.90 0.00000
     2133  6.350 -23.80 0.00000
     2134  6.350 -23.70 0.00000
     2135  6.350 -23.60 0.00000
     2136  6.350 -23.50 0.00000
     2137  6.350 -23.40 0.00000
     2138  6.350 -23.30 0.00000
     2139  6.350 -23.20 0.00000
     2140  6.350 -23.10 0.00000
     2141  6.350 -23.00 0.00000
     2142  6.350 -22.90 0.00000
     2143  6.350 -22.80 0.00000
     2144  6.350 -22.70 0.00000
     2145  6.350 -22.60 0.00000
     2146  6.350 -22.50 0.00000
     2147  6.350 -22.40 0.00000
     2148  6.350 -22.30 0.00000
     2149  6.350 -22.20 0.00000
     2150  6.350 -22.10 0.00000
     2151  6.350 -22.00 0.00000
     2152  6.350 -21.90 0.00000
     2153  6.350 -21.80 0.00000
     2154  6.350 -21.70 0.00000
     2155  6.350 -21.60 0.00000
     2156  6.350 -21.50 0.00000
     2157  6.350 -21.40 0.00000
     2158  6.350 -21.30 0.00000
     2159  6.350 -21.20 0.00000
     2160  6.350 -21.10 0.00000
     2161  6.375 -29.00 0.69510
     2162  6.375 -28.90 0.69510
     2163  6.375 -28.80 0.69510
     2164  6.375 -28.70 0.69510
     2165  6.375 -28.60 0.69510
     2166  6.375 -28.50 0.69510
     2167  6.375 -28.40 0.69510
     2168  6.375 -28.30 0.69510
     2169  6.375 -28.20 0.69510
     2170  6.375 -28.10 0.69510
     2171  6.375 -28.00 0.69510
     2172  6.375 -27.90 0.69510
     2173  6.375 -27.80 0.69510
     2174  6.375 -27.70 0.69510
     2175  6.375 -27.60 0.69510
     2176  6.375 -27.50 0.69510
     2177  6.375 -27.40 0.69510
     2178  6.375 -27.30 0.69510
     2179  6.375 -27.20 0.69510
     2180  6.375 -27.10 0.69510
     2181  6.375 -27.00 0.69510
     2182  6.375 -26.90 0.69530
     2183  6.375 -26.80 0.69380
     2184  6.375 -26.70 0.69200
     2185  6.375 -26.60 0.69020
     2186  6.375 -26.50 0.68760
     2187  6.375 -26.40 0.68600
     2188  6.375 -26.30 0.68360
     2189  6.375 -26.20 0.67970
     2190  6.375 -26.10 0.67490
     2191  6.375 -26.00 0.66310
     2192  6.375 -25.90 0.64220
     2193  6.375 -25.80 0.58750
     2194  6.375 -25.70 0.51820
     2195  6.375 -25.60 0.35510
     2196  6.375 -25.50 0.23370
     2197  6.375 -25.40 0.12410
     2198  6.375 -25.30 0.06040
     2199  6.375 -25.20 0.03300
     2200  6.375 -25.10 0.00000
     2201  6.375 -25.00 0.00000
     2202  6.375 -24.90 0.00000
     2203  6.375 -24.80 0.00000
     2204  6.375 -24.70 0.00000
     2205  6.375 -24.60 0.00000
     2206  6.375 -24.50 0.00000
     2207  6.375 -24.40 0.00000
     2208  6.375 -24.30 0.00000
     2209  6.375 -24.20 0.00000
     2210  6.375 -24.10 0.00000
     2211  6.375 -24.00 0.00000
     2212  6.375 -23.90 0.00000
     2213  6.375 -23.80 0.00000
     2214  6.375 -23.70 0.00000
     2215  6.375 -23.60 0.00000
     2216  6.375 -23.50 0.00000
     2217  6.375 -23.40 0.00000
     2218  6.375 -23.30 0.00000
     2219  6.375 -23.20 0.00000
     2220  6.375 -23.10 0.00000
     2221  6.375 -23.00 0.00000
     2222  6.375 -22.90 0.00000
     2223  6.375 -22.80 0.00000
     2224  6.375 -22.70 0.00000
     2225  6.375 -22.60 0.00000
     2226  6.375 -22.50 0.00000
     2227  6.375 -22.40 0.00000
     2228  6.375 -22.30 0.00000
     2229  6.375 -22.20 0.00000
     2230  6.375 -22.10 0.00000
     2231  6.375 -22.00 0.00000
     2232  6.375 -21.90 0.00000
     2233  6.375 -21.80 0.00000
     2234  6.375 -21.70 0.00000
     2235  6.375 -21.60 0.00000
     2236  6.375 -21.50 0.00000
     2237  6.375 -21.40 0.00000
     2238  6.375 -21.30 0.00000
     2239  6.375 -21.20 0.00000
     2240  6.375 -21.10 0.00000
     2241  6.400 -29.00 0.63830
     2242  6.400 -28.90 0.63830
     2243  6.400 -28.80 0.63830
     2244  6.400 -28.70 0.63830
     2245  6.400 -28.60 0.63830
     2246  6.400 -28.50 0.63830
     2247  6.400 -28.40 0.63830
     2248  6.400 -28.30 0.63830
     2249  6.400 -28.20 0.63830
     2250  6.400 -28.10 0.63830
     2251  6.400 -28.00 0.63830
     2252  6.400 -27.90 0.63830
     2253  6.400 -27.80 0.63830
     2254  6.400 -27.70 0.63830
     2255  6.400 -27.60 0.63830
     2256  6.400 -27.50 0.63830
     2257  6.400 -27.40 0.63830
     2258  6.400 -27.30 0.63830
     2259  6.400 -27.20 0.63830
     2260  6.400 -27.10 0.63830
     2261  6.400 -27.00 0.63830
     2262  6.400 -26.90 0.63890
     2263  6.400 -26.80 0.63830
     2264  6.400 -26.70 0.63710
     2265  6.400 -26.60 0.63590
     2266  6.400 -26.50 0.63440
     2267  6.400 -26.40 0.63340
     2268  6.400 -26.30 0.63220
     2269  6.400 -26.20 0.62950
     2270  6.400 -26.10 0.62330
     2271  6.400 -26.00 0.60840
     2272  6.400 -25.90 0.58000
     2273  6.400 -25.80 0.50970
     2274  6.400 -25.70 0.42890
     2275  6.400 -25.60 0.28810
     2276  6.400 -25.50 0.16850
     2277  6.400 -25.40 0.09050
     2278  6.400 -25.30 0.03720
     2279  6.400 -25.20 0.02030
     2280  6.400 -25.10 0.00000
     2281  6.400 -25.00 0.00000
     2282  6.400 -24.90 0.00000
     2283  6.400 -24.80 0.00000
     2284  6.400 -24.70 0.00000
     2285  6.400 -24.60 0.00000
     2286  6.400 -24.50 0.00000
     2287  6.400 -24.40 0.00000
     2288  6.400 -24.30 0.00000
     2289  6.400 -24.20 0.00000
     2290  6.400 -24.10 0.00000
     2291  6.400 -24.00 0.00000
     2292  6.400 -23.90 0.00000
     2293  6.400 -23.80 0.00000
     2294  6.400 -23.70 0.00000
     2295  6.400 -23.60 0.00000
     2296  6.400 -23.50 0.00000
     2297  6.400 -23.40 0.00000
     2298  6.400 -23.30 0.00000
     2299  6.400 -23.20 0.00000
     2300  6.400 -23.10 0.00000
     2301  6.400 -23.00 0.00000
     2302  6.400 -22.90 0.00000
     2303  6.400 -22.80 0.00000
     2304  6.400 -22.70 0.00000
     2305  6.400 -22.60 0.00000
     2306  6.400 -22.50 0.00000
     2307  6.400 -22.40 0.00000
     2308  6.400 -22.30 0.00000
     2309  6.400 -22.20 0.00000
     2310  6.400 -22.10 0.00000
     2311  6.400 -22.00 0.00000
     2312  6.400 -21.90 0.00000
     2313  6.400 -21.80 0.00000
     2314  6.400 -21.70 0.00000
     2315  6.400 -21.60 0.00000
     2316  6.400 -21.50 0.00000
     2317  6.400 -21.40 0.00000
     2318  6.400 -21.30 0.00000
     2319  6.400 -21.20 0.00000
     2320  6.400 -21.10 0.00000
     2321  6.425 -29.00 0.58150
     2322  6.425 -28.90 0.58150
     2323  6.425 -28.80 0.58150
     2324  6.425 -28.70 0.58150
     2325  6.425 -28.60 0.58150
     2326  6.425 -28.50 0.58150
     2327  6.425 -28.40 0.58150
     2328  6.425 -28.30 0.58150
     2329  6.425 -28.20 0.58150
     2330  6.425 -28.10 0.58150
     2331  6.425 -28.00 0.58150
     2332  6.425 -27.90 0.58150
     2333  6.425 -27.80 0.58150
     2334  6.425 -27.70 0.58150
     2335  6.425 -27.60 0.58150
     2336  6.425 -27.50 0.58150
     2337  6.425 -27.40 0.58150
     2338  6.425 -27.30 0.58150
     2339  6.425 -27.20 0.58150
     2340  6.425 -27.10 0.58150
     2341  6.425 -27.00 0.58150
     2342  6.425 -26.90 0.58260
     2343  6.425 -26.80 0.58280
     2344  6.425 -26.70 0.58230
     2345  6.425 -26.60 0.58170
     2346  6.425 -26.50 0.58110
     2347  6.425 -26.40 0.58070
     2348  6.425 -26.30 0.58070
     2349  6.425 -26.20 0.57920
     2350  6.425 -26.10 0.57170
     2351  6.425 -26.00 0.55360
     2352  6.425 -25.90 0.51780
     2353  6.425 -25.80 0.43190
     2354  6.425 -25.70 0.33960
     2355  6.425 -25.60 0.22100
     2356  6.425 -25.50 0.10340
     2357  6.425 -25.40 0.05680
     2358  6.425 -25.30 0.01390
     2359  6.425 -25.20 0.00760
     2360  6.425 -25.10 0.00000
     2361  6.425 -25.00 0.00000
     2362  6.425 -24.90 0.00000
     2363  6.425 -24.80 0.00000
     2364  6.425 -24.70 0.00000
     2365  6.425 -24.60 0.00000
     2366  6.425 -24.50 0.00000
     2367  6.425 -24.40 0.00000
     2368  6.425 -24.30 0.00000
     2369  6.425 -24.20 0.00000
     2370  6.425 -24.10 0.00000
     2371  6.425 -24.00 0.00000
     2372  6.425 -23.90 0.00000
     2373  6.425 -23.80 0.00000
     2374  6.425 -23.70 0.00000
     2375  6.425 -23.60 0.00000
     2376  6.425 -23.50 0.00000
     2377  6.425 -23.40 0.00000
     2378  6.425 -23.30 0.00000
     2379  6.425 -23.20 0.00000
     2380  6.425 -23.10 0.00000
     2381  6.425 -23.00 0.00000
     2382  6.425 -22.90 0.00000
     2383  6.425 -22.80 0.00000
     2384  6.425 -22.70 0.00000
     2385  6.425 -22.60 0.00000
     2386  6.425 -22.50 0.00000
     2387  6.425 -22.40 0.00000
     2388  6.425 -22.30 0.00000
     2389  6.425 -22.20 0.00000
     2390  6.425 -22.10 0.00000
     2391  6.425 -22.00 0.00000
     2392  6.425 -21.90 0.00000
     2393  6.425 -21.80 0.00000
     2394  6.425 -21.70 0.00000
     2395  6.425 -21.60 0.00000
     2396  6.425 -21.50 0.00000
     2397  6.425 -21.40 0.00000
     2398  6.425 -21.30 0.00000
     2399  6.425 -21.20 0.00000
     2400  6.425 -21.10 0.00000
     2401  6.450 -29.00 0.51580
     2402  6.450 -28.90 0.51580
     2403  6.450 -28.80 0.51580
     2404  6.450 -28.70 0.51580
     2405  6.450 -28.60 0.51580
     2406  6.450 -28.50 0.51580
     2407  6.450 -28.40 0.51580
     2408  6.450 -28.30 0.51580
     2409  6.450 -28.20 0.51580
     2410  6.450 -28.10 0.51580
     2411  6.450 -28.00 0.51580
     2412  6.450 -27.90 0.51580
     2413  6.450 -27.80 0.51580
     2414  6.450 -27.70 0.51580
     2415  6.450 -27.60 0.51580
     2416  6.450 -27.50 0.51580
     2417  6.450 -27.40 0.51580
     2418  6.450 -27.30 0.51580
     2419  6.450 -27.20 0.51580
     2420  6.450 -27.10 0.51580
     2421  6.450 -27.00 0.51580
     2422  6.450 -26.90 0.51720
     2423  6.450 -26.80 0.51810
     2424  6.450 -26.70 0.51850
     2425  6.450 -26.60 0.51840
     2426  6.450 -26.50 0.51890
     2427  6.450 -26.40 0.51910
     2428  6.450 -26.30 0.51940
     2429  6.450 -26.20 0.51920
     2430  6.450 -26.10 0.50970
     2431  6.450 -26.00 0.48680
     2432  6.450 -25.90 0.44200
     2433  6.450 -25.80 0.34950
     2434  6.450 -25.70 0.25770
     2435  6.450 -25.60 0.16130
     2436  6.450 -25.50 0.05730
     2437  6.450 -25.40 0.03270
     2438  6.450 -25.30 0.00000
     2439  6.450 -25.20 0.00000
     2440  6.450 -25.10 0.00000
     2441  6.450 -25.00 0.00000
     2442  6.450 -24.90 0.00000
     2443  6.450 -24.80 0.00000
     2444  6.450 -24.70 0.00000
     2445  6.450 -24.60 0.00000
     2446  6.450 -24.50 0.00000
     2447  6.450 -24.40 0.00000
     2448  6.450 -24.30 0.00000
     2449  6.450 -24.20 0.00000
     2450  6.450 -24.10 0.00000
     2451  6.450 -24.00 0.00000
     2452  6.450 -23.90 0.00000
     2453  6.450 -23.80 0.00000
     2454  6.450 -23.70 0.00000
     2455  6.450 -23.60 0.00000
     2456  6.450 -23.50 0.00000
     2457  6.450 -23.40 0.00000
     2458  6.450 -23.30 0.00000
     2459  6.450 -23.20 0.00000
     2460  6.450 -23.10 0.00000
     2461  6.450 -23.00 0.00000
     2462  6.450 -22.90 0.00000
     2463  6.450 -22.80 0.00000
     2464  6.450 -22.70 0.00000
     2465  6.450 -22.60 0.00000
     2466  6.450 -22.50 0.00000
     2467  6.450 -22.40 0.00000
     2468  6.450 -22.30 0.00000
     2469  6.450 -22.20 0.00000
     2470  6.450 -22.10 0.00000
     2471  6.450 -22.00 0.00000
     2472  6.450 -21.90 0.00000
     2473  6.450 -21.80 0.00000
     2474  6.450 -21.70 0.00000
     2475  6.450 -21.60 0.00000
     2476  6.450 -21.50 0.00000
     2477  6.450 -21.40 0.00000
     2478  6.450 -21.30 0.00000
     2479  6.450 -21.20 0.00000
     2480  6.450 -21.10 0.00000
     2481  6.475 -29.00 0.43660
     2482  6.475 -28.90 0.43660
     2483  6.475 -28.80 0.43660
     2484  6.475 -28.70 0.43660
     2485  6.475 -28.60 0.43660
     2486  6.475 -28.50 0.43660
     2487  6.475 -28.40 0.43660
     2488  6.475 -28.30 0.43660
     2489  6.475 -28.20 0.43660
     2490  6.475 -28.10 0.43660
     2491  6.475 -28.00 0.43660
     2492  6.475 -27.90 0.43660
     2493  6.475 -27.80 0.43660
     2494  6.475 -27.70 0.43660
     2495  6.475 -27.60 0.43660
     2496  6.475 -27.50 0.43660
     2497  6.475 -27.40 0.43660
     2498  6.475 -27.30 0.43660
     2499  6.475 -27.20 0.43660
     2500  6.475 -27.10 0.43660
     2501  6.475 -27.00 0.43660
     2502  6.475 -26.90 0.43840
     2503  6.475 -26.80 0.43970
     2504  6.475 -26.70 0.44110
     2505  6.475 -26.60 0.44180
     2506  6.475 -26.50 0.44340
     2507  6.475 -26.40 0.44420
     2508  6.475 -26.30 0.44340
     2509  6.475 -26.20 0.44450
     2510  6.475 -26.10 0.43210
     2511  6.475 -26.00 0.40190
     2512  6.475 -25.90 0.34570
     2513  6.475 -25.80 0.26020
     2514  6.475 -25.70 0.18680
     2515  6.475 -25.60 0.11240
     2516  6.475 -25.50 0.04000
     2517  6.475 -25.40 0.02280
     2518  6.475 -25.30 0.00000
     2519  6.475 -25.20 0.00000
     2520  6.475 -25.10 0.00000
     2521  6.475 -25.00 0.00000
     2522  6.475 -24.90 0.00000
     2523  6.475 -24.80 0.00000
     2524  6.475 -24.70 0.00000
     2525  6.475 -24.60 0.00000
     2526  6.475 -24.50 0.00000
     2527  6.475 -24.40 0.00000
     2528  6.475 -24.30 0.00000
     2529  6.475 -24.20 0.00000
     2530  6.475 -24.10 0.00000
     2531  6.475 -24.00 0.00000
     2532  6.475 -23.90 0.00000
     2533  6.475 -23.80 0.00000
     2534  6.475 -23.70 0.00000
     2535  6.475 -23.60 0.00000
     2536  6.475 -23.50 0.00000
     2537  6.475 -23.40 0.00000
     2538  6.475 -23.30 0.00000
     2539  6.475 -23.20 0.00000
     2540  6.475 -23.10 0.00000
     2541  6.475 -23.00 0.00000
     2542  6.475 -22.90 0.00000
     2543  6.475 -22.80 0.00000
     2544  6.475 -22.70 0.00000
     2545  6.475 -22.60 0.00000
     2546  6.475 -22.50 0.00000
     2547  6.475 -22.40 0.00000
     2548  6.475 -22.30 0.00000
     2549  6.475 -22.20 0.00000
     2550  6.475 -22.10 0.00000
     2551  6.475 -22.00 0.00000
     2552  6.475 -21.90 0.00000
     2553  6.475 -21.80 0.00000
     2554  6.475 -21.70 0.00000
     2555  6.475 -21.60 0.00000
     2556  6.475 -21.50 0.00000
     2557  6.475 -21.40 0.00000
     2558  6.475 -21.30 0.00000
     2559  6.475 -21.20 0.00000
     2560  6.475 -21.10 0.00000
     2561  6.500 -29.00 0.35740
     2562  6.500 -28.90 0.35740
     2563  6.500 -28.80 0.35740
     2564  6.500 -28.70 0.35740
     2565  6.500 -28.60 0.35740
     2566  6.500 -28.50 0.35740
     2567  6.500 -28.40 0.35740
     2568  6.500 -28.30 0.35740
     2569  6.500 -28.20 0.35740
     2570  6.500 -28.10 0.35740
     2571  6.500 -28.00 0.35740
     2572  6.500 -27.90 0.35740
     2573  6.500 -27.80 0.35740
     2574  6.500 -27.70 0.35740
     2575  6.500 -27.60 0.35740
     2576  6.500 -27.50 0.35740
     2577  6.500 -27.40 0.35740
     2578  6.500 -27.30 0.35740
     2579  6.500 -27.20 0.35740
     2580  6.500 -27.10 0.35740
     2581  6.500 -27.00 0.35740
     2582  6.500 -26.90 0.35960
     2583  6.500 -26.80 0.36130
     2584  6.500 -26.70 0.36370
     2585  6.500 -26.60 0.36510
     2586  6.500 -26.50 0.36790
     2587  6.500 -26.40 0.36920
     2588  6.500 -26.30 0.36750
     2589  6.500 -26.20 0.36980
     2590  6.500 -26.10 0.35440
     2591  6.500 -26.00 0.31690
     2592  6.500 -25.90 0.24940
     2593  6.500 -25.80 0.17080
     2594  6.500 -25.70 0.11580
     2595  6.500 -25.60 0.06350
     2596  6.500 -25.50 0.02260
     2597  6.500 -25.40 0.01290
     2598  6.500 -25.30 0.00000
     2599  6.500 -25.20 0.00000
     2600  6.500 -25.10 0.00000
     2601  6.500 -25.00 0.00000
     2602  6.500 -24.90 0.00000
     2603  6.500 -24.80 0.00000
     2604  6.500 -24.70 0.00000
     2605  6.500 -24.60 0.00000
     2606  6.500 -24.50 0.00000
     2607  6.500 -24.40 0.00000
     2608  6.500 -24.30 0.00000
     2609  6.500 -24.20 0.00000
     2610  6.500 -24.10 0.00000
     2611  6.500 -24.00 0.00000
     2612  6.500 -23.90 0.00000
     2613  6.500 -23.80 0.00000
     2614  6.500 -23.70 0.00000
     2615  6.500 -23.60 0.00000
     2616  6.500 -23.50 0.00000
     2617  6.500 -23.40 0.00000
     2618  6.500 -23.30 0.00000
     2619  6.500 -23.20 0.00000
     2620  6.500 -23.10 0.00000
     2621  6.500 -23.00 0.00000
     2622  6.500 -22.90 0.00000
     2623  6.500 -22.80 0.00000
     2624  6.500 -22.70 0.00000
     2625  6.500 -22.60 0.00000
     2626  6.500 -22.50 0.00000
     2627  6.500 -22.40 0.00000
     2628  6.500 -22.30 0.00000
     2629  6.500 -22.20 0.00000
     2630  6.500 -22.10 0.00000
     2631  6.500 -22.00 0.00000
     2632  6.500 -21.90 0.00000
     2633  6.500 -21.80 0.00000
     2634  6.500 -21.70 0.00000
     2635  6.500 -21.60 0.00000
     2636  6.500 -21.50 0.00000
     2637  6.500 -21.40 0.00000
     2638  6.500 -21.30 0.00000
     2639  6.500 -21.20 0.00000
     2640  6.500 -21.10 0.00000
     2641  6.525 -29.00 0.27820
     2642  6.525 -28.90 0.27820
     2643  6.525 -28.80 0.27820
     2644  6.525 -28.70 0.27820
     2645  6.525 -28.60 0.27820
     2646  6.525 -28.50 0.27820
     2647  6.525 -28.40 0.27820
     2648  6.525 -28.30 0.27820
     2649  6.525 -28.20 0.27820
     2650  6.525 -28.10 0.27820
     2651  6.525 -28.00 0.27820
     2652  6.525 -27.90 0.27820
     2653  6.525 -27.80 0.27820
     2654  6.525 -27.70 0.27820
     2655  6.525 -27.60 0.27820
     2656  6.525 -27.50 0.27820
     2657  6.525 -27.40 0.27820
     2658  6.525 -27.30 0.27820
     2659  6.525 -27.20 0.27820
     2660  6.525 -27.10 0.27820
     2661  6.525 -27.00 0.27820
     2662  6.525 -26.90 0.28070
     2663  6.525 -26.80 0.28290
     2664  6.525 -26.70 0.28630
     2665  6.525 -26.60 0.28840
     2666  6.525 -26.50 0.29240
     2667  6.525 -26.40 0.29420
     2668  6.525 -26.30 0.29150
     2669  6.525 -26.20 0.29510
     2670  6.525 -26.10 0.27670
     2671  6.525 -26.00 0.23190
     2672  6.525 -25.90 0.15310
     2673  6.525 -25.80 0.08140
     2674  6.525 -25.70 0.04490
     2675  6.525 -25.60 0.01470
     2676  6.525 -25.50 0.00520
     2677  6.525 -25.40 0.00300
     2678  6.525 -25.30 0.00000
     2679  6.525 -25.20 0.00000
     2680  6.525 -25.10 0.00000
     2681  6.525 -25.00 0.00000
     2682  6.525 -24.90 0.00000
     2683  6.525 -24.80 0.00000
     2684  6.525 -24.70 0.00000
     2685  6.525 -24.60 0.00000
     2686  6.525 -24.50 0.00000
     2687  6.525 -24.40 0.00000
     2688  6.525 -24.30 0.00000
     2689  6.525 -24.20 0.00000
     2690  6.525 -24.10 0.00000
     2691  6.525 -24.00 0.00000
     2692  6.525 -23.90 0.00000
     2693  6.525 -23.80 0.00000
     2694  6.525 -23.70 0.00000
     2695  6.525 -23.60 0.00000
     2696  6.525 -23.50 0.00000
     2697  6.525 -23.40 0.00000
     2698  6.525 -23.30 0.00000
     2699  6.525 -23.20 0.00000
     2700  6.525 -23.10 0.00000
     2701  6.525 -23.00 0.00000
     2702  6.525 -22.90 0.00000
     2703  6.525 -22.80 0.00000
     2704  6.525 -22.70 0.00000
     2705  6.525 -22.60 0.00000
     2706  6.525 -22.50 0.00000
     2707  6.525 -22.40 0.00000
     2708  6.525 -22.30 0.00000
     2709  6.525 -22.20 0.00000
     2710  6.525 -22.10 0.00000
     2711  6.525 -22.00 0.00000
     2712  6.525 -21.90 0.00000
     2713  6.525 -21.80 0.00000
     2714  6.525 -21.70 0.00000
     2715  6.525 -21.60 0.00000
     2716  6.525 -21.50 0.00000
     2717  6.525 -21.40 0.00000
     2718  6.525 -21.30 0.00000
     2719  6.525 -21.20 0.00000
     2720  6.525 -21.10 0.00000
     2721  6.550 -29.00 0.25440
     2722  6.550 -28.90 0.25440
     2723  6.550 -28.80 0.25440
     2724  6.550 -28.70 0.25440
     2725  6.550 -28.60 0.25440
     2726  6.550 -28.50 0.25440
     2727  6.550 -28.40 0.25440
     2728  6.550 -28.30 0.25440
     2729  6.550 -28.20 0.25440
     2730  6.550 -28.10 0.25440
     2731  6.550 -28.00 0.25440
     2732  6.550 -27.90 0.25440
     2733  6.550 -27.80 0.25440
     2734  6.550 -27.70 0.25440
     2735  6.550 -27.60 0.25440
     2736  6.550 -27.50 0.25440
     2737  6.550 -27.40 0.25440
     2738  6.550 -27.30 0.25440
     2739  6.550 -27.20 0.25440
     2740  6.550 -27.10 0.25440
     2741  6.550 -27.00 0.25440
     2742  6.550 -26.90 0.25710
     2743  6.550 -26.80 0.25940
     2744  6.550 -26.70 0.26310
     2745  6.550 -26.60 0.26540
     2746  6.550 -26.50 0.26970
     2747  6.550 -26.40 0.27170
     2748  6.550 -26.30 0.26870
     2749  6.550 -26.20 0.27270
     2750  6.550 -26.10 0.25340
     2751  6.550 -26.00 0.20650
     2752  6.550 -25.90 0.12420
     2753  6.550 -25.80 0.05460
     2754  6.550 -25.70 0.02360
     2755  6.550 -25.60 0.00000
     2756  6.550 -25.50 0.00000
     2757  6.550 -25.40 0.00000
     2758  6.550 -25.30 0.00000
     2759  6.550 -25.20 0.00000
     2760  6.550 -25.10 0.00000
     2761  6.550 -25.00 0.00000
     2762  6.550 -24.90 0.00000
     2763  6.550 -24.80 0.00000
     2764  6.550 -24.70 0.00000
     2765  6.550 -24.60 0.00000
     2766  6.550 -24.50 0.00000
     2767  6.550 -24.40 0.00000
     2768  6.550 -24.30 0.00000
     2769  6.550 -24.20 0.00000
     2770  6.550 -24.10 0.00000
     2771  6.550 -24.00 0.00000
     2772  6.550 -23.90 0.00000
     2773  6.550 -23.80 0.00000
     2774  6.550 -23.70 0.00000
     2775  6.550 -23.60 0.00000
     2776  6.550 -23.50 0.00000
     2777  6.550 -23.40 0.00000
     2778  6.550 -23.30 0.00000
     2779  6.550 -23.20 0.00000
     2780  6.550 -23.10 0.00000
     2781  6.550 -23.00 0.00000
     2782  6.550 -22.90 0.00000
     2783  6.550 -22.80 0.00000
     2784  6.550 -22.70 0.00000
     2785  6.550 -22.60 0.00000
     2786  6.550 -22.50 0.00000
     2787  6.550 -22.40 0.00000
     2788  6.550 -22.30 0.00000
     2789  6.550 -22.20 0.00000
     2790  6.550 -22.10 0.00000
     2791  6.550 -22.00 0.00000
     2792  6.550 -21.90 0.00000
     2793  6.550 -21.80 0.00000
     2794  6.550 -21.70 0.00000
     2795  6.550 -21.60 0.00000
     2796  6.550 -21.50 0.00000
     2797  6.550 -21.40 0.00000
     2798  6.550 -21.30 0.00000
     2799  6.550 -21.20 0.00000
     2800  6.550 -21.10 0.00000
     2801  6.575 -29.00 0.25440
     2802  6.575 -28.90 0.25440
     2803  6.575 -28.80 0.25440
     2804  6.575 -28.70 0.25440
     2805  6.575 -28.60 0.25440
     2806  6.575 -28.50 0.25440
     2807  6.575 -28.40 0.25440
     2808  6.575 -28.30 0.25440
     2809  6.575 -28.20 0.25440
     2810  6.575 -28.10 0.25440
     2811  6.575 -28.00 0.25440
     2812  6.575 -27.90 0.25440
     2813  6.575 -27.80 0.25440
     2814  6.575 -27.70 0.25440
     2815  6.575 -27.60 0.25440
     2816  6.575 -27.50 0.25440
     2817  6.575 -27.40 0.25440
     2818  6.575 -27.30 0.25440
     2819  6.575 -27.20 0.25440
     2820  6.575 -27.10 0.25440
     2821  6.575 -27.00 0.25440
     2822  6.575 -26.90 0.25710
     2823  6.575 -26.80 0.25940
     2824  6.575 -26.70 0.26310
     2825  6.575 -26.60 0.26540
     2826  6.575 -26.50 0.26970
     2827  6.575 -26.40 0.27170
     2828  6.575 -26.30 0.26870
     2829  6.575 -26.20 0.27270
     2830  6.575 -26.10 0.25340
     2831  6.575 -26.00 0.20650
     2832  6.575 -25.90 0.12420
     2833  6.575 -25.80 0.05460
     2834  6.575 -25.70 0.02360
     2835  6.575 -25.60 0.00000
     2836  6.575 -25.50 0.00000
     2837  6.575 -25.40 0.00000
     2838  6.575 -25.30 0.00000
     2839  6.575 -25.20 0.00000
     2840  6.575 -25.10 0.00000
     2841  6.575 -25.00 0.00000
     2842  6.575 -24.90 0.00000
     2843  6.575 -24.80 0.00000
     2844  6.575 -24.70 0.00000
     2845  6.575 -24.60 0.00000
     2846  6.575 -24.50 0.00000
     2847  6.575 -24.40 0.00000
     2848  6.575 -24.30 0.00000
     2849  6.575 -24.20 0.00000
     2850  6.575 -24.10 0.00000
     2851  6.575 -24.00 0.00000
     2852  6.575 -23.90 0.00000
     2853  6.575 -23.80 0.00000
     2854  6.575 -23.70 0.00000
     2855  6.575 -23.60 0.00000
     2856  6.575 -23.50 0.00000
     2857  6.575 -23.40 0.00000
     2858  6.575 -23.30 0.00000
     2859  6.575 -23.20 0.00000
     2860  6.575 -23.10 0.00000
     2861  6.575 -23.00 0.00000
     2862  6.575 -22.90 0.00000
     2863  6.575 -22.80 0.00000
     2864  6.575 -22.70 0.00000
     2865  6.575 -22.60 0.00000
     2866  6.575 -22.50 0.00000
     2867  6.575 -22.40 0.00000
     2868  6.575 -22.30 0.00000
     2869  6.575 -22.20 0.00000
     2870  6.575 -22.10 0.00000
     2871  6.575 -22.00 0.00000
     2872  6.575 -21.90 0.00000
     2873  6.575 -21.80 0.00000
     2874  6.575 -21.70 0.00000
     2875  6.575 -21.60 0.00000
     2876  6.575 -21.50 0.00000
     2877  6.575 -21.40 0.00000
     2878  6.575 -21.30 0.00000
     2879  6.575 -21.20 0.00000
     2880  6.575 -21.10 0.00000
     2881  6.600 -29.00 0.25440
     2882  6.600 -28.90 0.25440
     2883  6.600 -28.80 0.25440
     2884  6.600 -28.70 0.25440
     2885  6.600 -28.60 0.25440
     2886  6.600 -28.50 0.25440
     2887  6.600 -28.40 0.25440
     2888  6.600 -28.30 0.25440
     2889  6.600 -28.20 0.25440
     2890  6.600 -28.10 0.25440
     2891  6.600 -28.00 0.25440
     2892  6.600 -27.90 0.25440
     2893  6.600 -27.80 0.25440
     2894  6.600 -27.70 0.25440
     2895  6.600 -27.60 0.25440
     2896  6.600 -27.50 0.25440
     2897  6.600 -27.40 0.25440
     2898  6.600 -27.30 0.25440
     2899  6.600 -27.20 0.25440
     2900  6.600 -27.10 0.25440
     2901  6.600 -27.00 0.25440
     2902  6.600 -26.90 0.25710
     2903  6.600 -26.80 0.25940
     2904  6.600 -26.70 0.26310
     2905  6.600 -26.60 0.26540
     2906  6.600 -26.50 0.26970
     2907  6.600 -26.40 0.27170
     2908  6.600 -26.30 0.26870
     2909  6.600 -26.20 0.27270
     2910  6.600 -26.10 0.25340
     2911  6.600 -26.00 0.20650
     2912  6.600 -25.90 0.12420
     2913  6.600 -25.80 0.05460
     2914  6.600 -25.70 0.02360
     2915  6.600 -25.60 0.00000
     2916  6.600 -25.50 0.00000
     2917  6.600 -25.40 0.00000
     2918  6.600 -25.30 0.00000
     2919  6.600 -25.20 0.00000
     2920  6.600 -25.10 0.00000
     2921  6.600 -25.00 0.00000
     2922  6.600 -24.90 0.00000
     2923  6.600 -24.80 0.00000
     2924  6.600 -24.70 0.00000
     2925  6.600 -24.60 0.00000
     2926  6.600 -24.50 0.00000
     2927  6.600 -24.40 0.00000
     2928  6.600 -24.30 0.00000
     2929  6.600 -24.20 0.00000
     2930  6.600 -24.10 0.00000
     2931  6.600 -24.00 0.00000
     2932  6.600 -23.90 0.00000
     2933  6.600 -23.80 0.00000
     2934  6.600 -23.70 0.00000
     2935  6.600 -23.60 0.00000
     2936  6.600 -23.50 0.00000
     2937  6.600 -23.40 0.00000
     2938  6.600 -23.30 0.00000
     2939  6.600 -23.20 0.00000
     2940  6.600 -23.10 0.00000
     2941  6.600 -23.00 0.00000
     2942  6.600 -22.90 0.00000
     2943  6.600 -22.80 0.00000
     2944  6.600 -22.70 0.00000
     2945  6.600 -22.60 0.00000
     2946  6.600 -22.50 0.00000
     2947  6.600 -22.40 0.00000
     2948  6.600 -22.30 0.00000
     2949  6.600 -22.20 0.00000
     2950  6.600 -22.10 0.00000
     2951  6.600 -22.00 0.00000
     2952  6.600 -21.90 0.00000
     2953  6.600 -21.80 0.00000
     2954  6.600 -21.70 0.00000
     2955  6.600 -21.60 0.00000
     2956  6.600 -21.50 0.00000
     2957  6.600 -21.40 0.00000
     2958  6.600 -21.30 0.00000
     2959  6.600 -21.20 0.00000
     2960  6.600 -21.10 0.00000
