# counter  z     Mi(z=2) p
        1  2.025 -28.22 0.00000
        2  2.025 -28.12 0.00000
        3  2.025 -28.02 0.00000
        4  2.025 -27.92 0.00000
        5  2.025 -27.82 0.00000
        6  2.025 -27.72 0.00000
        7  2.025 -27.62 0.00000
        8  2.025 -27.52 0.00000
        9  2.025 -27.42 0.00480
       10  2.025 -27.32 0.00000
       11  2.025 -27.22 0.01050
       12  2.025 -27.12 0.00000
       13  2.025 -27.02 0.00000
       14  2.025 -26.92 0.00000
       15  2.025 -26.82 0.00510
       16  2.025 -26.72 0.00000
       17  2.025 -26.62 0.00000
       18  2.025 -26.52 0.01100
       19  2.025 -26.42 0.00000
       20  2.025 -26.32 0.00600
       21  2.025 -26.22 0.00000
       22  2.025 -26.12 0.00000
       23  2.025 -26.02 0.00000
       24  2.025 -25.92 0.01220
       25  2.025 -25.82 0.01160
       26  2.025 -25.72 0.00000
       27  2.025 -25.62 0.00000
       28  2.025 -25.52 0.00000
       29  2.025 -25.42 0.00000
       30  2.025 -25.32 0.00000
       31  2.025 -25.22 0.00000
       32  2.025 -25.12 0.00000
       33  2.025 -25.02 0.00860
       34  2.025 -24.92 0.00500
       35  2.025 -24.82 0.00510
       36  2.025 -24.72 0.01030
       37  2.025 -24.62 0.00510
       38  2.025 -24.52 0.01460
       39  2.025 -24.42 0.00000
       40  2.025 -24.32 0.00000
       41  2.025 -24.22 0.02270
       42  2.025 -24.12 0.01120
       43  2.025 -24.02 0.00000
       44  2.025 -23.92 0.00930
       45  2.075 -28.28 0.00000
       46  2.075 -28.18 0.00000
       47  2.075 -28.08 0.00000
       48  2.075 -27.98 0.00000
       49  2.075 -27.88 0.00000
       50  2.075 -27.78 0.00000
       51  2.075 -27.68 0.00000
       52  2.075 -27.58 0.00480
       53  2.075 -27.48 0.00000
       54  2.075 -27.38 0.00000
       55  2.075 -27.28 0.00480
       56  2.075 -27.18 0.00500
       57  2.075 -27.08 0.00000
       58  2.075 -26.98 0.00000
       59  2.075 -26.88 0.00000
       60  2.075 -26.78 0.00550
       61  2.075 -26.68 0.00530
       62  2.075 -26.58 0.00610
       63  2.075 -26.48 0.01810
       64  2.075 -26.38 0.00000
       65  2.075 -26.28 0.00550
       66  2.075 -26.18 0.00000
       67  2.075 -26.08 0.00600
       68  2.075 -25.98 0.00680
       69  2.075 -25.88 0.00600
       70  2.075 -25.78 0.00000
       71  2.075 -25.68 0.00000
       72  2.075 -25.58 0.00000
       73  2.075 -25.48 0.00550
       74  2.075 -25.38 0.01380
       75  2.075 -25.28 0.00490
       76  2.075 -25.18 0.02760
       77  2.075 -25.08 0.00000
       78  2.075 -24.98 0.00000
       79  2.075 -24.88 0.00950
       80  2.075 -24.78 0.00970
       81  2.075 -24.68 0.00960
       82  2.075 -24.58 0.00500
       83  2.075 -24.48 0.01570
       84  2.075 -24.38 0.00500
       85  2.075 -24.28 0.00520
       86  2.075 -24.18 0.01000
       87  2.075 -24.08 0.00550
       88  2.075 -23.98 0.00710
       89  2.125 -28.35 0.00000
       90  2.125 -28.25 0.00000
       91  2.125 -28.15 0.00000
       92  2.125 -28.05 0.00000
       93  2.125 -27.95 0.00000
       94  2.125 -27.85 0.00530
       95  2.125 -27.75 0.00000
       96  2.125 -27.65 0.00000
       97  2.125 -27.55 0.01030
       98  2.125 -27.45 0.00960
       99  2.125 -27.35 0.00000
      100  2.125 -27.25 0.00000
      101  2.125 -27.15 0.01000
      102  2.125 -27.05 0.00000
      103  2.125 -26.95 0.00000
      104  2.125 -26.85 0.01830
      105  2.125 -26.75 0.01470
      106  2.125 -26.65 0.01090
      107  2.125 -26.55 0.01190
      108  2.125 -26.45 0.01150
      109  2.125 -26.35 0.01750
      110  2.125 -26.25 0.03010
      111  2.125 -26.15 0.01340
      112  2.125 -26.05 0.01710
      113  2.125 -25.95 0.02870
      114  2.125 -25.85 0.02990
      115  2.125 -25.75 0.02660
      116  2.125 -25.65 0.02300
      117  2.125 -25.55 0.02070
      118  2.125 -25.45 0.01520
      119  2.125 -25.35 0.02690
      120  2.125 -25.25 0.00910
      121  2.125 -25.15 0.00520
      122  2.125 -25.05 0.00480
      123  2.125 -24.95 0.03000
      124  2.125 -24.85 0.00530
      125  2.125 -24.75 0.01600
      126  2.125 -24.65 0.02650
      127  2.125 -24.55 0.02650
      128  2.125 -24.45 0.02910
      129  2.125 -24.35 0.02210
      130  2.125 -24.25 0.01980
      131  2.125 -24.15 0.00480
      132  2.125 -24.05 0.00610
      133  2.175 -28.42 0.00000
      134  2.175 -28.32 0.00000
      135  2.175 -28.22 0.00000
      136  2.175 -28.12 0.02910
      137  2.175 -28.02 0.02650
      138  2.175 -27.92 0.02560
      139  2.175 -27.82 0.05480
      140  2.175 -27.72 0.03450
      141  2.175 -27.62 0.04570
      142  2.175 -27.52 0.04640
      143  2.175 -27.42 0.05290
      144  2.175 -27.32 0.04850
      145  2.175 -27.22 0.06220
      146  2.175 -27.12 0.07410
      147  2.175 -27.02 0.04050
      148  2.175 -26.92 0.03560
      149  2.175 -26.82 0.07080
      150  2.175 -26.72 0.06940
      151  2.175 -26.62 0.10330
      152  2.175 -26.52 0.08370
      153  2.175 -26.42 0.08380
      154  2.175 -26.32 0.13640
      155  2.175 -26.22 0.11870
      156  2.175 -26.12 0.05630
      157  2.175 -26.02 0.11800
      158  2.175 -25.92 0.12240
      159  2.175 -25.82 0.08140
      160  2.175 -25.72 0.12430
      161  2.175 -25.62 0.07490
      162  2.175 -25.52 0.14610
      163  2.175 -25.42 0.07580
      164  2.175 -25.32 0.07650
      165  2.175 -25.22 0.09840
      166  2.175 -25.12 0.09390
      167  2.175 -25.02 0.08460
      168  2.175 -24.92 0.06250
      169  2.175 -24.82 0.09170
      170  2.175 -24.72 0.06500
      171  2.175 -24.62 0.07860
      172  2.175 -24.52 0.03860
      173  2.175 -24.42 0.01660
      174  2.175 -24.32 0.02980
      175  2.175 -24.22 0.03770
      176  2.175 -24.12 0.01160
      177  2.225 -28.49 0.00000
      178  2.225 -28.39 0.00000
      179  2.225 -28.29 0.00000
      180  2.225 -28.19 0.17100
      181  2.225 -28.09 0.37190
      182  2.225 -27.99 0.36890
      183  2.225 -27.89 0.36740
      184  2.225 -27.79 0.26110
      185  2.225 -27.69 0.37070
      186  2.225 -27.59 0.43100
      187  2.225 -27.49 0.38860
      188  2.225 -27.39 0.49210
      189  2.225 -27.29 0.38340
      190  2.225 -27.19 0.46900
      191  2.225 -27.09 0.52260
      192  2.225 -26.99 0.51050
      193  2.225 -26.89 0.49310
      194  2.225 -26.79 0.41360
      195  2.225 -26.69 0.48300
      196  2.225 -26.59 0.45400
      197  2.225 -26.49 0.46390
      198  2.225 -26.39 0.43780
      199  2.225 -26.29 0.55430
      200  2.225 -26.19 0.49660
      201  2.225 -26.09 0.46320
      202  2.225 -25.99 0.42610
      203  2.225 -25.89 0.35000
      204  2.225 -25.79 0.40690
      205  2.225 -25.69 0.40330
      206  2.225 -25.59 0.33520
      207  2.225 -25.49 0.27620
      208  2.225 -25.39 0.25710
      209  2.225 -25.29 0.26420
      210  2.225 -25.19 0.29070
      211  2.225 -25.09 0.27720
      212  2.225 -24.99 0.22860
      213  2.225 -24.89 0.24070
      214  2.225 -24.79 0.16970
      215  2.225 -24.69 0.16960
      216  2.225 -24.59 0.13680
      217  2.225 -24.49 0.08780
      218  2.225 -24.39 0.11640
      219  2.225 -24.29 0.10200
      220  2.225 -24.19 0.06250
      221  2.275 -28.56 0.00000
      222  2.275 -28.46 0.00000
      223  2.275 -28.36 0.00000
      224  2.275 -28.26 0.40760
      225  2.275 -28.16 0.78240
      226  2.275 -28.06 0.81670
      227  2.275 -27.96 0.81150
      228  2.275 -27.86 0.72090
      229  2.275 -27.76 0.75240
      230  2.275 -27.66 0.74110
      231  2.275 -27.56 0.79080
      232  2.275 -27.46 0.83890
      233  2.275 -27.36 0.70410
      234  2.275 -27.26 0.82240
      235  2.275 -27.16 0.73890
      236  2.275 -27.06 0.85380
      237  2.275 -26.96 0.76370
      238  2.275 -26.86 0.72110
      239  2.275 -26.76 0.78760
      240  2.275 -26.66 0.76140
      241  2.275 -26.56 0.71250
      242  2.275 -26.46 0.78950
      243  2.275 -26.36 0.73680
      244  2.275 -26.26 0.75840
      245  2.275 -26.16 0.69280
      246  2.275 -26.06 0.69590
      247  2.275 -25.96 0.67310
      248  2.275 -25.86 0.60590
      249  2.275 -25.76 0.48920
      250  2.275 -25.66 0.46630
      251  2.275 -25.56 0.46050
      252  2.275 -25.46 0.51220
      253  2.275 -25.36 0.38950
      254  2.275 -25.26 0.45310
      255  2.275 -25.16 0.37360
      256  2.275 -25.06 0.30620
      257  2.275 -24.96 0.37130
      258  2.275 -24.86 0.28850
      259  2.275 -24.76 0.27400
      260  2.275 -24.66 0.28120
      261  2.275 -24.56 0.21270
      262  2.275 -24.46 0.13390
      263  2.275 -24.36 0.16510
      264  2.275 -24.26 0.10340
      265  2.325 -28.62 0.00000
      266  2.325 -28.52 0.00000
      267  2.325 -28.42 0.00000
      268  2.325 -28.32 0.33650
      269  2.325 -28.22 0.90270
      270  2.325 -28.12 0.86100
      271  2.325 -28.02 0.83730
      272  2.325 -27.92 0.79910
      273  2.325 -27.82 0.88270
      274  2.325 -27.72 0.87500
      275  2.325 -27.62 0.85570
      276  2.325 -27.52 0.87320
      277  2.325 -27.42 0.81980
      278  2.325 -27.32 0.88890
      279  2.325 -27.22 0.83590
      280  2.325 -27.12 0.89190
      281  2.325 -27.02 0.81430
      282  2.325 -26.92 0.86850
      283  2.325 -26.82 0.86000
      284  2.325 -26.72 0.85510
      285  2.325 -26.62 0.81100
      286  2.325 -26.52 0.81870
      287  2.325 -26.42 0.82630
      288  2.325 -26.32 0.84290
      289  2.325 -26.22 0.79630
      290  2.325 -26.12 0.80570
      291  2.325 -26.02 0.77650
      292  2.325 -25.92 0.73330
      293  2.325 -25.82 0.63270
      294  2.325 -25.72 0.61360
      295  2.325 -25.62 0.51670
      296  2.325 -25.52 0.54450
      297  2.325 -25.42 0.51600
      298  2.325 -25.32 0.43140
      299  2.325 -25.22 0.46740
      300  2.325 -25.12 0.44500
      301  2.325 -25.02 0.37810
      302  2.325 -24.92 0.38760
      303  2.325 -24.82 0.31280
      304  2.325 -24.72 0.30770
      305  2.325 -24.62 0.24360
      306  2.325 -24.52 0.25000
      307  2.325 -24.42 0.21080
      308  2.325 -24.32 0.19670
      309  2.375 -28.68 0.00000
      310  2.375 -28.58 0.00000
      311  2.375 -28.48 0.00000
      312  2.375 -28.38 0.50290
      313  2.375 -28.28 0.89350
      314  2.375 -28.18 0.86110
      315  2.375 -28.08 0.86760
      316  2.375 -27.98 0.84660
      317  2.375 -27.88 0.86340
      318  2.375 -27.78 0.89860
      319  2.375 -27.68 0.88110
      320  2.375 -27.58 0.89860
      321  2.375 -27.48 0.85980
      322  2.375 -27.38 0.91620
      323  2.375 -27.28 0.90270
      324  2.375 -27.18 0.90050
      325  2.375 -27.08 0.88100
      326  2.375 -26.98 0.84290
      327  2.375 -26.88 0.89050
      328  2.375 -26.78 0.88270
      329  2.375 -26.68 0.83330
      330  2.375 -26.58 0.76850
      331  2.375 -26.48 0.81520
      332  2.375 -26.38 0.82690
      333  2.375 -26.28 0.79470
      334  2.375 -26.18 0.79350
      335  2.375 -26.08 0.71930
      336  2.375 -25.98 0.72220
      337  2.375 -25.88 0.67960
      338  2.375 -25.78 0.65560
      339  2.375 -25.68 0.57780
      340  2.375 -25.58 0.47750
      341  2.375 -25.48 0.50240
      342  2.375 -25.38 0.53430
      343  2.375 -25.28 0.47890
      344  2.375 -25.18 0.43280
      345  2.375 -25.08 0.42470
      346  2.375 -24.98 0.41400
      347  2.375 -24.88 0.42190
      348  2.375 -24.78 0.37680
      349  2.375 -24.68 0.27910
      350  2.375 -24.58 0.23220
      351  2.375 -24.48 0.23040
      352  2.375 -24.38 0.14510
      353  2.425 -28.74 0.00000
      354  2.425 -28.64 0.00000
      355  2.425 -28.54 0.00000
      356  2.425 -28.44 0.46320
      357  2.425 -28.34 0.87750
      358  2.425 -28.24 0.87500
      359  2.425 -28.14 0.86770
      360  2.425 -28.04 0.83330
      361  2.425 -27.94 0.86980
      362  2.425 -27.84 0.88320
      363  2.425 -27.74 0.87050
      364  2.425 -27.64 0.87710
      365  2.425 -27.54 0.84620
      366  2.425 -27.44 0.87620
      367  2.425 -27.34 0.84540
      368  2.425 -27.24 0.86510
      369  2.425 -27.14 0.90090
      370  2.425 -27.04 0.87240
      371  2.425 -26.94 0.90480
      372  2.425 -26.84 0.80710
      373  2.425 -26.74 0.85650
      374  2.425 -26.64 0.81220
      375  2.425 -26.54 0.79270
      376  2.425 -26.44 0.79330
      377  2.425 -26.34 0.72190
      378  2.425 -26.24 0.76800
      379  2.425 -26.14 0.73100
      380  2.425 -26.04 0.72050
      381  2.425 -25.94 0.67300
      382  2.425 -25.84 0.55880
      383  2.425 -25.74 0.58860
      384  2.425 -25.64 0.52260
      385  2.425 -25.54 0.52080
      386  2.425 -25.44 0.50000
      387  2.425 -25.34 0.46450
      388  2.425 -25.24 0.38990
      389  2.425 -25.14 0.38830
      390  2.425 -25.04 0.35900
      391  2.425 -24.94 0.37800
      392  2.425 -24.84 0.33500
      393  2.425 -24.74 0.33170
      394  2.425 -24.64 0.26730
      395  2.425 -24.54 0.16280
      396  2.425 -24.44 0.16830
      397  2.475 -28.79 0.00000
      398  2.475 -28.69 0.00000
      399  2.475 -28.59 0.00000
      400  2.475 -28.49 0.38340
      401  2.475 -28.39 0.88460
      402  2.475 -28.29 0.86640
      403  2.475 -28.19 0.84420
      404  2.475 -28.09 0.84420
      405  2.475 -27.99 0.85200
      406  2.475 -27.89 0.88700
      407  2.475 -27.79 0.90220
      408  2.475 -27.69 0.85710
      409  2.475 -27.59 0.87170
      410  2.475 -27.49 0.86270
      411  2.475 -27.39 0.89220
      412  2.475 -27.29 0.86480
      413  2.475 -27.19 0.88000
      414  2.475 -27.09 0.81970
      415  2.475 -26.99 0.86220
      416  2.475 -26.89 0.85020
      417  2.475 -26.79 0.81280
      418  2.475 -26.69 0.78540
      419  2.475 -26.59 0.81330
      420  2.475 -26.49 0.80000
      421  2.475 -26.39 0.70810
      422  2.475 -26.29 0.66460
      423  2.475 -26.19 0.65360
      424  2.475 -26.09 0.71340
      425  2.475 -25.99 0.64670
      426  2.475 -25.89 0.63580
      427  2.475 -25.79 0.53460
      428  2.475 -25.69 0.53760
      429  2.475 -25.59 0.47240
      430  2.475 -25.49 0.49750
      431  2.475 -25.39 0.44210
      432  2.475 -25.29 0.37620
      433  2.475 -25.19 0.35610
      434  2.475 -25.09 0.31920
      435  2.475 -24.99 0.35380
      436  2.475 -24.89 0.27890
      437  2.475 -24.79 0.27320
      438  2.475 -24.69 0.21630
      439  2.475 -24.59 0.20380
      440  2.475 -24.49 0.11660
      441  2.525 -28.84 0.00000
      442  2.525 -28.74 0.00000
      443  2.525 -28.64 0.00000
      444  2.525 -28.54 0.40760
      445  2.525 -28.44 0.90160
      446  2.525 -28.34 0.90450
      447  2.525 -28.24 0.88770
      448  2.525 -28.14 0.80200
      449  2.525 -28.04 0.84510
      450  2.525 -27.94 0.86890
      451  2.525 -27.84 0.89890
      452  2.525 -27.74 0.86150
      453  2.525 -27.64 0.85650
      454  2.525 -27.54 0.87730
      455  2.525 -27.44 0.83510
      456  2.525 -27.34 0.88780
      457  2.525 -27.24 0.84260
      458  2.525 -27.14 0.88320
      459  2.525 -27.04 0.83410
      460  2.525 -26.94 0.84160
      461  2.525 -26.84 0.78190
      462  2.525 -26.74 0.80300
      463  2.525 -26.64 0.75380
      464  2.525 -26.54 0.77330
      465  2.525 -26.44 0.69180
      466  2.525 -26.34 0.67100
      467  2.525 -26.24 0.62570
      468  2.525 -26.14 0.51160
      469  2.525 -26.04 0.62940
      470  2.525 -25.94 0.64600
      471  2.525 -25.84 0.58130
      472  2.525 -25.74 0.50000
      473  2.525 -25.64 0.44930
      474  2.525 -25.54 0.35330
      475  2.525 -25.44 0.34150
      476  2.525 -25.34 0.36870
      477  2.525 -25.24 0.39470
      478  2.525 -25.14 0.38810
      479  2.525 -25.04 0.32810
      480  2.525 -24.94 0.26000
      481  2.525 -24.84 0.23500
      482  2.525 -24.74 0.21280
      483  2.525 -24.64 0.15320
      484  2.525 -24.54 0.13710
      485  2.575 -28.88 0.00000
      486  2.575 -28.78 0.00000
      487  2.575 -28.68 0.00000
      488  2.575 -28.58 0.47830
      489  2.575 -28.48 0.92890
      490  2.575 -28.38 0.90090
      491  2.575 -28.28 0.80630
      492  2.575 -28.18 0.86890
      493  2.575 -28.08 0.92410
      494  2.575 -27.98 0.89370
      495  2.575 -27.88 0.94440
      496  2.575 -27.78 0.81720
      497  2.575 -27.68 0.84290
      498  2.575 -27.58 0.86430
      499  2.575 -27.48 0.90090
      500  2.575 -27.38 0.80900
      501  2.575 -27.28 0.85130
      502  2.575 -27.18 0.86960
      503  2.575 -27.08 0.86600
      504  2.575 -26.98 0.84510
      505  2.575 -26.88 0.81000
      506  2.575 -26.78 0.71940
      507  2.575 -26.68 0.73220
      508  2.575 -26.58 0.69770
      509  2.575 -26.48 0.58460
      510  2.575 -26.38 0.53380
      511  2.575 -26.28 0.58390
      512  2.575 -26.18 0.57670
      513  2.575 -26.08 0.51480
      514  2.575 -25.98 0.49380
      515  2.575 -25.88 0.50600
      516  2.575 -25.78 0.52540
      517  2.575 -25.68 0.42940
      518  2.575 -25.58 0.32950
      519  2.575 -25.48 0.33790
      520  2.575 -25.38 0.35480
      521  2.575 -25.28 0.33000
      522  2.575 -25.18 0.32050
      523  2.575 -25.08 0.30950
      524  2.575 -24.98 0.29170
      525  2.575 -24.88 0.22070
      526  2.575 -24.78 0.23880
      527  2.575 -24.68 0.14350
      528  2.575 -24.58 0.13930
      529  2.625 -28.90 0.00000
      530  2.625 -28.80 0.00000
      531  2.625 -28.70 0.00000
      532  2.625 -28.60 0.46670
      533  2.625 -28.50 0.93300
      534  2.625 -28.40 0.85850
      535  2.625 -28.30 0.70050
      536  2.625 -28.20 0.72330
      537  2.625 -28.10 0.85510
      538  2.625 -28.00 0.84770
      539  2.625 -27.90 0.82490
      540  2.625 -27.80 0.74020
      541  2.625 -27.70 0.75400
      542  2.625 -27.60 0.78470
      543  2.625 -27.50 0.71290
      544  2.625 -27.40 0.73660
      545  2.625 -27.30 0.69910
      546  2.625 -27.20 0.74870
      547  2.625 -27.10 0.78790
      548  2.625 -27.00 0.70050
      549  2.625 -26.90 0.62560
      550  2.625 -26.80 0.56800
      551  2.625 -26.70 0.60850
      552  2.625 -26.60 0.48900
      553  2.625 -26.50 0.47120
      554  2.625 -26.40 0.40490
      555  2.625 -26.30 0.40490
      556  2.625 -26.20 0.37060
      557  2.625 -26.10 0.40000
      558  2.625 -26.00 0.42940
      559  2.625 -25.90 0.42580
      560  2.625 -25.80 0.40120
      561  2.625 -25.70 0.33920
      562  2.625 -25.60 0.27510
      563  2.625 -25.50 0.31800
      564  2.625 -25.40 0.30690
      565  2.625 -25.30 0.33990
      566  2.625 -25.20 0.32350
      567  2.625 -25.10 0.22680
      568  2.625 -25.00 0.26890
      569  2.625 -24.90 0.23670
      570  2.625 -24.80 0.20200
      571  2.625 -24.70 0.15620
      572  2.625 -24.60 0.14560
      573  2.675 -28.91 0.00000
      574  2.675 -28.81 0.00000
      575  2.675 -28.71 0.00000
      576  2.675 -28.61 0.43270
      577  2.675 -28.51 0.88790
      578  2.675 -28.41 0.71690
      579  2.675 -28.31 0.46880
      580  2.675 -28.21 0.52600
      581  2.675 -28.11 0.56360
      582  2.675 -28.01 0.67860
      583  2.675 -27.91 0.66670
      584  2.675 -27.81 0.54120
      585  2.675 -27.71 0.41150
      586  2.675 -27.61 0.54410
      587  2.675 -27.51 0.48420
      588  2.675 -27.41 0.41740
      589  2.675 -27.31 0.50680
      590  2.675 -27.21 0.44090
      591  2.675 -27.11 0.53250
      592  2.675 -27.01 0.46730
      593  2.675 -26.91 0.43060
      594  2.675 -26.81 0.45100
      595  2.675 -26.71 0.32990
      596  2.675 -26.61 0.35840
      597  2.675 -26.51 0.31940
      598  2.675 -26.41 0.30630
      599  2.675 -26.31 0.29090
      600  2.675 -26.21 0.22080
      601  2.675 -26.11 0.21590
      602  2.675 -26.01 0.28920
      603  2.675 -25.91 0.29010
      604  2.675 -25.81 0.30320
      605  2.675 -25.71 0.30280
      606  2.675 -25.61 0.31310
      607  2.675 -25.51 0.24880
      608  2.675 -25.41 0.29250
      609  2.675 -25.31 0.24530
      610  2.675 -25.21 0.24200
      611  2.675 -25.11 0.25710
      612  2.675 -25.01 0.21950
      613  2.675 -24.91 0.19730
      614  2.675 -24.81 0.15710
      615  2.675 -24.71 0.16420
      616  2.675 -24.61 0.10470
      617  2.725 -28.93 0.00000
      618  2.725 -28.83 0.00000
      619  2.725 -28.73 0.00000
      620  2.725 -28.63 0.37500
      621  2.725 -28.53 0.63210
      622  2.725 -28.43 0.48540
      623  2.725 -28.33 0.34870
      624  2.725 -28.23 0.31880
      625  2.725 -28.13 0.36140
      626  2.725 -28.03 0.43940
      627  2.725 -27.93 0.36780
      628  2.725 -27.83 0.38320
      629  2.725 -27.73 0.27670
      630  2.725 -27.63 0.35270
      631  2.725 -27.53 0.27840
      632  2.725 -27.43 0.30100
      633  2.725 -27.33 0.25650
      634  2.725 -27.23 0.25470
      635  2.725 -27.13 0.35780
      636  2.725 -27.03 0.24630
      637  2.725 -26.93 0.26670
      638  2.725 -26.83 0.26670
      639  2.725 -26.73 0.21950
      640  2.725 -26.63 0.22040
      641  2.725 -26.53 0.15000
      642  2.725 -26.43 0.17330
      643  2.725 -26.33 0.13040
      644  2.725 -26.23 0.19280
      645  2.725 -26.13 0.19630
      646  2.725 -26.03 0.25490
      647  2.725 -25.93 0.22070
      648  2.725 -25.83 0.24710
      649  2.725 -25.73 0.24030
      650  2.725 -25.63 0.25130
      651  2.725 -25.53 0.22620
      652  2.725 -25.43 0.24300
      653  2.725 -25.33 0.25260
      654  2.725 -25.23 0.19610
      655  2.725 -25.13 0.16900
      656  2.725 -25.03 0.17310
      657  2.725 -24.93 0.14150
      658  2.725 -24.83 0.13450
      659  2.725 -24.73 0.09420
      660  2.725 -24.63 0.11980
      661  2.775 -28.96 0.00000
      662  2.775 -28.86 0.00000
      663  2.775 -28.76 0.00000
      664  2.775 -28.66 0.17200
      665  2.775 -28.56 0.49760
      666  2.775 -28.46 0.33780
      667  2.775 -28.36 0.27640
      668  2.775 -28.26 0.26370
      669  2.775 -28.16 0.32540
      670  2.775 -28.06 0.35750
      671  2.775 -27.96 0.35270
      672  2.775 -27.86 0.25480
      673  2.775 -27.76 0.24630
      674  2.775 -27.66 0.29170
      675  2.775 -27.56 0.26840
      676  2.775 -27.46 0.24080
      677  2.775 -27.36 0.20300
      678  2.775 -27.26 0.27050
      679  2.775 -27.16 0.28050
      680  2.775 -27.06 0.26470
      681  2.775 -26.96 0.23680
      682  2.775 -26.86 0.23080
      683  2.775 -26.76 0.28770
      684  2.775 -26.66 0.16670
      685  2.775 -26.56 0.15820
      686  2.775 -26.46 0.19440
      687  2.775 -26.36 0.16880
      688  2.775 -26.26 0.18350
      689  2.775 -26.16 0.19510
      690  2.775 -26.06 0.24180
      691  2.775 -25.96 0.24140
      692  2.775 -25.86 0.19740
      693  2.775 -25.76 0.21090
      694  2.775 -25.66 0.22430
      695  2.775 -25.56 0.22700
      696  2.775 -25.46 0.19580
      697  2.775 -25.36 0.13860
      698  2.775 -25.26 0.18800
      699  2.775 -25.16 0.20790
      700  2.775 -25.06 0.14360
      701  2.775 -24.96 0.18380
      702  2.775 -24.86 0.11520
      703  2.775 -24.76 0.12440
      704  2.775 -24.66 0.09090
      705  2.825 -28.99 0.00000
      706  2.825 -28.89 0.00000
      707  2.825 -28.79 0.00000
      708  2.825 -28.69 0.15960
      709  2.825 -28.59 0.23830
      710  2.825 -28.49 0.20740
      711  2.825 -28.39 0.29300
      712  2.825 -28.29 0.26500
      713  2.825 -28.19 0.28270
      714  2.825 -28.09 0.28920
      715  2.825 -27.99 0.30960
      716  2.825 -27.89 0.30410
      717  2.825 -27.79 0.26290
      718  2.825 -27.69 0.27310
      719  2.825 -27.59 0.23040
      720  2.825 -27.49 0.27850
      721  2.825 -27.39 0.29070
      722  2.825 -27.29 0.28240
      723  2.825 -27.19 0.33170
      724  2.825 -27.09 0.30950
      725  2.825 -26.99 0.27410
      726  2.825 -26.89 0.23810
      727  2.825 -26.79 0.24740
      728  2.825 -26.69 0.30460
      729  2.825 -26.59 0.21940
      730  2.825 -26.49 0.18640
      731  2.825 -26.39 0.18930
      732  2.825 -26.29 0.16200
      733  2.825 -26.19 0.23210
      734  2.825 -26.09 0.19530
      735  2.825 -25.99 0.24500
      736  2.825 -25.89 0.14370
      737  2.825 -25.79 0.24070
      738  2.825 -25.69 0.20670
      739  2.825 -25.59 0.29670
      740  2.825 -25.49 0.26000
      741  2.825 -25.39 0.15960
      742  2.825 -25.29 0.17620
      743  2.825 -25.19 0.16510
      744  2.825 -25.09 0.14720
      745  2.825 -24.99 0.10150
      746  2.825 -24.89 0.13640
      747  2.825 -24.79 0.09390
      748  2.825 -24.69 0.10660
      749  2.875 -29.03 0.00000
      750  2.875 -28.93 0.00000
      751  2.875 -28.83 0.00000
      752  2.875 -28.73 0.09410
      753  2.875 -28.63 0.19720
      754  2.875 -28.53 0.21390
      755  2.875 -28.43 0.25250
      756  2.875 -28.33 0.37820
      757  2.875 -28.23 0.32500
      758  2.875 -28.13 0.38780
      759  2.875 -28.03 0.41090
      760  2.875 -27.93 0.30290
      761  2.875 -27.83 0.28650
      762  2.875 -27.73 0.38000
      763  2.875 -27.63 0.34070
      764  2.875 -27.53 0.41180
      765  2.875 -27.43 0.32840
      766  2.875 -27.33 0.32130
      767  2.875 -27.23 0.35750
      768  2.875 -27.13 0.34920
      769  2.875 -27.03 0.26320
      770  2.875 -26.93 0.27930
      771  2.875 -26.83 0.23080
      772  2.875 -26.73 0.23500
      773  2.875 -26.63 0.26090
      774  2.875 -26.53 0.22890
      775  2.875 -26.43 0.23910
      776  2.875 -26.33 0.20690
      777  2.875 -26.23 0.23160
      778  2.875 -26.13 0.27040
      779  2.875 -26.03 0.23680
      780  2.875 -25.93 0.30250
      781  2.875 -25.83 0.28270
      782  2.875 -25.73 0.20000
      783  2.875 -25.63 0.26140
      784  2.875 -25.53 0.21840
      785  2.875 -25.43 0.19000
      786  2.875 -25.33 0.18180
      787  2.875 -25.23 0.16410
      788  2.875 -25.13 0.15340
      789  2.875 -25.03 0.15790
      790  2.875 -24.93 0.14470
      791  2.875 -24.83 0.13370
      792  2.875 -24.73 0.05850
      793  2.925 -29.07 0.00000
      794  2.925 -28.97 0.00000
      795  2.925 -28.87 0.00000
      796  2.925 -28.77 0.15350
      797  2.925 -28.67 0.17790
      798  2.925 -28.57 0.23960
      799  2.925 -28.47 0.30730
      800  2.925 -28.37 0.41870
      801  2.925 -28.27 0.35640
      802  2.925 -28.17 0.44620
      803  2.925 -28.07 0.42650
      804  2.925 -27.97 0.34800
      805  2.925 -27.87 0.31790
      806  2.925 -27.77 0.37020
      807  2.925 -27.67 0.33510
      808  2.925 -27.57 0.44290
      809  2.925 -27.47 0.40000
      810  2.925 -27.37 0.41330
      811  2.925 -27.27 0.37670
      812  2.925 -27.17 0.41240
      813  2.925 -27.07 0.38310
      814  2.925 -26.97 0.37000
      815  2.925 -26.87 0.30960
      816  2.925 -26.77 0.38330
      817  2.925 -26.67 0.28710
      818  2.925 -26.57 0.32980
      819  2.925 -26.47 0.28570
      820  2.925 -26.37 0.30920
      821  2.925 -26.27 0.31150
      822  2.925 -26.17 0.32890
      823  2.925 -26.07 0.22010
      824  2.925 -25.97 0.30250
      825  2.925 -25.87 0.28320
      826  2.925 -25.77 0.23080
      827  2.925 -25.67 0.22470
      828  2.925 -25.57 0.20100
      829  2.925 -25.47 0.21470
      830  2.925 -25.37 0.18060
      831  2.925 -25.27 0.15180
      832  2.925 -25.17 0.13890
      833  2.925 -25.07 0.12820
      834  2.925 -24.97 0.14550
      835  2.925 -24.87 0.09390
      836  2.925 -24.77 0.09050
      837  2.975 -29.11 0.00000
      838  2.975 -29.01 0.00000
      839  2.975 -28.91 0.00000
      840  2.975 -28.81 0.10000
      841  2.975 -28.71 0.32080
      842  2.975 -28.61 0.31750
      843  2.975 -28.51 0.40280
      844  2.975 -28.41 0.42470
      845  2.975 -28.31 0.37440
      846  2.975 -28.21 0.49740
      847  2.975 -28.11 0.51010
      848  2.975 -28.01 0.38830
      849  2.975 -27.91 0.37820
      850  2.975 -27.81 0.42860
      851  2.975 -27.71 0.50510
      852  2.975 -27.61 0.47980
      853  2.975 -27.51 0.44050
      854  2.975 -27.41 0.39130
      855  2.975 -27.31 0.44750
      856  2.975 -27.21 0.38960
      857  2.975 -27.11 0.45450
      858  2.975 -27.01 0.36560
      859  2.975 -26.91 0.40100
      860  2.975 -26.81 0.37950
      861  2.975 -26.71 0.39500
      862  2.975 -26.61 0.37700
      863  2.975 -26.51 0.32000
      864  2.975 -26.41 0.42310
      865  2.975 -26.31 0.38830
      866  2.975 -26.21 0.27670
      867  2.975 -26.11 0.35370
      868  2.975 -26.01 0.32450
      869  2.975 -25.91 0.32210
      870  2.975 -25.81 0.20420
      871  2.975 -25.71 0.20000
      872  2.975 -25.61 0.26230
      873  2.975 -25.51 0.19390
      874  2.975 -25.41 0.17820
      875  2.975 -25.31 0.17560
      876  2.975 -25.21 0.11680
      877  2.975 -25.11 0.14290
      878  2.975 -25.01 0.13120
      879  2.975 -24.91 0.11220
      880  2.975 -24.81 0.04520
      881  3.025 -29.15 0.00000
      882  3.025 -29.05 0.00000
      883  3.025 -28.95 0.00000
      884  3.025 -28.85 0.21740
      885  3.025 -28.75 0.31870
      886  3.025 -28.65 0.34480
      887  3.025 -28.55 0.42350
      888  3.025 -28.45 0.53660
      889  3.025 -28.35 0.47450
      890  3.025 -28.25 0.49250
      891  3.025 -28.15 0.52380
      892  3.025 -28.05 0.44440
      893  3.025 -27.95 0.53500
      894  3.025 -27.85 0.47750
      895  3.025 -27.75 0.47420
      896  3.025 -27.65 0.49530
      897  3.025 -27.55 0.58250
      898  3.025 -27.45 0.54400
      899  3.025 -27.35 0.45500
      900  3.025 -27.25 0.47950
      901  3.025 -27.15 0.52480
      902  3.025 -27.05 0.43270
      903  3.025 -26.95 0.43750
      904  3.025 -26.85 0.47060
      905  3.025 -26.75 0.48970
      906  3.025 -26.65 0.35750
      907  3.025 -26.55 0.38500
      908  3.025 -26.45 0.40000
      909  3.025 -26.35 0.44870
      910  3.025 -26.25 0.36310
      911  3.025 -26.15 0.39390
      912  3.025 -26.05 0.35400
      913  3.025 -25.95 0.35170
      914  3.025 -25.85 0.35330
      915  3.025 -25.75 0.25270
      916  3.025 -25.65 0.26010
      917  3.025 -25.55 0.20710
      918  3.025 -25.45 0.22550
      919  3.025 -25.35 0.14680
      920  3.025 -25.25 0.14780
      921  3.025 -25.15 0.09780
      922  3.025 -25.05 0.10310
      923  3.025 -24.95 0.10980
      924  3.025 -24.85 0.03980
      925  3.075 -29.18 0.00000
      926  3.075 -29.08 0.00000
      927  3.075 -28.98 0.00000
      928  3.075 -28.88 0.24880
      929  3.075 -28.78 0.41470
      930  3.075 -28.68 0.44440
      931  3.075 -28.58 0.53720
      932  3.075 -28.48 0.52150
      933  3.075 -28.38 0.52820
      934  3.075 -28.28 0.50930
      935  3.075 -28.18 0.47000
      936  3.075 -28.08 0.43870
      937  3.075 -27.98 0.54300
      938  3.075 -27.88 0.54760
      939  3.075 -27.78 0.55900
      940  3.075 -27.68 0.47740
      941  3.075 -27.58 0.55980
      942  3.075 -27.48 0.51630
      943  3.075 -27.38 0.55100
      944  3.075 -27.28 0.54400
      945  3.075 -27.18 0.55020
      946  3.075 -27.08 0.54590
      947  3.075 -26.98 0.46830
      948  3.075 -26.88 0.51650
      949  3.075 -26.78 0.53920
      950  3.075 -26.68 0.49060
      951  3.075 -26.58 0.47340
      952  3.075 -26.48 0.45390
      953  3.075 -26.38 0.47030
      954  3.075 -26.28 0.41140
      955  3.075 -26.18 0.44850
      956  3.075 -26.08 0.39100
      957  3.075 -25.98 0.35530
      958  3.075 -25.88 0.36360
      959  3.075 -25.78 0.31110
      960  3.075 -25.68 0.24310
      961  3.075 -25.58 0.21540
      962  3.075 -25.48 0.25490
      963  3.075 -25.38 0.14900
      964  3.075 -25.28 0.18750
      965  3.075 -25.18 0.12820
      966  3.075 -25.08 0.08530
      967  3.075 -24.98 0.06970
      968  3.075 -24.88 0.04950
      969  3.125 -29.21 0.00000
      970  3.125 -29.11 0.00000
      971  3.125 -29.01 0.00000
      972  3.125 -28.91 0.22730
      973  3.125 -28.81 0.40510
      974  3.125 -28.71 0.47370
      975  3.125 -28.61 0.53240
      976  3.125 -28.51 0.63270
      977  3.125 -28.41 0.54750
      978  3.125 -28.31 0.58140
      979  3.125 -28.21 0.48990
      980  3.125 -28.11 0.49210
      981  3.125 -28.01 0.55120
      982  3.125 -27.91 0.63540
      983  3.125 -27.81 0.54810
      984  3.125 -27.71 0.52690
      985  3.125 -27.61 0.61970
      986  3.125 -27.51 0.63820
      987  3.125 -27.41 0.61810
      988  3.125 -27.31 0.57480
      989  3.125 -27.21 0.59330
      990  3.125 -27.11 0.56800
      991  3.125 -27.01 0.51420
      992  3.125 -26.91 0.51960
      993  3.125 -26.81 0.57780
      994  3.125 -26.71 0.51980
      995  3.125 -26.61 0.51260
      996  3.125 -26.51 0.52820
      997  3.125 -26.41 0.45780
      998  3.125 -26.31 0.54490
      999  3.125 -26.21 0.50330
     1000  3.125 -26.11 0.39490
     1001  3.125 -26.01 0.40330
     1002  3.125 -25.91 0.36930
     1003  3.125 -25.81 0.28410
     1004  3.125 -25.71 0.26340
     1005  3.125 -25.61 0.22390
     1006  3.125 -25.51 0.21400
     1007  3.125 -25.41 0.16430
     1008  3.125 -25.31 0.13370
     1009  3.125 -25.21 0.10800
     1010  3.125 -25.11 0.08700
     1011  3.125 -25.01 0.05290
     1012  3.125 -24.91 0.03590
     1013  3.175 -29.24 0.00000
     1014  3.175 -29.14 0.00000
     1015  3.175 -29.04 0.00000
     1016  3.175 -28.94 0.24060
     1017  3.175 -28.84 0.54090
     1018  3.175 -28.74 0.52530
     1019  3.175 -28.64 0.62120
     1020  3.175 -28.54 0.59240
     1021  3.175 -28.44 0.57560
     1022  3.175 -28.34 0.59450
     1023  3.175 -28.24 0.54500
     1024  3.175 -28.14 0.57070
     1025  3.175 -28.04 0.56650
     1026  3.175 -27.94 0.68780
     1027  3.175 -27.84 0.60730
     1028  3.175 -27.74 0.58790
     1029  3.175 -27.64 0.65310
     1030  3.175 -27.54 0.55920
     1031  3.175 -27.44 0.54790
     1032  3.175 -27.34 0.51710
     1033  3.175 -27.24 0.61710
     1034  3.175 -27.14 0.58670
     1035  3.175 -27.04 0.53470
     1036  3.175 -26.94 0.57490
     1037  3.175 -26.84 0.61340
     1038  3.175 -26.74 0.58200
     1039  3.175 -26.64 0.53890
     1040  3.175 -26.54 0.55670
     1041  3.175 -26.44 0.53140
     1042  3.175 -26.34 0.53410
     1043  3.175 -26.24 0.44590
     1044  3.175 -26.14 0.53740
     1045  3.175 -26.04 0.45560
     1046  3.175 -25.94 0.42490
     1047  3.175 -25.84 0.29880
     1048  3.175 -25.74 0.32930
     1049  3.175 -25.64 0.29100
     1050  3.175 -25.54 0.24370
     1051  3.175 -25.44 0.14220
     1052  3.175 -25.34 0.14290
     1053  3.175 -25.24 0.11350
     1054  3.175 -25.14 0.07080
     1055  3.175 -25.04 0.03650
     1056  3.175 -24.94 0.03000
     1057  3.225 -29.26 0.00000
     1058  3.225 -29.16 0.00000
     1059  3.225 -29.06 0.00000
     1060  3.225 -28.96 0.24620
     1061  3.225 -28.86 0.59070
     1062  3.225 -28.76 0.57800
     1063  3.225 -28.66 0.54460
     1064  3.225 -28.56 0.60380
     1065  3.225 -28.46 0.64290
     1066  3.225 -28.36 0.52200
     1067  3.225 -28.26 0.56720
     1068  3.225 -28.16 0.57340
     1069  3.225 -28.06 0.59020
     1070  3.225 -27.96 0.58620
     1071  3.225 -27.86 0.58330
     1072  3.225 -27.76 0.57140
     1073  3.225 -27.66 0.57480
     1074  3.225 -27.56 0.62890
     1075  3.225 -27.46 0.56370
     1076  3.225 -27.36 0.58570
     1077  3.225 -27.26 0.58820
     1078  3.225 -27.16 0.61210
     1079  3.225 -27.06 0.61900
     1080  3.225 -26.96 0.61110
     1081  3.225 -26.86 0.56870
     1082  3.225 -26.76 0.58120
     1083  3.225 -26.66 0.57670
     1084  3.225 -26.56 0.56350
     1085  3.225 -26.46 0.60760
     1086  3.225 -26.36 0.55700
     1087  3.225 -26.26 0.45060
     1088  3.225 -26.16 0.44230
     1089  3.225 -26.06 0.46070
     1090  3.225 -25.96 0.35060
     1091  3.225 -25.86 0.33110
     1092  3.225 -25.76 0.33330
     1093  3.225 -25.66 0.29950
     1094  3.225 -25.56 0.19910
     1095  3.225 -25.46 0.17620
     1096  3.225 -25.36 0.12900
     1097  3.225 -25.26 0.09950
     1098  3.225 -25.16 0.04690
     1099  3.225 -25.06 0.04230
     1100  3.225 -24.96 0.02340
     1101  3.275 -29.30 0.00000
     1102  3.275 -29.20 0.00000
     1103  3.275 -29.10 0.00000
     1104  3.275 -29.00 0.23740
     1105  3.275 -28.90 0.55940
     1106  3.275 -28.80 0.51670
     1107  3.275 -28.70 0.62710
     1108  3.275 -28.60 0.65670
     1109  3.275 -28.50 0.55610
     1110  3.275 -28.40 0.54590
     1111  3.275 -28.30 0.54210
     1112  3.275 -28.20 0.49200
     1113  3.275 -28.10 0.56540
     1114  3.275 -28.00 0.61060
     1115  3.275 -27.90 0.62500
     1116  3.275 -27.80 0.56280
     1117  3.275 -27.70 0.56500
     1118  3.275 -27.60 0.58490
     1119  3.275 -27.50 0.56060
     1120  3.275 -27.40 0.51040
     1121  3.275 -27.30 0.56120
     1122  3.275 -27.20 0.56590
     1123  3.275 -27.10 0.48960
     1124  3.275 -27.00 0.61650
     1125  3.275 -26.90 0.63680
     1126  3.275 -26.80 0.43900
     1127  3.275 -26.70 0.55030
     1128  3.275 -26.60 0.54380
     1129  3.275 -26.50 0.53990
     1130  3.275 -26.40 0.52070
     1131  3.275 -26.30 0.42680
     1132  3.275 -26.20 0.37950
     1133  3.275 -26.10 0.35710
     1134  3.275 -26.00 0.37420
     1135  3.275 -25.90 0.33920
     1136  3.275 -25.80 0.28030
     1137  3.275 -25.70 0.23730
     1138  3.275 -25.60 0.20970
     1139  3.275 -25.50 0.15380
     1140  3.275 -25.40 0.08260
     1141  3.275 -25.30 0.06300
     1142  3.275 -25.20 0.07250
     1143  3.275 -25.10 0.03800
     1144  3.275 -25.00 0.03910
     1145  3.325 -29.35 0.00000
     1146  3.325 -29.25 0.00000
     1147  3.325 -29.15 0.00000
     1148  3.325 -29.05 0.26130
     1149  3.325 -28.95 0.50230
     1150  3.325 -28.85 0.55370
     1151  3.325 -28.75 0.53470
     1152  3.325 -28.65 0.58000
     1153  3.325 -28.55 0.42190
     1154  3.325 -28.45 0.53270
     1155  3.325 -28.35 0.46270
     1156  3.325 -28.25 0.48040
     1157  3.325 -28.15 0.55120
     1158  3.325 -28.05 0.52630
     1159  3.325 -27.95 0.51560
     1160  3.325 -27.85 0.59490
     1161  3.325 -27.75 0.57890
     1162  3.325 -27.65 0.50520
     1163  3.325 -27.55 0.50480
     1164  3.325 -27.45 0.56540
     1165  3.325 -27.35 0.43720
     1166  3.325 -27.25 0.45060
     1167  3.325 -27.15 0.45550
     1168  3.325 -27.05 0.51960
     1169  3.325 -26.95 0.47030
     1170  3.325 -26.85 0.57280
     1171  3.325 -26.75 0.48130
     1172  3.325 -26.65 0.40980
     1173  3.325 -26.55 0.51180
     1174  3.325 -26.45 0.40560
     1175  3.325 -26.35 0.40620
     1176  3.325 -26.25 0.41610
     1177  3.325 -26.15 0.33330
     1178  3.325 -26.05 0.24840
     1179  3.325 -25.95 0.27220
     1180  3.325 -25.85 0.20990
     1181  3.325 -25.75 0.16320
     1182  3.325 -25.65 0.09910
     1183  3.325 -25.55 0.09380
     1184  3.325 -25.45 0.07350
     1185  3.325 -25.35 0.05470
     1186  3.325 -25.25 0.02790
     1187  3.325 -25.15 0.00910
     1188  3.325 -25.05 0.00480
     1189  3.375 -29.39 0.00000
     1190  3.375 -29.29 0.00000
     1191  3.375 -29.19 0.00000
     1192  3.375 -29.09 0.20250
     1193  3.375 -28.99 0.35260
     1194  3.375 -28.89 0.41360
     1195  3.375 -28.79 0.46800
     1196  3.375 -28.69 0.46190
     1197  3.375 -28.59 0.40700
     1198  3.375 -28.49 0.50890
     1199  3.375 -28.39 0.45000
     1200  3.375 -28.29 0.33170
     1201  3.375 -28.19 0.42500
     1202  3.375 -28.09 0.46190
     1203  3.375 -27.99 0.43060
     1204  3.375 -27.89 0.46910
     1205  3.375 -27.79 0.51490
     1206  3.375 -27.69 0.44760
     1207  3.375 -27.59 0.45320
     1208  3.375 -27.49 0.35260
     1209  3.375 -27.39 0.39710
     1210  3.375 -27.29 0.37140
     1211  3.375 -27.19 0.32510
     1212  3.375 -27.09 0.34690
     1213  3.375 -26.99 0.43780
     1214  3.375 -26.89 0.39200
     1215  3.375 -26.79 0.30160
     1216  3.375 -26.69 0.36320
     1217  3.375 -26.59 0.34460
     1218  3.375 -26.49 0.30060
     1219  3.375 -26.39 0.25610
     1220  3.375 -26.29 0.24680
     1221  3.375 -26.19 0.17180
     1222  3.375 -26.09 0.17370
     1223  3.375 -25.99 0.13640
     1224  3.375 -25.89 0.14090
     1225  3.375 -25.79 0.11680
     1226  3.375 -25.69 0.05910
     1227  3.375 -25.59 0.06250
     1228  3.375 -25.49 0.02820
     1229  3.375 -25.39 0.02060
     1230  3.375 -25.29 0.02240
     1231  3.375 -25.19 0.01390
     1232  3.375 -25.09 0.00000
     1233  3.425 -29.39 0.00000
     1234  3.425 -29.29 0.00000
     1235  3.425 -29.19 0.00000
     1236  3.425 -29.09 0.19390
     1237  3.425 -28.99 0.30800
     1238  3.425 -28.89 0.28770
     1239  3.425 -28.79 0.26530
     1240  3.425 -28.69 0.32470
     1241  3.425 -28.59 0.30480
     1242  3.425 -28.49 0.27860
     1243  3.425 -28.39 0.25760
     1244  3.425 -28.29 0.27730
     1245  3.425 -28.19 0.27440
     1246  3.425 -28.09 0.34720
     1247  3.425 -27.99 0.30770
     1248  3.425 -27.89 0.26070
     1249  3.425 -27.79 0.36600
     1250  3.425 -27.69 0.33850
     1251  3.425 -27.59 0.28370
     1252  3.425 -27.49 0.24750
     1253  3.425 -27.39 0.28170
     1254  3.425 -27.29 0.25000
     1255  3.425 -27.19 0.24470
     1256  3.425 -27.09 0.26130
     1257  3.425 -26.99 0.23650
     1258  3.425 -26.89 0.21610
     1259  3.425 -26.79 0.24080
     1260  3.425 -26.69 0.21330
     1261  3.425 -26.59 0.19430
     1262  3.425 -26.49 0.13580
     1263  3.425 -26.39 0.12960
     1264  3.425 -26.29 0.10320
     1265  3.425 -26.19 0.08180
     1266  3.425 -26.09 0.05640
     1267  3.425 -25.99 0.04730
     1268  3.425 -25.89 0.05000
     1269  3.425 -25.79 0.02760
     1270  3.425 -25.69 0.02210
     1271  3.425 -25.59 0.01830
     1272  3.425 -25.49 0.00930
     1273  3.425 -25.39 0.01030
     1274  3.425 -25.29 0.00450
     1275  3.425 -25.19 0.00000
     1276  3.425 -25.09 0.00000
     1277  3.475 -29.39 0.00000
     1278  3.475 -29.29 0.00000
     1279  3.475 -29.19 0.00000
     1280  3.475 -29.09 0.06910
     1281  3.475 -28.99 0.10410
     1282  3.475 -28.89 0.12940
     1283  3.475 -28.79 0.11500
     1284  3.475 -28.69 0.11440
     1285  3.475 -28.59 0.08890
     1286  3.475 -28.49 0.10990
     1287  3.475 -28.39 0.12140
     1288  3.475 -28.29 0.17240
     1289  3.475 -28.19 0.09940
     1290  3.475 -28.09 0.13850
     1291  3.475 -27.99 0.10150
     1292  3.475 -27.89 0.11000
     1293  3.475 -27.79 0.13230
     1294  3.475 -27.69 0.16980
     1295  3.475 -27.59 0.12250
     1296  3.475 -27.49 0.10800
     1297  3.475 -27.39 0.08040
     1298  3.475 -27.29 0.08170
     1299  3.475 -27.19 0.09740
     1300  3.475 -27.09 0.10360
     1301  3.475 -26.99 0.11220
     1302  3.475 -26.89 0.06800
     1303  3.475 -26.79 0.07430
     1304  3.475 -26.69 0.08250
     1305  3.475 -26.59 0.06290
     1306  3.475 -26.49 0.08050
     1307  3.475 -26.39 0.05850
     1308  3.475 -26.29 0.03770
     1309  3.475 -26.19 0.05960
     1310  3.475 -26.09 0.02650
     1311  3.475 -25.99 0.01140
     1312  3.475 -25.89 0.00700
     1313  3.475 -25.79 0.01190
     1314  3.475 -25.69 0.00970
     1315  3.475 -25.59 0.00980
     1316  3.475 -25.49 0.00530
     1317  3.475 -25.39 0.00000
     1318  3.475 -25.29 0.00470
     1319  3.475 -25.19 0.00000
     1320  3.475 -25.09 0.00000
     1321  3.525 -29.38 0.00000
     1322  3.525 -29.28 0.00000
     1323  3.525 -29.18 0.00000
     1324  3.525 -29.08 0.01420
     1325  3.525 -28.98 0.05060
     1326  3.525 -28.88 0.01880
     1327  3.525 -28.78 0.03060
     1328  3.525 -28.68 0.01970
     1329  3.525 -28.58 0.04860
     1330  3.525 -28.48 0.04780
     1331  3.525 -28.38 0.03380
     1332  3.525 -28.28 0.01610
     1333  3.525 -28.18 0.02580
     1334  3.525 -28.08 0.04800
     1335  3.525 -27.98 0.02860
     1336  3.525 -27.88 0.02930
     1337  3.525 -27.78 0.01070
     1338  3.525 -27.68 0.03260
     1339  3.525 -27.58 0.01520
     1340  3.525 -27.48 0.03290
     1341  3.525 -27.38 0.05160
     1342  3.525 -27.28 0.03080
     1343  3.525 -27.18 0.04950
     1344  3.525 -27.08 0.04460
     1345  3.525 -26.98 0.04150
     1346  3.525 -26.88 0.01060
     1347  3.525 -26.78 0.03450
     1348  3.525 -26.68 0.03290
     1349  3.525 -26.58 0.03190
     1350  3.525 -26.48 0.00570
     1351  3.525 -26.38 0.01270
     1352  3.525 -26.28 0.01740
     1353  3.525 -26.18 0.01790
     1354  3.525 -26.08 0.00620
     1355  3.525 -25.98 0.00000
     1356  3.525 -25.88 0.00000
     1357  3.525 -25.78 0.01200
     1358  3.525 -25.68 0.00000
     1359  3.525 -25.58 0.00000
     1360  3.525 -25.48 0.00000
     1361  3.525 -25.38 0.00000
     1362  3.525 -25.28 0.00000
     1363  3.525 -25.18 0.00000
     1364  3.525 -25.08 0.00000
     1365  3.575 -29.38 0.00000
     1366  3.575 -29.28 0.00000
     1367  3.575 -29.18 0.00000
     1368  3.575 -29.08 0.01020
     1369  3.575 -28.98 0.02700
     1370  3.575 -28.88 0.00970
     1371  3.575 -28.78 0.01510
     1372  3.575 -28.68 0.00980
     1373  3.575 -28.58 0.01470
     1374  3.575 -28.48 0.00460
     1375  3.575 -28.38 0.01120
     1376  3.575 -28.28 0.02160
     1377  3.575 -28.18 0.01060
     1378  3.575 -28.08 0.01510
     1379  3.575 -27.98 0.01790
     1380  3.575 -27.88 0.01530
     1381  3.575 -27.78 0.01460
     1382  3.575 -27.68 0.02080
     1383  3.575 -27.58 0.01860
     1384  3.575 -27.48 0.01350
     1385  3.575 -27.38 0.01950
     1386  3.575 -27.28 0.01780
     1387  3.575 -27.18 0.00000
     1388  3.575 -27.08 0.00990
     1389  3.575 -26.98 0.01590
     1390  3.575 -26.88 0.01380
     1391  3.575 -26.78 0.01000
     1392  3.575 -26.68 0.02020
     1393  3.575 -26.58 0.01040
     1394  3.575 -26.48 0.01840
     1395  3.575 -26.38 0.00000
     1396  3.575 -26.28 0.01750
     1397  3.575 -26.18 0.00000
     1398  3.575 -26.08 0.00000
     1399  3.575 -25.98 0.00630
     1400  3.575 -25.88 0.00000
     1401  3.575 -25.78 0.00000
     1402  3.575 -25.68 0.00000
     1403  3.575 -25.58 0.00000
     1404  3.575 -25.48 0.00510
     1405  3.575 -25.38 0.00000
     1406  3.575 -25.28 0.00430
     1407  3.575 -25.18 0.00000
     1408  3.575 -25.08 0.00000
