# SDSS selection function for color-selected QSOs (Richards et al. 2006) 0.75<z<2.2
# M1450 computed with Beta's template
# selection function corrected for photometric incompleteness (5%)
# counter  z    M1450  p
        1  0.75 -27.21 0.95000
        2  0.75 -27.11 0.95000
        3  0.75 -27.01 0.95000
        4  0.75 -26.91 0.95000
        5  0.75 -26.81 0.95000
        6  0.75 -26.71 0.95000
        7  0.75 -26.61 0.95000
        8  0.75 -26.51 0.95000
        9  0.75 -26.41 0.95000
       10  0.75 -26.31 0.95000
       11  0.75 -26.21 0.95000
       12  0.75 -26.11 0.95000
       13  0.75 -26.01 0.95000
       14  0.75 -25.91 0.95000
       15  0.75 -25.81 0.95000
       16  0.75 -25.71 0.95000
       17  0.75 -25.61 0.95000
       18  0.75 -25.51 0.95000
       19  0.75 -25.41 0.95000
       20  0.75 -25.31 0.95000
       21  0.75 -25.21 0.95000
       22  0.75 -25.11 0.95000
       23  0.75 -25.01 0.95000
       24  0.75 -24.91 0.95000
       25  0.75 -24.81 0.95000
       26  0.75 -24.71 0.95000
       27  0.75 -24.61 0.95000
       28  0.75 -24.51 0.95000
       29  0.75 -24.41 0.95000
       30  0.75 -24.31 0.95000
       31  0.75 -24.21 0.95000
       32  0.75 -24.11 0.95000
       33  0.75 -24.01 0.95000
       34  0.75 -23.91 0.95000
       35  0.75 -23.81 0.95000
       36  0.75 -23.71 0.95000
       37  0.75 -23.61 0.95000
       38  0.75 -23.51 0.95000
       39  0.75 -23.41 0.95000
       40  0.75 -23.31 0.95000
       41  0.75 -23.21 0.95000
       42  0.75 -23.11 0.95000
       43  0.75 -23.01 0.00000
       44  0.80 -27.40 0.95000
       45  0.80 -27.30 0.95000
       46  0.80 -27.20 0.95000
       47  0.80 -27.10 0.95000
       48  0.80 -27.00 0.95000
       49  0.80 -26.90 0.95000
       50  0.80 -26.80 0.95000
       51  0.80 -26.70 0.95000
       52  0.80 -26.60 0.95000
       53  0.80 -26.50 0.95000
       54  0.80 -26.40 0.95000
       55  0.80 -26.30 0.95000
       56  0.80 -26.20 0.95000
       57  0.80 -26.10 0.95000
       58  0.80 -26.00 0.95000
       59  0.80 -25.90 0.95000
       60  0.80 -25.80 0.95000
       61  0.80 -25.70 0.95000
       62  0.80 -25.60 0.95000
       63  0.80 -25.50 0.95000
       64  0.80 -25.40 0.95000
       65  0.80 -25.30 0.95000
       66  0.80 -25.20 0.95000
       67  0.80 -25.10 0.95000
       68  0.80 -25.00 0.95000
       69  0.80 -24.90 0.95000
       70  0.80 -24.80 0.95000
       71  0.80 -24.70 0.95000
       72  0.80 -24.60 0.95000
       73  0.80 -24.50 0.95000
       74  0.80 -24.40 0.95000
       75  0.80 -24.30 0.95000
       76  0.80 -24.20 0.95000
       77  0.80 -24.10 0.95000
       78  0.80 -24.00 0.95000
       79  0.80 -23.90 0.95000
       80  0.80 -23.80 0.95000
       81  0.80 -23.70 0.95000
       82  0.80 -23.60 0.95000
       83  0.80 -23.50 0.95000
       84  0.80 -23.40 0.95000
       85  0.80 -23.30 0.95000
       86  0.80 -23.20 0.00000
       87  0.85 -27.55 0.95000
       88  0.85 -27.45 0.95000
       89  0.85 -27.35 0.95000
       90  0.85 -27.25 0.95000
       91  0.85 -27.15 0.95000
       92  0.85 -27.05 0.95000
       93  0.85 -26.95 0.95000
       94  0.85 -26.85 0.95000
       95  0.85 -26.75 0.95000
       96  0.85 -26.65 0.95000
       97  0.85 -26.55 0.95000
       98  0.85 -26.45 0.95000
       99  0.85 -26.35 0.95000
      100  0.85 -26.25 0.95000
      101  0.85 -26.15 0.95000
      102  0.85 -26.05 0.95000
      103  0.85 -25.95 0.95000
      104  0.85 -25.85 0.95000
      105  0.85 -25.75 0.95000
      106  0.85 -25.65 0.95000
      107  0.85 -25.55 0.95000
      108  0.85 -25.45 0.95000
      109  0.85 -25.35 0.95000
      110  0.85 -25.25 0.95000
      111  0.85 -25.15 0.95000
      112  0.85 -25.05 0.95000
      113  0.85 -24.95 0.95000
      114  0.85 -24.85 0.95000
      115  0.85 -24.75 0.95000
      116  0.85 -24.65 0.95000
      117  0.85 -24.55 0.95000
      118  0.85 -24.45 0.95000
      119  0.85 -24.35 0.95000
      120  0.85 -24.25 0.95000
      121  0.85 -24.15 0.95000
      122  0.85 -24.05 0.95000
      123  0.85 -23.95 0.95000
      124  0.85 -23.85 0.95000
      125  0.85 -23.75 0.95000
      126  0.85 -23.65 0.95000
      127  0.85 -23.55 0.95000
      128  0.85 -23.45 0.95000
      129  0.85 -23.35 0.00000
      130  0.90 -27.68 0.95000
      131  0.90 -27.58 0.95000
      132  0.90 -27.48 0.95000
      133  0.90 -27.38 0.95000
      134  0.90 -27.28 0.95000
      135  0.90 -27.18 0.95000
      136  0.90 -27.08 0.95000
      137  0.90 -26.98 0.95000
      138  0.90 -26.88 0.95000
      139  0.90 -26.78 0.95000
      140  0.90 -26.68 0.95000
      141  0.90 -26.58 0.95000
      142  0.90 -26.48 0.95000
      143  0.90 -26.38 0.95000
      144  0.90 -26.28 0.95000
      145  0.90 -26.18 0.95000
      146  0.90 -26.08 0.95000
      147  0.90 -25.98 0.95000
      148  0.90 -25.88 0.95000
      149  0.90 -25.78 0.95000
      150  0.90 -25.68 0.95000
      151  0.90 -25.58 0.95000
      152  0.90 -25.48 0.95000
      153  0.90 -25.38 0.95000
      154  0.90 -25.28 0.95000
      155  0.90 -25.18 0.95000
      156  0.90 -25.08 0.95000
      157  0.90 -24.98 0.95000
      158  0.90 -24.88 0.95000
      159  0.90 -24.78 0.95000
      160  0.90 -24.68 0.95000
      161  0.90 -24.58 0.95000
      162  0.90 -24.48 0.95000
      163  0.90 -24.38 0.95000
      164  0.90 -24.28 0.95000
      165  0.90 -24.18 0.95000
      166  0.90 -24.08 0.95000
      167  0.90 -23.98 0.95000
      168  0.90 -23.88 0.95000
      169  0.90 -23.78 0.95000
      170  0.90 -23.68 0.95000
      171  0.90 -23.58 0.95000
      172  0.90 -23.48 0.00000
      173  0.95 -27.80 0.95000
      174  0.95 -27.70 0.95000
      175  0.95 -27.60 0.95000
      176  0.95 -27.50 0.95000
      177  0.95 -27.40 0.95000
      178  0.95 -27.30 0.95000
      179  0.95 -27.20 0.95000
      180  0.95 -27.10 0.95000
      181  0.95 -27.00 0.95000
      182  0.95 -26.90 0.95000
      183  0.95 -26.80 0.95000
      184  0.95 -26.70 0.95000
      185  0.95 -26.60 0.95000
      186  0.95 -26.50 0.95000
      187  0.95 -26.40 0.95000
      188  0.95 -26.30 0.95000
      189  0.95 -26.20 0.95000
      190  0.95 -26.10 0.95000
      191  0.95 -26.00 0.95000
      192  0.95 -25.90 0.95000
      193  0.95 -25.80 0.95000
      194  0.95 -25.70 0.95000
      195  0.95 -25.60 0.95000
      196  0.95 -25.50 0.95000
      197  0.95 -25.40 0.95000
      198  0.95 -25.30 0.95000
      199  0.95 -25.20 0.95000
      200  0.95 -25.10 0.95000
      201  0.95 -25.00 0.95000
      202  0.95 -24.90 0.95000
      203  0.95 -24.80 0.95000
      204  0.95 -24.70 0.95000
      205  0.95 -24.60 0.95000
      206  0.95 -24.50 0.95000
      207  0.95 -24.40 0.95000
      208  0.95 -24.30 0.95000
      209  0.95 -24.20 0.95000
      210  0.95 -24.10 0.95000
      211  0.95 -24.00 0.95000
      212  0.95 -23.90 0.95000
      213  0.95 -23.80 0.95000
      214  0.95 -23.70 0.95000
      215  0.95 -23.60 0.00000
      216  1.00 -27.90 0.95000
      217  1.00 -27.80 0.95000
      218  1.00 -27.70 0.95000
      219  1.00 -27.60 0.95000
      220  1.00 -27.50 0.95000
      221  1.00 -27.40 0.95000
      222  1.00 -27.30 0.95000
      223  1.00 -27.20 0.95000
      224  1.00 -27.10 0.95000
      225  1.00 -27.00 0.95000
      226  1.00 -26.90 0.95000
      227  1.00 -26.80 0.95000
      228  1.00 -26.70 0.95000
      229  1.00 -26.60 0.95000
      230  1.00 -26.50 0.95000
      231  1.00 -26.40 0.95000
      232  1.00 -26.30 0.95000
      233  1.00 -26.20 0.95000
      234  1.00 -26.10 0.95000
      235  1.00 -26.00 0.95000
      236  1.00 -25.90 0.95000
      237  1.00 -25.80 0.95000
      238  1.00 -25.70 0.95000
      239  1.00 -25.60 0.95000
      240  1.00 -25.50 0.95000
      241  1.00 -25.40 0.95000
      242  1.00 -25.30 0.95000
      243  1.00 -25.20 0.95000
      244  1.00 -25.10 0.95000
      245  1.00 -25.00 0.95000
      246  1.00 -24.90 0.95000
      247  1.00 -24.80 0.95000
      248  1.00 -24.70 0.95000
      249  1.00 -24.60 0.95000
      250  1.00 -24.50 0.95000
      251  1.00 -24.40 0.95000
      252  1.00 -24.30 0.95000
      253  1.00 -24.20 0.95000
      254  1.00 -24.10 0.95000
      255  1.00 -24.00 0.95000
      256  1.00 -23.90 0.95000
      257  1.00 -23.80 0.95000
      258  1.00 -23.70 0.00000
      259  1.05 -28.00 0.95000
      260  1.05 -27.90 0.95000
      261  1.05 -27.80 0.95000
      262  1.05 -27.70 0.95000
      263  1.05 -27.60 0.95000
      264  1.05 -27.50 0.95000
      265  1.05 -27.40 0.95000
      266  1.05 -27.30 0.95000
      267  1.05 -27.20 0.95000
      268  1.05 -27.10 0.95000
      269  1.05 -27.00 0.95000
      270  1.05 -26.90 0.95000
      271  1.05 -26.80 0.95000
      272  1.05 -26.70 0.95000
      273  1.05 -26.60 0.95000
      274  1.05 -26.50 0.95000
      275  1.05 -26.40 0.95000
      276  1.05 -26.30 0.95000
      277  1.05 -26.20 0.95000
      278  1.05 -26.10 0.95000
      279  1.05 -26.00 0.95000
      280  1.05 -25.90 0.95000
      281  1.05 -25.80 0.95000
      282  1.05 -25.70 0.95000
      283  1.05 -25.60 0.95000
      284  1.05 -25.50 0.95000
      285  1.05 -25.40 0.95000
      286  1.05 -25.30 0.95000
      287  1.05 -25.20 0.95000
      288  1.05 -25.10 0.95000
      289  1.05 -25.00 0.95000
      290  1.05 -24.90 0.95000
      291  1.05 -24.80 0.95000
      292  1.05 -24.70 0.95000
      293  1.05 -24.60 0.95000
      294  1.05 -24.50 0.95000
      295  1.05 -24.40 0.95000
      296  1.05 -24.30 0.95000
      297  1.05 -24.20 0.95000
      298  1.05 -24.10 0.95000
      299  1.05 -24.00 0.95000
      300  1.05 -23.90 0.95000
      301  1.05 -23.80 0.00000
      302  1.10 -28.08 0.95000
      303  1.10 -27.98 0.95000
      304  1.10 -27.88 0.95000
      305  1.10 -27.78 0.95000
      306  1.10 -27.68 0.95000
      307  1.10 -27.58 0.95000
      308  1.10 -27.48 0.95000
      309  1.10 -27.38 0.95000
      310  1.10 -27.28 0.95000
      311  1.10 -27.18 0.95000
      312  1.10 -27.08 0.95000
      313  1.10 -26.98 0.95000
      314  1.10 -26.88 0.95000
      315  1.10 -26.78 0.95000
      316  1.10 -26.68 0.95000
      317  1.10 -26.58 0.95000
      318  1.10 -26.48 0.95000
      319  1.10 -26.38 0.95000
      320  1.10 -26.28 0.95000
      321  1.10 -26.18 0.95000
      322  1.10 -26.08 0.95000
      323  1.10 -25.98 0.95000
      324  1.10 -25.88 0.95000
      325  1.10 -25.78 0.95000
      326  1.10 -25.68 0.95000
      327  1.10 -25.58 0.95000
      328  1.10 -25.48 0.95000
      329  1.10 -25.38 0.95000
      330  1.10 -25.28 0.95000
      331  1.10 -25.18 0.95000
      332  1.10 -25.08 0.95000
      333  1.10 -24.98 0.95000
      334  1.10 -24.88 0.95000
      335  1.10 -24.78 0.95000
      336  1.10 -24.68 0.95000
      337  1.10 -24.58 0.95000
      338  1.10 -24.48 0.95000
      339  1.10 -24.38 0.95000
      340  1.10 -24.28 0.95000
      341  1.10 -24.18 0.95000
      342  1.10 -24.08 0.95000
      343  1.10 -23.98 0.95000
      344  1.10 -23.88 0.00000
      345  1.15 -28.17 0.95000
      346  1.15 -28.07 0.95000
      347  1.15 -27.97 0.95000
      348  1.15 -27.87 0.95000
      349  1.15 -27.77 0.95000
      350  1.15 -27.67 0.95000
      351  1.15 -27.57 0.95000
      352  1.15 -27.47 0.95000
      353  1.15 -27.37 0.95000
      354  1.15 -27.27 0.95000
      355  1.15 -27.17 0.95000
      356  1.15 -27.07 0.95000
      357  1.15 -26.97 0.95000
      358  1.15 -26.87 0.95000
      359  1.15 -26.77 0.95000
      360  1.15 -26.67 0.95000
      361  1.15 -26.57 0.95000
      362  1.15 -26.47 0.95000
      363  1.15 -26.37 0.95000
      364  1.15 -26.27 0.95000
      365  1.15 -26.17 0.95000
      366  1.15 -26.07 0.95000
      367  1.15 -25.97 0.95000
      368  1.15 -25.87 0.95000
      369  1.15 -25.77 0.95000
      370  1.15 -25.67 0.95000
      371  1.15 -25.57 0.95000
      372  1.15 -25.47 0.95000
      373  1.15 -25.37 0.95000
      374  1.15 -25.27 0.95000
      375  1.15 -25.17 0.95000
      376  1.15 -25.07 0.95000
      377  1.15 -24.97 0.95000
      378  1.15 -24.87 0.95000
      379  1.15 -24.77 0.95000
      380  1.15 -24.67 0.95000
      381  1.15 -24.57 0.95000
      382  1.15 -24.47 0.95000
      383  1.15 -24.37 0.95000
      384  1.15 -24.27 0.95000
      385  1.15 -24.17 0.95000
      386  1.15 -24.07 0.95000
      387  1.15 -23.97 0.00000
      388  1.20 -28.25 0.95000
      389  1.20 -28.15 0.95000
      390  1.20 -28.05 0.95000
      391  1.20 -27.95 0.95000
      392  1.20 -27.85 0.95000
      393  1.20 -27.75 0.95000
      394  1.20 -27.65 0.95000
      395  1.20 -27.55 0.95000
      396  1.20 -27.45 0.95000
      397  1.20 -27.35 0.95000
      398  1.20 -27.25 0.95000
      399  1.20 -27.15 0.95000
      400  1.20 -27.05 0.95000
      401  1.20 -26.95 0.95000
      402  1.20 -26.85 0.95000
      403  1.20 -26.75 0.95000
      404  1.20 -26.65 0.95000
      405  1.20 -26.55 0.95000
      406  1.20 -26.45 0.95000
      407  1.20 -26.35 0.95000
      408  1.20 -26.25 0.95000
      409  1.20 -26.15 0.95000
      410  1.20 -26.05 0.95000
      411  1.20 -25.95 0.95000
      412  1.20 -25.85 0.95000
      413  1.20 -25.75 0.95000
      414  1.20 -25.65 0.95000
      415  1.20 -25.55 0.95000
      416  1.20 -25.45 0.95000
      417  1.20 -25.35 0.95000
      418  1.20 -25.25 0.95000
      419  1.20 -25.15 0.95000
      420  1.20 -25.05 0.95000
      421  1.20 -24.95 0.95000
      422  1.20 -24.85 0.95000
      423  1.20 -24.75 0.95000
      424  1.20 -24.65 0.95000
      425  1.20 -24.55 0.95000
      426  1.20 -24.45 0.95000
      427  1.20 -24.35 0.95000
      428  1.20 -24.25 0.95000
      429  1.20 -24.15 0.95000
      430  1.20 -24.05 0.00000
      431  1.25 -28.34 0.95000
      432  1.25 -28.24 0.95000
      433  1.25 -28.14 0.95000
      434  1.25 -28.04 0.95000
      435  1.25 -27.94 0.95000
      436  1.25 -27.84 0.95000
      437  1.25 -27.74 0.95000
      438  1.25 -27.64 0.95000
      439  1.25 -27.54 0.95000
      440  1.25 -27.44 0.95000
      441  1.25 -27.34 0.95000
      442  1.25 -27.24 0.95000
      443  1.25 -27.14 0.95000
      444  1.25 -27.04 0.95000
      445  1.25 -26.94 0.95000
      446  1.25 -26.84 0.95000
      447  1.25 -26.74 0.95000
      448  1.25 -26.64 0.95000
      449  1.25 -26.54 0.95000
      450  1.25 -26.44 0.95000
      451  1.25 -26.34 0.95000
      452  1.25 -26.24 0.95000
      453  1.25 -26.14 0.95000
      454  1.25 -26.04 0.95000
      455  1.25 -25.94 0.95000
      456  1.25 -25.84 0.95000
      457  1.25 -25.74 0.95000
      458  1.25 -25.64 0.95000
      459  1.25 -25.54 0.95000
      460  1.25 -25.44 0.95000
      461  1.25 -25.34 0.95000
      462  1.25 -25.24 0.95000
      463  1.25 -25.14 0.95000
      464  1.25 -25.04 0.95000
      465  1.25 -24.94 0.95000
      466  1.25 -24.84 0.95000
      467  1.25 -24.74 0.95000
      468  1.25 -24.64 0.95000
      469  1.25 -24.54 0.95000
      470  1.25 -24.44 0.95000
      471  1.25 -24.34 0.95000
      472  1.25 -24.24 0.95000
      473  1.25 -24.14 0.00000
      474  1.30 -28.42 0.95000
      475  1.30 -28.32 0.95000
      476  1.30 -28.22 0.95000
      477  1.30 -28.12 0.95000
      478  1.30 -28.02 0.95000
      479  1.30 -27.92 0.95000
      480  1.30 -27.82 0.95000
      481  1.30 -27.72 0.95000
      482  1.30 -27.62 0.95000
      483  1.30 -27.52 0.95000
      484  1.30 -27.42 0.95000
      485  1.30 -27.32 0.95000
      486  1.30 -27.22 0.95000
      487  1.30 -27.12 0.95000
      488  1.30 -27.02 0.95000
      489  1.30 -26.92 0.95000
      490  1.30 -26.82 0.95000
      491  1.30 -26.72 0.95000
      492  1.30 -26.62 0.95000
      493  1.30 -26.52 0.95000
      494  1.30 -26.42 0.95000
      495  1.30 -26.32 0.95000
      496  1.30 -26.22 0.95000
      497  1.30 -26.12 0.95000
      498  1.30 -26.02 0.95000
      499  1.30 -25.92 0.95000
      500  1.30 -25.82 0.95000
      501  1.30 -25.72 0.95000
      502  1.30 -25.62 0.95000
      503  1.30 -25.52 0.95000
      504  1.30 -25.42 0.95000
      505  1.30 -25.32 0.95000
      506  1.30 -25.22 0.95000
      507  1.30 -25.12 0.95000
      508  1.30 -25.02 0.95000
      509  1.30 -24.92 0.95000
      510  1.30 -24.82 0.95000
      511  1.30 -24.72 0.95000
      512  1.30 -24.62 0.95000
      513  1.30 -24.52 0.95000
      514  1.30 -24.42 0.95000
      515  1.30 -24.32 0.95000
      516  1.30 -24.22 0.00000
      517  1.35 -28.51 0.95000
      518  1.35 -28.41 0.95000
      519  1.35 -28.31 0.95000
      520  1.35 -28.21 0.95000
      521  1.35 -28.11 0.95000
      522  1.35 -28.01 0.95000
      523  1.35 -27.91 0.95000
      524  1.35 -27.81 0.95000
      525  1.35 -27.71 0.95000
      526  1.35 -27.61 0.95000
      527  1.35 -27.51 0.95000
      528  1.35 -27.41 0.95000
      529  1.35 -27.31 0.95000
      530  1.35 -27.21 0.95000
      531  1.35 -27.11 0.95000
      532  1.35 -27.01 0.95000
      533  1.35 -26.91 0.95000
      534  1.35 -26.81 0.95000
      535  1.35 -26.71 0.95000
      536  1.35 -26.61 0.95000
      537  1.35 -26.51 0.95000
      538  1.35 -26.41 0.95000
      539  1.35 -26.31 0.95000
      540  1.35 -26.21 0.95000
      541  1.35 -26.11 0.95000
      542  1.35 -26.01 0.95000
      543  1.35 -25.91 0.95000
      544  1.35 -25.81 0.95000
      545  1.35 -25.71 0.95000
      546  1.35 -25.61 0.95000
      547  1.35 -25.51 0.95000
      548  1.35 -25.41 0.95000
      549  1.35 -25.31 0.95000
      550  1.35 -25.21 0.95000
      551  1.35 -25.11 0.95000
      552  1.35 -25.01 0.95000
      553  1.35 -24.91 0.95000
      554  1.35 -24.81 0.95000
      555  1.35 -24.71 0.95000
      556  1.35 -24.61 0.95000
      557  1.35 -24.51 0.95000
      558  1.35 -24.41 0.95000
      559  1.35 -24.31 0.00000
      560  1.40 -28.57 0.95000
      561  1.40 -28.47 0.95000
      562  1.40 -28.37 0.95000
      563  1.40 -28.27 0.95000
      564  1.40 -28.17 0.95000
      565  1.40 -28.07 0.95000
      566  1.40 -27.97 0.95000
      567  1.40 -27.87 0.95000
      568  1.40 -27.77 0.95000
      569  1.40 -27.67 0.95000
      570  1.40 -27.57 0.95000
      571  1.40 -27.47 0.95000
      572  1.40 -27.37 0.95000
      573  1.40 -27.27 0.95000
      574  1.40 -27.17 0.95000
      575  1.40 -27.07 0.95000
      576  1.40 -26.97 0.95000
      577  1.40 -26.87 0.95000
      578  1.40 -26.77 0.95000
      579  1.40 -26.67 0.95000
      580  1.40 -26.57 0.95000
      581  1.40 -26.47 0.95000
      582  1.40 -26.37 0.95000
      583  1.40 -26.27 0.95000
      584  1.40 -26.17 0.95000
      585  1.40 -26.07 0.95000
      586  1.40 -25.97 0.95000
      587  1.40 -25.87 0.95000
      588  1.40 -25.77 0.95000
      589  1.40 -25.67 0.95000
      590  1.40 -25.57 0.95000
      591  1.40 -25.47 0.95000
      592  1.40 -25.37 0.95000
      593  1.40 -25.27 0.95000
      594  1.40 -25.17 0.95000
      595  1.40 -25.07 0.95000
      596  1.40 -24.97 0.95000
      597  1.40 -24.87 0.95000
      598  1.40 -24.77 0.95000
      599  1.40 -24.67 0.95000
      600  1.40 -24.57 0.95000
      601  1.40 -24.47 0.95000
      602  1.40 -24.37 0.00000
      603  1.45 -28.63 0.95000
      604  1.45 -28.53 0.95000
      605  1.45 -28.43 0.95000
      606  1.45 -28.33 0.95000
      607  1.45 -28.23 0.95000
      608  1.45 -28.13 0.95000
      609  1.45 -28.03 0.95000
      610  1.45 -27.93 0.95000
      611  1.45 -27.83 0.95000
      612  1.45 -27.73 0.95000
      613  1.45 -27.63 0.95000
      614  1.45 -27.53 0.95000
      615  1.45 -27.43 0.95000
      616  1.45 -27.33 0.95000
      617  1.45 -27.23 0.95000
      618  1.45 -27.13 0.95000
      619  1.45 -27.03 0.95000
      620  1.45 -26.93 0.95000
      621  1.45 -26.83 0.95000
      622  1.45 -26.73 0.95000
      623  1.45 -26.63 0.95000
      624  1.45 -26.53 0.95000
      625  1.45 -26.43 0.95000
      626  1.45 -26.33 0.95000
      627  1.45 -26.23 0.95000
      628  1.45 -26.13 0.95000
      629  1.45 -26.03 0.95000
      630  1.45 -25.93 0.95000
      631  1.45 -25.83 0.95000
      632  1.45 -25.73 0.95000
      633  1.45 -25.63 0.95000
      634  1.45 -25.53 0.95000
      635  1.45 -25.43 0.95000
      636  1.45 -25.33 0.95000
      637  1.45 -25.23 0.95000
      638  1.45 -25.13 0.95000
      639  1.45 -25.03 0.95000
      640  1.45 -24.93 0.95000
      641  1.45 -24.83 0.95000
      642  1.45 -24.73 0.95000
      643  1.45 -24.63 0.95000
      644  1.45 -24.53 0.95000
      645  1.45 -24.43 0.00000
      646  1.50 -28.68 0.95000
      647  1.50 -28.58 0.95000
      648  1.50 -28.48 0.95000
      649  1.50 -28.38 0.95000
      650  1.50 -28.28 0.95000
      651  1.50 -28.18 0.95000
      652  1.50 -28.08 0.95000
      653  1.50 -27.98 0.95000
      654  1.50 -27.88 0.95000
      655  1.50 -27.78 0.95000
      656  1.50 -27.68 0.95000
      657  1.50 -27.58 0.95000
      658  1.50 -27.48 0.95000
      659  1.50 -27.38 0.95000
      660  1.50 -27.28 0.95000
      661  1.50 -27.18 0.95000
      662  1.50 -27.08 0.95000
      663  1.50 -26.98 0.95000
      664  1.50 -26.88 0.95000
      665  1.50 -26.78 0.95000
      666  1.50 -26.68 0.95000
      667  1.50 -26.58 0.95000
      668  1.50 -26.48 0.95000
      669  1.50 -26.38 0.95000
      670  1.50 -26.28 0.95000
      671  1.50 -26.18 0.95000
      672  1.50 -26.08 0.95000
      673  1.50 -25.98 0.95000
      674  1.50 -25.88 0.95000
      675  1.50 -25.78 0.95000
      676  1.50 -25.68 0.95000
      677  1.50 -25.58 0.95000
      678  1.50 -25.48 0.95000
      679  1.50 -25.38 0.95000
      680  1.50 -25.28 0.95000
      681  1.50 -25.18 0.95000
      682  1.50 -25.08 0.95000
      683  1.50 -24.98 0.95000
      684  1.50 -24.88 0.95000
      685  1.50 -24.78 0.95000
      686  1.50 -24.68 0.95000
      687  1.50 -24.58 0.95000
      688  1.50 -24.48 0.00000
      689  1.55 -28.74 0.95000
      690  1.55 -28.64 0.95000
      691  1.55 -28.54 0.95000
      692  1.55 -28.44 0.95000
      693  1.55 -28.34 0.95000
      694  1.55 -28.24 0.95000
      695  1.55 -28.14 0.95000
      696  1.55 -28.04 0.95000
      697  1.55 -27.94 0.95000
      698  1.55 -27.84 0.95000
      699  1.55 -27.74 0.95000
      700  1.55 -27.64 0.95000
      701  1.55 -27.54 0.95000
      702  1.55 -27.44 0.95000
      703  1.55 -27.34 0.95000
      704  1.55 -27.24 0.95000
      705  1.55 -27.14 0.95000
      706  1.55 -27.04 0.95000
      707  1.55 -26.94 0.95000
      708  1.55 -26.84 0.95000
      709  1.55 -26.74 0.95000
      710  1.55 -26.64 0.95000
      711  1.55 -26.54 0.95000
      712  1.55 -26.44 0.95000
      713  1.55 -26.34 0.95000
      714  1.55 -26.24 0.95000
      715  1.55 -26.14 0.95000
      716  1.55 -26.04 0.95000
      717  1.55 -25.94 0.95000
      718  1.55 -25.84 0.95000
      719  1.55 -25.74 0.95000
      720  1.55 -25.64 0.95000
      721  1.55 -25.54 0.95000
      722  1.55 -25.44 0.95000
      723  1.55 -25.34 0.95000
      724  1.55 -25.24 0.95000
      725  1.55 -25.14 0.95000
      726  1.55 -25.04 0.95000
      727  1.55 -24.94 0.95000
      728  1.55 -24.84 0.95000
      729  1.55 -24.74 0.95000
      730  1.55 -24.64 0.95000
      731  1.55 -24.54 0.00000
      732  1.60 -28.81 0.95000
      733  1.60 -28.71 0.95000
      734  1.60 -28.61 0.95000
      735  1.60 -28.51 0.95000
      736  1.60 -28.41 0.95000
      737  1.60 -28.31 0.95000
      738  1.60 -28.21 0.95000
      739  1.60 -28.11 0.95000
      740  1.60 -28.01 0.95000
      741  1.60 -27.91 0.95000
      742  1.60 -27.81 0.95000
      743  1.60 -27.71 0.95000
      744  1.60 -27.61 0.95000
      745  1.60 -27.51 0.95000
      746  1.60 -27.41 0.95000
      747  1.60 -27.31 0.95000
      748  1.60 -27.21 0.95000
      749  1.60 -27.11 0.95000
      750  1.60 -27.01 0.95000
      751  1.60 -26.91 0.95000
      752  1.60 -26.81 0.95000
      753  1.60 -26.71 0.95000
      754  1.60 -26.61 0.95000
      755  1.60 -26.51 0.95000
      756  1.60 -26.41 0.95000
      757  1.60 -26.31 0.95000
      758  1.60 -26.21 0.95000
      759  1.60 -26.11 0.95000
      760  1.60 -26.01 0.95000
      761  1.60 -25.91 0.95000
      762  1.60 -25.81 0.95000
      763  1.60 -25.71 0.95000
      764  1.60 -25.61 0.95000
      765  1.60 -25.51 0.95000
      766  1.60 -25.41 0.95000
      767  1.60 -25.31 0.95000
      768  1.60 -25.21 0.95000
      769  1.60 -25.11 0.95000
      770  1.60 -25.01 0.95000
      771  1.60 -24.91 0.95000
      772  1.60 -24.81 0.95000
      773  1.60 -24.71 0.95000
      774  1.60 -24.61 0.00000
      775  1.65 -28.88 0.95000
      776  1.65 -28.78 0.95000
      777  1.65 -28.68 0.95000
      778  1.65 -28.58 0.95000
      779  1.65 -28.48 0.95000
      780  1.65 -28.38 0.95000
      781  1.65 -28.28 0.95000
      782  1.65 -28.18 0.95000
      783  1.65 -28.08 0.95000
      784  1.65 -27.98 0.95000
      785  1.65 -27.88 0.95000
      786  1.65 -27.78 0.95000
      787  1.65 -27.68 0.95000
      788  1.65 -27.58 0.95000
      789  1.65 -27.48 0.95000
      790  1.65 -27.38 0.95000
      791  1.65 -27.28 0.95000
      792  1.65 -27.18 0.95000
      793  1.65 -27.08 0.95000
      794  1.65 -26.98 0.95000
      795  1.65 -26.88 0.95000
      796  1.65 -26.78 0.95000
      797  1.65 -26.68 0.95000
      798  1.65 -26.58 0.95000
      799  1.65 -26.48 0.95000
      800  1.65 -26.38 0.95000
      801  1.65 -26.28 0.95000
      802  1.65 -26.18 0.95000
      803  1.65 -26.08 0.95000
      804  1.65 -25.98 0.95000
      805  1.65 -25.88 0.95000
      806  1.65 -25.78 0.95000
      807  1.65 -25.68 0.95000
      808  1.65 -25.58 0.95000
      809  1.65 -25.48 0.95000
      810  1.65 -25.38 0.95000
      811  1.65 -25.28 0.95000
      812  1.65 -25.18 0.95000
      813  1.65 -25.08 0.95000
      814  1.65 -24.98 0.95000
      815  1.65 -24.88 0.95000
      816  1.65 -24.78 0.95000
      817  1.65 -24.68 0.00000
      818  1.70 -28.95 0.95000
      819  1.70 -28.85 0.95000
      820  1.70 -28.75 0.95000
      821  1.70 -28.65 0.95000
      822  1.70 -28.55 0.95000
      823  1.70 -28.45 0.95000
      824  1.70 -28.35 0.95000
      825  1.70 -28.25 0.95000
      826  1.70 -28.15 0.95000
      827  1.70 -28.05 0.95000
      828  1.70 -27.95 0.95000
      829  1.70 -27.85 0.95000
      830  1.70 -27.75 0.95000
      831  1.70 -27.65 0.95000
      832  1.70 -27.55 0.95000
      833  1.70 -27.45 0.95000
      834  1.70 -27.35 0.95000
      835  1.70 -27.25 0.95000
      836  1.70 -27.15 0.95000
      837  1.70 -27.05 0.95000
      838  1.70 -26.95 0.95000
      839  1.70 -26.85 0.95000
      840  1.70 -26.75 0.95000
      841  1.70 -26.65 0.95000
      842  1.70 -26.55 0.95000
      843  1.70 -26.45 0.95000
      844  1.70 -26.35 0.95000
      845  1.70 -26.25 0.95000
      846  1.70 -26.15 0.95000
      847  1.70 -26.05 0.95000
      848  1.70 -25.95 0.95000
      849  1.70 -25.85 0.95000
      850  1.70 -25.75 0.95000
      851  1.70 -25.65 0.95000
      852  1.70 -25.55 0.95000
      853  1.70 -25.45 0.95000
      854  1.70 -25.35 0.95000
      855  1.70 -25.25 0.95000
      856  1.70 -25.15 0.95000
      857  1.70 -25.05 0.95000
      858  1.70 -24.95 0.95000
      859  1.70 -24.85 0.95000
      860  1.70 -24.75 0.00000
      861  1.75 -29.01 0.95000
      862  1.75 -28.91 0.95000
      863  1.75 -28.81 0.95000
      864  1.75 -28.71 0.95000
      865  1.75 -28.61 0.95000
      866  1.75 -28.51 0.95000
      867  1.75 -28.41 0.95000
      868  1.75 -28.31 0.95000
      869  1.75 -28.21 0.95000
      870  1.75 -28.11 0.95000
      871  1.75 -28.01 0.95000
      872  1.75 -27.91 0.95000
      873  1.75 -27.81 0.95000
      874  1.75 -27.71 0.95000
      875  1.75 -27.61 0.95000
      876  1.75 -27.51 0.95000
      877  1.75 -27.41 0.95000
      878  1.75 -27.31 0.95000
      879  1.75 -27.21 0.95000
      880  1.75 -27.11 0.95000
      881  1.75 -27.01 0.95000
      882  1.75 -26.91 0.95000
      883  1.75 -26.81 0.95000
      884  1.75 -26.71 0.95000
      885  1.75 -26.61 0.95000
      886  1.75 -26.51 0.95000
      887  1.75 -26.41 0.95000
      888  1.75 -26.31 0.95000
      889  1.75 -26.21 0.95000
      890  1.75 -26.11 0.95000
      891  1.75 -26.01 0.95000
      892  1.75 -25.91 0.95000
      893  1.75 -25.81 0.95000
      894  1.75 -25.71 0.95000
      895  1.75 -25.61 0.95000
      896  1.75 -25.51 0.95000
      897  1.75 -25.41 0.95000
      898  1.75 -25.31 0.95000
      899  1.75 -25.21 0.95000
      900  1.75 -25.11 0.95000
      901  1.75 -25.01 0.95000
      902  1.75 -24.91 0.95000
      903  1.75 -24.81 0.00000
      904  1.80 -29.07 0.95000
      905  1.80 -28.97 0.95000
      906  1.80 -28.87 0.95000
      907  1.80 -28.77 0.95000
      908  1.80 -28.67 0.95000
      909  1.80 -28.57 0.95000
      910  1.80 -28.47 0.95000
      911  1.80 -28.37 0.95000
      912  1.80 -28.27 0.95000
      913  1.80 -28.17 0.95000
      914  1.80 -28.07 0.95000
      915  1.80 -27.97 0.95000
      916  1.80 -27.87 0.95000
      917  1.80 -27.77 0.95000
      918  1.80 -27.67 0.95000
      919  1.80 -27.57 0.95000
      920  1.80 -27.47 0.95000
      921  1.80 -27.37 0.95000
      922  1.80 -27.27 0.95000
      923  1.80 -27.17 0.95000
      924  1.80 -27.07 0.95000
      925  1.80 -26.97 0.95000
      926  1.80 -26.87 0.95000
      927  1.80 -26.77 0.95000
      928  1.80 -26.67 0.95000
      929  1.80 -26.57 0.95000
      930  1.80 -26.47 0.95000
      931  1.80 -26.37 0.95000
      932  1.80 -26.27 0.95000
      933  1.80 -26.17 0.95000
      934  1.80 -26.07 0.95000
      935  1.80 -25.97 0.95000
      936  1.80 -25.87 0.95000
      937  1.80 -25.77 0.95000
      938  1.80 -25.67 0.95000
      939  1.80 -25.57 0.95000
      940  1.80 -25.47 0.95000
      941  1.80 -25.37 0.95000
      942  1.80 -25.27 0.95000
      943  1.80 -25.17 0.95000
      944  1.80 -25.07 0.95000
      945  1.80 -24.97 0.95000
      946  1.80 -24.87 0.00000
      947  1.85 -29.14 0.95000
      948  1.85 -29.04 0.95000
      949  1.85 -28.94 0.95000
      950  1.85 -28.84 0.95000
      951  1.85 -28.74 0.95000
      952  1.85 -28.64 0.95000
      953  1.85 -28.54 0.95000
      954  1.85 -28.44 0.95000
      955  1.85 -28.34 0.95000
      956  1.85 -28.24 0.95000
      957  1.85 -28.14 0.95000
      958  1.85 -28.04 0.95000
      959  1.85 -27.94 0.95000
      960  1.85 -27.84 0.95000
      961  1.85 -27.74 0.95000
      962  1.85 -27.64 0.95000
      963  1.85 -27.54 0.95000
      964  1.85 -27.44 0.95000
      965  1.85 -27.34 0.95000
      966  1.85 -27.24 0.95000
      967  1.85 -27.14 0.95000
      968  1.85 -27.04 0.95000
      969  1.85 -26.94 0.95000
      970  1.85 -26.84 0.95000
      971  1.85 -26.74 0.95000
      972  1.85 -26.64 0.95000
      973  1.85 -26.54 0.95000
      974  1.85 -26.44 0.95000
      975  1.85 -26.34 0.95000
      976  1.85 -26.24 0.95000
      977  1.85 -26.14 0.95000
      978  1.85 -26.04 0.95000
      979  1.85 -25.94 0.95000
      980  1.85 -25.84 0.95000
      981  1.85 -25.74 0.95000
      982  1.85 -25.64 0.95000
      983  1.85 -25.54 0.95000
      984  1.85 -25.44 0.95000
      985  1.85 -25.34 0.95000
      986  1.85 -25.24 0.95000
      987  1.85 -25.14 0.95000
      988  1.85 -25.04 0.95000
      989  1.85 -24.94 0.00000
      990  1.90 -29.21 0.95000
      991  1.90 -29.11 0.95000
      992  1.90 -29.01 0.95000
      993  1.90 -28.91 0.95000
      994  1.90 -28.81 0.95000
      995  1.90 -28.71 0.95000
      996  1.90 -28.61 0.95000
      997  1.90 -28.51 0.95000
      998  1.90 -28.41 0.95000
      999  1.90 -28.31 0.95000
     1000  1.90 -28.21 0.95000
     1001  1.90 -28.11 0.95000
     1002  1.90 -28.01 0.95000
     1003  1.90 -27.91 0.95000
     1004  1.90 -27.81 0.95000
     1005  1.90 -27.71 0.95000
     1006  1.90 -27.61 0.95000
     1007  1.90 -27.51 0.95000
     1008  1.90 -27.41 0.95000
     1009  1.90 -27.31 0.95000
     1010  1.90 -27.21 0.95000
     1011  1.90 -27.11 0.95000
     1012  1.90 -27.01 0.95000
     1013  1.90 -26.91 0.95000
     1014  1.90 -26.81 0.95000
     1015  1.90 -26.71 0.95000
     1016  1.90 -26.61 0.95000
     1017  1.90 -26.51 0.95000
     1018  1.90 -26.41 0.95000
     1019  1.90 -26.31 0.95000
     1020  1.90 -26.21 0.95000
     1021  1.90 -26.11 0.95000
     1022  1.90 -26.01 0.95000
     1023  1.90 -25.91 0.95000
     1024  1.90 -25.81 0.95000
     1025  1.90 -25.71 0.95000
     1026  1.90 -25.61 0.95000
     1027  1.90 -25.51 0.95000
     1028  1.90 -25.41 0.95000
     1029  1.90 -25.31 0.95000
     1030  1.90 -25.21 0.95000
     1031  1.90 -25.11 0.95000
     1032  1.90 -25.01 0.00000
     1033  1.95 -29.28 0.95000
     1034  1.95 -29.18 0.95000
     1035  1.95 -29.08 0.95000
     1036  1.95 -28.98 0.95000
     1037  1.95 -28.88 0.95000
     1038  1.95 -28.78 0.95000
     1039  1.95 -28.68 0.95000
     1040  1.95 -28.58 0.95000
     1041  1.95 -28.48 0.95000
     1042  1.95 -28.38 0.95000
     1043  1.95 -28.28 0.95000
     1044  1.95 -28.18 0.95000
     1045  1.95 -28.08 0.95000
     1046  1.95 -27.98 0.95000
     1047  1.95 -27.88 0.95000
     1048  1.95 -27.78 0.95000
     1049  1.95 -27.68 0.95000
     1050  1.95 -27.58 0.95000
     1051  1.95 -27.48 0.95000
     1052  1.95 -27.38 0.95000
     1053  1.95 -27.28 0.95000
     1054  1.95 -27.18 0.95000
     1055  1.95 -27.08 0.95000
     1056  1.95 -26.98 0.95000
     1057  1.95 -26.88 0.95000
     1058  1.95 -26.78 0.95000
     1059  1.95 -26.68 0.95000
     1060  1.95 -26.58 0.95000
     1061  1.95 -26.48 0.95000
     1062  1.95 -26.38 0.95000
     1063  1.95 -26.28 0.95000
     1064  1.95 -26.18 0.95000
     1065  1.95 -26.08 0.95000
     1066  1.95 -25.98 0.95000
     1067  1.95 -25.88 0.95000
     1068  1.95 -25.78 0.95000
     1069  1.95 -25.68 0.95000
     1070  1.95 -25.58 0.95000
     1071  1.95 -25.48 0.95000
     1072  1.95 -25.38 0.95000
     1073  1.95 -25.28 0.95000
     1074  1.95 -25.18 0.95000
     1075  1.95 -25.08 0.00000
     1076  2.00 -29.35 0.95000
     1077  2.00 -29.25 0.95000
     1078  2.00 -29.15 0.95000
     1079  2.00 -29.05 0.95000
     1080  2.00 -28.95 0.95000
     1081  2.00 -28.85 0.95000
     1082  2.00 -28.75 0.95000
     1083  2.00 -28.65 0.95000
     1084  2.00 -28.55 0.95000
     1085  2.00 -28.45 0.95000
     1086  2.00 -28.35 0.95000
     1087  2.00 -28.25 0.95000
     1088  2.00 -28.15 0.95000
     1089  2.00 -28.05 0.95000
     1090  2.00 -27.95 0.95000
     1091  2.00 -27.85 0.95000
     1092  2.00 -27.75 0.95000
     1093  2.00 -27.65 0.95000
     1094  2.00 -27.55 0.95000
     1095  2.00 -27.45 0.95000
     1096  2.00 -27.35 0.95000
     1097  2.00 -27.25 0.95000
     1098  2.00 -27.15 0.95000
     1099  2.00 -27.05 0.95000
     1100  2.00 -26.95 0.95000
     1101  2.00 -26.85 0.95000
     1102  2.00 -26.75 0.95000
     1103  2.00 -26.65 0.95000
     1104  2.00 -26.55 0.95000
     1105  2.00 -26.45 0.95000
     1106  2.00 -26.35 0.95000
     1107  2.00 -26.25 0.95000
     1108  2.00 -26.15 0.95000
     1109  2.00 -26.05 0.95000
     1110  2.00 -25.95 0.95000
     1111  2.00 -25.85 0.95000
     1112  2.00 -25.75 0.95000
     1113  2.00 -25.65 0.95000
     1114  2.00 -25.55 0.95000
     1115  2.00 -25.45 0.95000
     1116  2.00 -25.35 0.95000
     1117  2.00 -25.25 0.95000
     1118  2.00 -25.15 0.00000
     1119  2.05 -29.41 0.95000
     1120  2.05 -29.31 0.95000
     1121  2.05 -29.21 0.95000
     1122  2.05 -29.11 0.95000
     1123  2.05 -29.01 0.95000
     1124  2.05 -28.91 0.95000
     1125  2.05 -28.81 0.95000
     1126  2.05 -28.71 0.95000
     1127  2.05 -28.61 0.95000
     1128  2.05 -28.51 0.95000
     1129  2.05 -28.41 0.95000
     1130  2.05 -28.31 0.95000
     1131  2.05 -28.21 0.95000
     1132  2.05 -28.11 0.95000
     1133  2.05 -28.01 0.95000
     1134  2.05 -27.91 0.95000
     1135  2.05 -27.81 0.95000
     1136  2.05 -27.71 0.95000
     1137  2.05 -27.61 0.95000
     1138  2.05 -27.51 0.95000
     1139  2.05 -27.41 0.95000
     1140  2.05 -27.31 0.95000
     1141  2.05 -27.21 0.95000
     1142  2.05 -27.11 0.95000
     1143  2.05 -27.01 0.95000
     1144  2.05 -26.91 0.95000
     1145  2.05 -26.81 0.95000
     1146  2.05 -26.71 0.95000
     1147  2.05 -26.61 0.95000
     1148  2.05 -26.51 0.95000
     1149  2.05 -26.41 0.95000
     1150  2.05 -26.31 0.95000
     1151  2.05 -26.21 0.95000
     1152  2.05 -26.11 0.95000
     1153  2.05 -26.01 0.95000
     1154  2.05 -25.91 0.95000
     1155  2.05 -25.81 0.95000
     1156  2.05 -25.71 0.95000
     1157  2.05 -25.61 0.95000
     1158  2.05 -25.51 0.95000
     1159  2.05 -25.41 0.95000
     1160  2.05 -25.31 0.95000
     1161  2.05 -25.21 0.00000
     1162  2.10 -29.47 0.94810
     1163  2.10 -29.37 0.94810
     1164  2.10 -29.27 0.94810
     1165  2.10 -29.17 0.94905
     1166  2.10 -29.07 0.94810
     1167  2.10 -28.97 0.94810
     1168  2.10 -28.87 0.94905
     1169  2.10 -28.77 0.94810
     1170  2.10 -28.67 0.94905
     1171  2.10 -28.57 0.94905
     1172  2.10 -28.47 0.94810
     1173  2.10 -28.37 0.94810
     1174  2.10 -28.27 0.94810
     1175  2.10 -28.17 0.94810
     1176  2.10 -28.07 0.94810
     1177  2.10 -27.97 0.94905
     1178  2.10 -27.87 0.94810
     1179  2.10 -27.77 0.94905
     1180  2.10 -27.67 0.94905
     1181  2.10 -27.57 0.94810
     1182  2.10 -27.47 0.94810
     1183  2.10 -27.37 0.94810
     1184  2.10 -27.27 0.94810
     1185  2.10 -27.17 0.95000
     1186  2.10 -27.07 0.94905
     1187  2.10 -26.97 0.94810
     1188  2.10 -26.87 0.95000
     1189  2.10 -26.77 0.95000
     1190  2.10 -26.67 0.94905
     1191  2.10 -26.57 0.94905
     1192  2.10 -26.47 0.94810
     1193  2.10 -26.37 0.94905
     1194  2.10 -26.27 0.94715
     1195  2.10 -26.17 0.94810
     1196  2.10 -26.07 0.94905
     1197  2.10 -25.97 0.94810
     1198  2.10 -25.87 0.94905
     1199  2.10 -25.77 0.94905
     1200  2.10 -25.67 0.94810
     1201  2.10 -25.57 0.94715
     1202  2.10 -25.47 0.94810
     1203  2.10 -25.37 0.94810
     1204  2.10 -25.27 0.00000
     1205  2.15 -29.53 0.94430
     1206  2.15 -29.43 0.94430
     1207  2.15 -29.33 0.94525
     1208  2.15 -29.23 0.94240
     1209  2.15 -29.13 0.94525
     1210  2.15 -29.03 0.94240
     1211  2.15 -28.93 0.94620
     1212  2.15 -28.83 0.94335
     1213  2.15 -28.73 0.94335
     1214  2.15 -28.63 0.94430
     1215  2.15 -28.53 0.94335
     1216  2.15 -28.43 0.94525
     1217  2.15 -28.33 0.94430
     1218  2.15 -28.23 0.94430
     1219  2.15 -28.13 0.94525
     1220  2.15 -28.03 0.94525
     1221  2.15 -27.93 0.94240
     1222  2.15 -27.83 0.94430
     1223  2.15 -27.73 0.94335
     1224  2.15 -27.63 0.94430
     1225  2.15 -27.53 0.94430
     1226  2.15 -27.43 0.94430
     1227  2.15 -27.33 0.94335
     1228  2.15 -27.23 0.94525
     1229  2.15 -27.13 0.94240
     1230  2.15 -27.03 0.94335
     1231  2.15 -26.93 0.94335
     1232  2.15 -26.83 0.94335
     1233  2.15 -26.73 0.94240
     1234  2.15 -26.63 0.94335
     1235  2.15 -26.53 0.94430
     1236  2.15 -26.43 0.94335
     1237  2.15 -26.33 0.94335
     1238  2.15 -26.23 0.94240
     1239  2.15 -26.13 0.94240
     1240  2.15 -26.03 0.94145
     1241  2.15 -25.93 0.94620
     1242  2.15 -25.83 0.94240
     1243  2.15 -25.73 0.94240
     1244  2.15 -25.63 0.94145
     1245  2.15 -25.53 0.94145
     1246  2.15 -25.43 0.94145
     1247  2.15 -25.33 0.00000
     1248  2.20 -29.58 0.92815
     1249  2.20 -29.48 0.92815
     1250  2.20 -29.38 0.92720
     1251  2.20 -29.28 0.92815
     1252  2.20 -29.18 0.92910
     1253  2.20 -29.08 0.93005
     1254  2.20 -28.98 0.92815
     1255  2.20 -28.88 0.92815
     1256  2.20 -28.78 0.92910
     1257  2.20 -28.68 0.93195
     1258  2.20 -28.58 0.92910
     1259  2.20 -28.48 0.92815
     1260  2.20 -28.38 0.92910
     1261  2.20 -28.28 0.92815
     1262  2.20 -28.18 0.92910
     1263  2.20 -28.08 0.92815
     1264  2.20 -27.98 0.92720
     1265  2.20 -27.88 0.92720
     1266  2.20 -27.78 0.92910
     1267  2.20 -27.68 0.92910
     1268  2.20 -27.58 0.92720
     1269  2.20 -27.48 0.93100
     1270  2.20 -27.38 0.92815
     1271  2.20 -27.28 0.92815
     1272  2.20 -27.18 0.93005
     1273  2.20 -27.08 0.92530
     1274  2.20 -26.98 0.92910
     1275  2.20 -26.88 0.92720
     1276  2.20 -26.78 0.92815
     1277  2.20 -26.68 0.92720
     1278  2.20 -26.58 0.92625
     1279  2.20 -26.48 0.92625
     1280  2.20 -26.38 0.92910
     1281  2.20 -26.28 0.92530
     1282  2.20 -26.18 0.92815
     1283  2.20 -26.08 0.92910
     1284  2.20 -25.98 0.92625
     1285  2.20 -25.88 0.92150
     1286  2.20 -25.78 0.92530
     1287  2.20 -25.68 0.92340
     1288  2.20 -25.58 0.92435
     1289  2.20 -25.48 0.92435
     1290  2.20 -25.38 0.00000
