# Willott et al. (2010) selection function for CFHQS Very Wide Survey (494deg2)
# corrected for cosmology in M1450
# counter  z     M1450  p
        1  5.700 -29.00 0.01670
        2  5.700 -28.90 0.01670
        3  5.700 -28.80 0.01670
        4  5.700 -28.70 0.01670
        5  5.700 -28.60 0.01670
        6  5.700 -28.50 0.01670
        7  5.700 -28.40 0.01670
        8  5.700 -28.30 0.01670
        9  5.700 -28.20 0.01670
       10  5.700 -28.10 0.01670
       11  5.700 -28.00 0.01670
       12  5.700 -27.90 0.01670
       13  5.700 -27.80 0.01670
       14  5.700 -27.70 0.01670
       15  5.700 -27.60 0.01670
       16  5.700 -27.50 0.01670
       17  5.700 -27.40 0.01670
       18  5.700 -27.30 0.01670
       19  5.700 -27.20 0.01670
       20  5.700 -27.10 0.01670
       21  5.700 -27.00 0.01670
       22  5.700 -26.90 0.01670
       23  5.700 -26.80 0.01670
       24  5.700 -26.70 0.01670
       25  5.700 -26.60 0.01680
       26  5.700 -26.50 0.01700
       27  5.700 -26.40 0.01740
       28  5.700 -26.30 0.01820
       29  5.700 -26.20 0.01880
       30  5.700 -26.10 0.01920
       31  5.700 -26.00 0.01900
       32  5.700 -25.90 0.01900
       33  5.700 -25.80 0.01950
       34  5.700 -25.70 0.01990
       35  5.700 -25.60 0.02080
       36  5.700 -25.50 0.02120
       37  5.700 -25.40 0.02130
       38  5.700 -25.30 0.02180
       39  5.700 -25.20 0.02290
       40  5.700 -25.10 0.02470
       41  5.700 -25.00 0.02620
       42  5.700 -24.90 0.02800
       43  5.700 -24.80 0.03020
       44  5.700 -24.70 0.03270
       45  5.700 -24.60 0.03580
       46  5.700 -24.50 0.03860
       47  5.700 -24.40 0.04110
       48  5.700 -24.30 0.04260
       49  5.700 -24.20 0.04130
       50  5.700 -24.10 0.03730
       51  5.700 -24.00 0.03030
       52  5.700 -23.90 0.02160
       53  5.700 -23.80 0.01370
       54  5.700 -23.70 0.00000
       55  5.700 -23.60 0.00000
       56  5.700 -23.50 0.00000
       57  5.700 -23.40 0.00000
       58  5.700 -23.30 0.00000
       59  5.700 -23.20 0.00000
       60  5.700 -23.10 0.00000
       61  5.700 -23.00 0.00000
       62  5.700 -22.90 0.00000
       63  5.700 -22.80 0.00000
       64  5.700 -22.70 0.00000
       65  5.700 -22.60 0.00000
       66  5.700 -22.50 0.00000
       67  5.700 -22.40 0.00000
       68  5.700 -22.30 0.00000
       69  5.700 -22.20 0.00000
       70  5.700 -22.10 0.00000
       71  5.700 -22.00 0.00000
       72  5.700 -21.90 0.00000
       73  5.700 -21.80 0.00000
       74  5.700 -21.70 0.00000
       75  5.700 -21.60 0.00000
       76  5.700 -21.50 0.00000
       77  5.700 -21.40 0.00000
       78  5.700 -21.30 0.00000
       79  5.700 -21.20 0.00000
       80  5.700 -21.10 0.00000
       81  5.725 -29.00 0.02820
       82  5.725 -28.90 0.03000
       83  5.725 -28.80 0.03000
       84  5.725 -28.70 0.03000
       85  5.725 -28.60 0.03000
       86  5.725 -28.50 0.03000
       87  5.725 -28.40 0.03000
       88  5.725 -28.30 0.03000
       89  5.725 -28.20 0.03000
       90  5.725 -28.10 0.03000
       91  5.725 -28.00 0.03000
       92  5.725 -27.90 0.03000
       93  5.725 -27.80 0.03000
       94  5.725 -27.70 0.03000
       95  5.725 -27.60 0.03000
       96  5.725 -27.50 0.03000
       97  5.725 -27.40 0.03000
       98  5.725 -27.30 0.03000
       99  5.725 -27.20 0.03000
      100  5.725 -27.10 0.03000
      101  5.725 -27.00 0.03000
      102  5.725 -26.90 0.03000
      103  5.725 -26.80 0.03000
      104  5.725 -26.70 0.03010
      105  5.725 -26.60 0.03020
      106  5.725 -26.50 0.03060
      107  5.725 -26.40 0.03120
      108  5.725 -26.30 0.03190
      109  5.725 -26.20 0.03250
      110  5.725 -26.10 0.03310
      111  5.725 -26.00 0.03390
      112  5.725 -25.90 0.03470
      113  5.725 -25.80 0.03580
      114  5.725 -25.70 0.03700
      115  5.725 -25.60 0.03830
      116  5.725 -25.50 0.03940
      117  5.725 -25.40 0.04050
      118  5.725 -25.30 0.04210
      119  5.725 -25.20 0.04440
      120  5.725 -25.10 0.04720
      121  5.725 -25.00 0.05020
      122  5.725 -24.90 0.05350
      123  5.725 -24.80 0.05730
      124  5.725 -24.70 0.06140
      125  5.725 -24.60 0.06570
      126  5.725 -24.50 0.06960
      127  5.725 -24.40 0.07240
      128  5.725 -24.30 0.07280
      129  5.725 -24.20 0.06930
      130  5.725 -24.10 0.06170
      131  5.725 -24.00 0.05010
      132  5.725 -23.90 0.03610
      133  5.725 -23.80 0.02320
      134  5.725 -23.70 0.01350
      135  5.725 -23.60 0.00000
      136  5.725 -23.50 0.00000
      137  5.725 -23.40 0.00000
      138  5.725 -23.30 0.00000
      139  5.725 -23.20 0.00000
      140  5.725 -23.10 0.00000
      141  5.725 -23.00 0.00000
      142  5.725 -22.90 0.00000
      143  5.725 -22.80 0.00000
      144  5.725 -22.70 0.00000
      145  5.725 -22.60 0.00000
      146  5.725 -22.50 0.00000
      147  5.725 -22.40 0.00000
      148  5.725 -22.30 0.00000
      149  5.725 -22.20 0.00000
      150  5.725 -22.10 0.00000
      151  5.725 -22.00 0.00000
      152  5.725 -21.90 0.00000
      153  5.725 -21.80 0.00000
      154  5.725 -21.70 0.00000
      155  5.725 -21.60 0.00000
      156  5.725 -21.50 0.00000
      157  5.725 -21.40 0.00000
      158  5.725 -21.30 0.00000
      159  5.725 -21.20 0.00000
      160  5.725 -21.10 0.00000
      161  5.750 -29.00 0.05970
      162  5.750 -28.90 0.06370
      163  5.750 -28.80 0.06370
      164  5.750 -28.70 0.06370
      165  5.750 -28.60 0.06370
      166  5.750 -28.50 0.06370
      167  5.750 -28.40 0.06370
      168  5.750 -28.30 0.06370
      169  5.750 -28.20 0.06370
      170  5.750 -28.10 0.06370
      171  5.750 -28.00 0.06370
      172  5.750 -27.90 0.06370
      173  5.750 -27.80 0.06370
      174  5.750 -27.70 0.06370
      175  5.750 -27.60 0.06370
      176  5.750 -27.50 0.06370
      177  5.750 -27.40 0.06370
      178  5.750 -27.30 0.06370
      179  5.750 -27.20 0.06370
      180  5.750 -27.10 0.06370
      181  5.750 -27.00 0.06370
      182  5.750 -26.90 0.06370
      183  5.750 -26.80 0.06370
      184  5.750 -26.70 0.06380
      185  5.750 -26.60 0.06400
      186  5.750 -26.50 0.06460
      187  5.750 -26.40 0.06540
      188  5.750 -26.30 0.06660
      189  5.750 -26.20 0.06760
      190  5.750 -26.10 0.06880
      191  5.750 -26.00 0.07030
      192  5.750 -25.90 0.07200
      193  5.750 -25.80 0.07390
      194  5.750 -25.70 0.07570
      195  5.750 -25.60 0.07740
      196  5.750 -25.50 0.07870
      197  5.750 -25.40 0.08030
      198  5.750 -25.30 0.08240
      199  5.750 -25.20 0.08560
      200  5.750 -25.10 0.08940
      201  5.750 -25.00 0.09350
      202  5.750 -24.90 0.09790
      203  5.750 -24.80 0.10280
      204  5.750 -24.70 0.10790
      205  5.750 -24.60 0.11260
      206  5.750 -24.50 0.11620
      207  5.750 -24.40 0.11740
      208  5.750 -24.30 0.11480
      209  5.750 -24.20 0.10710
      210  5.750 -24.10 0.09370
      211  5.750 -24.00 0.07480
      212  5.750 -23.90 0.05330
      213  5.750 -23.80 0.03390
      214  5.750 -23.70 0.01960
      215  5.750 -23.60 0.01040
      216  5.750 -23.50 0.00000
      217  5.750 -23.40 0.00000
      218  5.750 -23.30 0.00000
      219  5.750 -23.20 0.00000
      220  5.750 -23.10 0.00000
      221  5.750 -23.00 0.00000
      222  5.750 -22.90 0.00000
      223  5.750 -22.80 0.00000
      224  5.750 -22.70 0.00000
      225  5.750 -22.60 0.00000
      226  5.750 -22.50 0.00000
      227  5.750 -22.40 0.00000
      228  5.750 -22.30 0.00000
      229  5.750 -22.20 0.00000
      230  5.750 -22.10 0.00000
      231  5.750 -22.00 0.00000
      232  5.750 -21.90 0.00000
      233  5.750 -21.80 0.00000
      234  5.750 -21.70 0.00000
      235  5.750 -21.60 0.00000
      236  5.750 -21.50 0.00000
      237  5.750 -21.40 0.00000
      238  5.750 -21.30 0.00000
      239  5.750 -21.20 0.00000
      240  5.750 -21.10 0.00000
      241  5.775 -29.00 0.12690
      242  5.775 -28.90 0.13110
      243  5.775 -28.80 0.13110
      244  5.775 -28.70 0.13110
      245  5.775 -28.60 0.13110
      246  5.775 -28.50 0.13110
      247  5.775 -28.40 0.13110
      248  5.775 -28.30 0.13110
      249  5.775 -28.20 0.13110
      250  5.775 -28.10 0.13110
      251  5.775 -28.00 0.13110
      252  5.775 -27.90 0.13110
      253  5.775 -27.80 0.13110
      254  5.775 -27.70 0.13110
      255  5.775 -27.60 0.13110
      256  5.775 -27.50 0.13110
      257  5.775 -27.40 0.13110
      258  5.775 -27.30 0.13110
      259  5.775 -27.20 0.13110
      260  5.775 -27.10 0.13110
      261  5.775 -27.00 0.13110
      262  5.775 -26.90 0.13110
      263  5.775 -26.80 0.13120
      264  5.775 -26.70 0.13130
      265  5.775 -26.60 0.13160
      266  5.775 -26.50 0.13220
      267  5.775 -26.40 0.13320
      268  5.775 -26.30 0.13440
      269  5.775 -26.20 0.13560
      270  5.775 -26.10 0.13680
      271  5.775 -26.00 0.13830
      272  5.775 -25.90 0.14020
      273  5.775 -25.80 0.14210
      274  5.775 -25.70 0.14360
      275  5.775 -25.60 0.14450
      276  5.775 -25.50 0.14540
      277  5.775 -25.40 0.14690
      278  5.775 -25.30 0.14920
      279  5.775 -25.20 0.15260
      280  5.775 -25.10 0.15650
      281  5.775 -25.00 0.16080
      282  5.775 -24.90 0.16570
      283  5.775 -24.80 0.17090
      284  5.775 -24.70 0.17600
      285  5.775 -24.60 0.17980
      286  5.775 -24.50 0.18100
      287  5.775 -24.40 0.17830
      288  5.775 -24.30 0.17020
      289  5.775 -24.20 0.15540
      290  5.775 -24.10 0.13340
      291  5.775 -24.00 0.10480
      292  5.775 -23.90 0.07370
      293  5.775 -23.80 0.04610
      294  5.775 -23.70 0.02620
      295  5.775 -23.60 0.01380
      296  5.775 -23.50 0.00000
      297  5.775 -23.40 0.00000
      298  5.775 -23.30 0.00000
      299  5.775 -23.20 0.00000
      300  5.775 -23.10 0.00000
      301  5.775 -23.00 0.00000
      302  5.775 -22.90 0.00000
      303  5.775 -22.80 0.00000
      304  5.775 -22.70 0.00000
      305  5.775 -22.60 0.00000
      306  5.775 -22.50 0.00000
      307  5.775 -22.40 0.00000
      308  5.775 -22.30 0.00000
      309  5.775 -22.20 0.00000
      310  5.775 -22.10 0.00000
      311  5.775 -22.00 0.00000
      312  5.775 -21.90 0.00000
      313  5.775 -21.80 0.00000
      314  5.775 -21.70 0.00000
      315  5.775 -21.60 0.00000
      316  5.775 -21.50 0.00000
      317  5.775 -21.40 0.00000
      318  5.775 -21.30 0.00000
      319  5.775 -21.20 0.00000
      320  5.775 -21.10 0.00000
      321  5.800 -29.00 0.20760
      322  5.800 -28.90 0.21360
      323  5.800 -28.80 0.21360
      324  5.800 -28.70 0.21360
      325  5.800 -28.60 0.21360
      326  5.800 -28.50 0.21360
      327  5.800 -28.40 0.21360
      328  5.800 -28.30 0.21360
      329  5.800 -28.20 0.21360
      330  5.800 -28.10 0.21360
      331  5.800 -28.00 0.21360
      332  5.800 -27.90 0.21360
      333  5.800 -27.80 0.21360
      334  5.800 -27.70 0.21360
      335  5.800 -27.60 0.21360
      336  5.800 -27.50 0.21360
      337  5.800 -27.40 0.21360
      338  5.800 -27.30 0.21360
      339  5.800 -27.20 0.21360
      340  5.800 -27.10 0.21360
      341  5.800 -27.00 0.21370
      342  5.800 -26.90 0.21370
      343  5.800 -26.80 0.21380
      344  5.800 -26.70 0.21400
      345  5.800 -26.60 0.21440
      346  5.800 -26.50 0.21520
      347  5.800 -26.40 0.21640
      348  5.800 -26.30 0.21790
      349  5.800 -26.20 0.21940
      350  5.800 -26.10 0.22130
      351  5.800 -26.00 0.22370
      352  5.800 -25.90 0.22660
      353  5.800 -25.80 0.22930
      354  5.800 -25.70 0.23120
      355  5.800 -25.60 0.23230
      356  5.800 -25.50 0.23350
      357  5.800 -25.40 0.23560
      358  5.800 -25.30 0.23870
      359  5.800 -25.20 0.24250
      360  5.800 -25.10 0.24670
      361  5.800 -25.00 0.25120
      362  5.800 -24.90 0.25570
      363  5.800 -24.80 0.26010
      364  5.800 -24.70 0.26360
      365  5.800 -24.60 0.26430
      366  5.800 -24.50 0.26090
      367  5.800 -24.40 0.25120
      368  5.800 -24.30 0.23380
      369  5.800 -24.20 0.20810
      370  5.800 -24.10 0.17370
      371  5.800 -24.00 0.13270
      372  5.800 -23.90 0.09090
      373  5.800 -23.80 0.05550
      374  5.800 -23.70 0.03090
      375  5.800 -23.60 0.01600
      376  5.800 -23.50 0.00000
      377  5.800 -23.40 0.00000
      378  5.800 -23.30 0.00000
      379  5.800 -23.20 0.00000
      380  5.800 -23.10 0.00000
      381  5.800 -23.00 0.00000
      382  5.800 -22.90 0.00000
      383  5.800 -22.80 0.00000
      384  5.800 -22.70 0.00000
      385  5.800 -22.60 0.00000
      386  5.800 -22.50 0.00000
      387  5.800 -22.40 0.00000
      388  5.800 -22.30 0.00000
      389  5.800 -22.20 0.00000
      390  5.800 -22.10 0.00000
      391  5.800 -22.00 0.00000
      392  5.800 -21.90 0.00000
      393  5.800 -21.80 0.00000
      394  5.800 -21.70 0.00000
      395  5.800 -21.60 0.00000
      396  5.800 -21.50 0.00000
      397  5.800 -21.40 0.00000
      398  5.800 -21.30 0.00000
      399  5.800 -21.20 0.00000
      400  5.800 -21.10 0.00000
      401  5.825 -29.00 0.31710
      402  5.825 -28.90 0.32280
      403  5.825 -28.80 0.32280
      404  5.825 -28.70 0.32280
      405  5.825 -28.60 0.32280
      406  5.825 -28.50 0.32280
      407  5.825 -28.40 0.32280
      408  5.825 -28.30 0.32280
      409  5.825 -28.20 0.32280
      410  5.825 -28.10 0.32280
      411  5.825 -28.00 0.32280
      412  5.825 -27.90 0.32280
      413  5.825 -27.80 0.32280
      414  5.825 -27.70 0.32280
      415  5.825 -27.60 0.32280
      416  5.825 -27.50 0.32280
      417  5.825 -27.40 0.32280
      418  5.825 -27.30 0.32280
      419  5.825 -27.20 0.32280
      420  5.825 -27.10 0.32290
      421  5.825 -27.00 0.32290
      422  5.825 -26.90 0.32300
      423  5.825 -26.80 0.32320
      424  5.825 -26.70 0.32350
      425  5.825 -26.60 0.32420
      426  5.825 -26.50 0.32560
      427  5.825 -26.40 0.32730
      428  5.825 -26.30 0.32950
      429  5.825 -26.20 0.33190
      430  5.825 -26.10 0.33500
      431  5.825 -26.00 0.33860
      432  5.825 -25.90 0.34250
      433  5.825 -25.80 0.34580
      434  5.825 -25.70 0.34800
      435  5.825 -25.60 0.34950
      436  5.825 -25.50 0.35100
      437  5.825 -25.40 0.35330
      438  5.825 -25.30 0.35620
      439  5.825 -25.20 0.35970
      440  5.825 -25.10 0.36320
      441  5.825 -25.00 0.36670
      442  5.825 -24.90 0.36910
      443  5.825 -24.80 0.37050
      444  5.825 -24.70 0.36930
      445  5.825 -24.60 0.36360
      446  5.825 -24.50 0.35120
      447  5.825 -24.40 0.33020
      448  5.825 -24.30 0.29990
      449  5.825 -24.20 0.25930
      450  5.825 -24.10 0.20940
      451  5.825 -24.00 0.15420
      452  5.825 -23.90 0.10200
      453  5.825 -23.80 0.06050
      454  5.825 -23.70 0.03290
      455  5.825 -23.60 0.01690
      456  5.825 -23.50 0.00000
      457  5.825 -23.40 0.00000
      458  5.825 -23.30 0.00000
      459  5.825 -23.20 0.00000
      460  5.825 -23.10 0.00000
      461  5.825 -23.00 0.00000
      462  5.825 -22.90 0.00000
      463  5.825 -22.80 0.00000
      464  5.825 -22.70 0.00000
      465  5.825 -22.60 0.00000
      466  5.825 -22.50 0.00000
      467  5.825 -22.40 0.00000
      468  5.825 -22.30 0.00000
      469  5.825 -22.20 0.00000
      470  5.825 -22.10 0.00000
      471  5.825 -22.00 0.00000
      472  5.825 -21.90 0.00000
      473  5.825 -21.80 0.00000
      474  5.825 -21.70 0.00000
      475  5.825 -21.60 0.00000
      476  5.825 -21.50 0.00000
      477  5.825 -21.40 0.00000
      478  5.825 -21.30 0.00000
      479  5.825 -21.20 0.00000
      480  5.825 -21.10 0.00000
      481  5.850 -29.00 0.47890
      482  5.850 -28.90 0.48760
      483  5.850 -28.80 0.48760
      484  5.850 -28.70 0.48760
      485  5.850 -28.60 0.48760
      486  5.850 -28.50 0.48760
      487  5.850 -28.40 0.48760
      488  5.850 -28.30 0.48760
      489  5.850 -28.20 0.48760
      490  5.850 -28.10 0.48760
      491  5.850 -28.00 0.48760
      492  5.850 -27.90 0.48760
      493  5.850 -27.80 0.48760
      494  5.850 -27.70 0.48760
      495  5.850 -27.60 0.48760
      496  5.850 -27.50 0.48760
      497  5.850 -27.40 0.48760
      498  5.850 -27.30 0.48760
      499  5.850 -27.20 0.48760
      500  5.850 -27.10 0.48770
      501  5.850 -27.00 0.48770
      502  5.850 -26.90 0.48790
      503  5.850 -26.80 0.48810
      504  5.850 -26.70 0.48870
      505  5.850 -26.60 0.48970
      506  5.850 -26.50 0.49120
      507  5.850 -26.40 0.49340
      508  5.850 -26.30 0.49580
      509  5.850 -26.20 0.49840
      510  5.850 -26.10 0.50110
      511  5.850 -26.00 0.50410
      512  5.850 -25.90 0.50670
      513  5.850 -25.80 0.50820
      514  5.850 -25.70 0.50850
      515  5.850 -25.60 0.50810
      516  5.850 -25.50 0.50760
      517  5.850 -25.40 0.50760
      518  5.850 -25.30 0.50800
      519  5.850 -25.20 0.50830
      520  5.850 -25.10 0.50850
      521  5.850 -25.00 0.50740
      522  5.850 -24.90 0.50430
      523  5.850 -24.80 0.49880
      524  5.850 -24.70 0.48880
      525  5.850 -24.60 0.47230
      526  5.850 -24.50 0.44680
      527  5.850 -24.40 0.41130
      528  5.850 -24.30 0.36510
      529  5.850 -24.20 0.30740
      530  5.850 -24.10 0.24080
      531  5.850 -24.00 0.17140
      532  5.850 -23.90 0.10950
      533  5.850 -23.80 0.06300
      534  5.850 -23.70 0.03370
      535  5.850 -23.60 0.01720
      536  5.850 -23.50 0.00000
      537  5.850 -23.40 0.00000
      538  5.850 -23.30 0.00000
      539  5.850 -23.20 0.00000
      540  5.850 -23.10 0.00000
      541  5.850 -23.00 0.00000
      542  5.850 -22.90 0.00000
      543  5.850 -22.80 0.00000
      544  5.850 -22.70 0.00000
      545  5.850 -22.60 0.00000
      546  5.850 -22.50 0.00000
      547  5.850 -22.40 0.00000
      548  5.850 -22.30 0.00000
      549  5.850 -22.20 0.00000
      550  5.850 -22.10 0.00000
      551  5.850 -22.00 0.00000
      552  5.850 -21.90 0.00000
      553  5.850 -21.80 0.00000
      554  5.850 -21.70 0.00000
      555  5.850 -21.60 0.00000
      556  5.850 -21.50 0.00000
      557  5.850 -21.40 0.00000
      558  5.850 -21.30 0.00000
      559  5.850 -21.20 0.00000
      560  5.850 -21.10 0.00000
      561  5.875 -29.00 0.66740
      562  5.875 -28.90 0.66620
      563  5.875 -28.80 0.66620
      564  5.875 -28.70 0.66620
      565  5.875 -28.60 0.66620
      566  5.875 -28.50 0.66620
      567  5.875 -28.40 0.66620
      568  5.875 -28.30 0.66620
      569  5.875 -28.20 0.66620
      570  5.875 -28.10 0.66620
      571  5.875 -28.00 0.66620
      572  5.875 -27.90 0.66620
      573  5.875 -27.80 0.66620
      574  5.875 -27.70 0.66620
      575  5.875 -27.60 0.66620
      576  5.875 -27.50 0.66620
      577  5.875 -27.40 0.66620
      578  5.875 -27.30 0.66620
      579  5.875 -27.20 0.66620
      580  5.875 -27.10 0.66630
      581  5.875 -27.00 0.66640
      582  5.875 -26.90 0.66670
      583  5.875 -26.80 0.66710
      584  5.875 -26.70 0.66800
      585  5.875 -26.60 0.66960
      586  5.875 -26.50 0.67170
      587  5.875 -26.40 0.67440
      588  5.875 -26.30 0.67660
      589  5.875 -26.20 0.67860
      590  5.875 -26.10 0.68010
      591  5.875 -26.00 0.68140
      592  5.875 -25.90 0.68160
      593  5.875 -25.80 0.68040
      594  5.875 -25.70 0.67800
      595  5.875 -25.60 0.67510
      596  5.875 -25.50 0.67240
      597  5.875 -25.40 0.66960
      598  5.875 -25.30 0.66630
      599  5.875 -25.20 0.66180
      600  5.875 -25.10 0.65660
      601  5.875 -25.00 0.64870
      602  5.875 -24.90 0.63790
      603  5.875 -24.80 0.62280
      604  5.875 -24.70 0.60080
      605  5.875 -24.60 0.56960
      606  5.875 -24.50 0.52780
      607  5.875 -24.40 0.47480
      608  5.875 -24.30 0.40930
      609  5.875 -24.20 0.33200
      610  5.875 -24.10 0.24800
      611  5.875 -24.00 0.16760
      612  5.875 -23.90 0.10230
      613  5.875 -23.80 0.05750
      614  5.875 -23.70 0.03060
      615  5.875 -23.60 0.01560
      616  5.875 -23.50 0.00000
      617  5.875 -23.40 0.00000
      618  5.875 -23.30 0.00000
      619  5.875 -23.20 0.00000
      620  5.875 -23.10 0.00000
      621  5.875 -23.00 0.00000
      622  5.875 -22.90 0.00000
      623  5.875 -22.80 0.00000
      624  5.875 -22.70 0.00000
      625  5.875 -22.60 0.00000
      626  5.875 -22.50 0.00000
      627  5.875 -22.40 0.00000
      628  5.875 -22.30 0.00000
      629  5.875 -22.20 0.00000
      630  5.875 -22.10 0.00000
      631  5.875 -22.00 0.00000
      632  5.875 -21.90 0.00000
      633  5.875 -21.80 0.00000
      634  5.875 -21.70 0.00000
      635  5.875 -21.60 0.00000
      636  5.875 -21.50 0.00000
      637  5.875 -21.40 0.00000
      638  5.875 -21.30 0.00000
      639  5.875 -21.20 0.00000
      640  5.875 -21.10 0.00000
      641  5.900 -29.00 0.77910
      642  5.900 -28.90 0.77610
      643  5.900 -28.80 0.77610
      644  5.900 -28.70 0.77610
      645  5.900 -28.60 0.77610
      646  5.900 -28.50 0.77610
      647  5.900 -28.40 0.77610
      648  5.900 -28.30 0.77610
      649  5.900 -28.20 0.77610
      650  5.900 -28.10 0.77610
      651  5.900 -28.00 0.77610
      652  5.900 -27.90 0.77610
      653  5.900 -27.80 0.77610
      654  5.900 -27.70 0.77610
      655  5.900 -27.60 0.77610
      656  5.900 -27.50 0.77610
      657  5.900 -27.40 0.77610
      658  5.900 -27.30 0.77610
      659  5.900 -27.20 0.77620
      660  5.900 -27.10 0.77630
      661  5.900 -27.00 0.77660
      662  5.900 -26.90 0.77710
      663  5.900 -26.80 0.77800
      664  5.900 -26.70 0.77970
      665  5.900 -26.60 0.78250
      666  5.900 -26.50 0.78610
      667  5.900 -26.40 0.78980
      668  5.900 -26.30 0.79270
      669  5.900 -26.20 0.79480
      670  5.900 -26.10 0.79610
      671  5.900 -26.00 0.79700
      672  5.900 -25.90 0.79710
      673  5.900 -25.80 0.79610
      674  5.900 -25.70 0.79420
      675  5.900 -25.60 0.79190
      676  5.900 -25.50 0.78930
      677  5.900 -25.40 0.78560
      678  5.900 -25.30 0.78040
      679  5.900 -25.20 0.77350
      680  5.900 -25.10 0.76440
      681  5.900 -25.00 0.75200
      682  5.900 -24.90 0.73520
      683  5.900 -24.80 0.71190
      684  5.900 -24.70 0.67970
      685  5.900 -24.60 0.63630
      686  5.900 -24.50 0.58030
      687  5.900 -24.40 0.51050
      688  5.900 -24.30 0.42680
      689  5.900 -24.20 0.33230
      690  5.900 -24.10 0.23600
      691  5.900 -24.00 0.15140
      692  5.900 -23.90 0.08850
      693  5.900 -23.80 0.04820
      694  5.900 -23.70 0.02500
      695  5.900 -23.60 0.01240
      696  5.900 -23.50 0.00000
      697  5.900 -23.40 0.00000
      698  5.900 -23.30 0.00000
      699  5.900 -23.20 0.00000
      700  5.900 -23.10 0.00000
      701  5.900 -23.00 0.00000
      702  5.900 -22.90 0.00000
      703  5.900 -22.80 0.00000
      704  5.900 -22.70 0.00000
      705  5.900 -22.60 0.00000
      706  5.900 -22.50 0.00000
      707  5.900 -22.40 0.00000
      708  5.900 -22.30 0.00000
      709  5.900 -22.20 0.00000
      710  5.900 -22.10 0.00000
      711  5.900 -22.00 0.00000
      712  5.900 -21.90 0.00000
      713  5.900 -21.80 0.00000
      714  5.900 -21.70 0.00000
      715  5.900 -21.60 0.00000
      716  5.900 -21.50 0.00000
      717  5.900 -21.40 0.00000
      718  5.900 -21.30 0.00000
      719  5.900 -21.20 0.00000
      720  5.900 -21.10 0.00000
      721  5.925 -29.00 0.82010
      722  5.925 -28.90 0.81950
      723  5.925 -28.80 0.81950
      724  5.925 -28.70 0.81950
      725  5.925 -28.60 0.81950
      726  5.925 -28.50 0.81950
      727  5.925 -28.40 0.81950
      728  5.925 -28.30 0.81950
      729  5.925 -28.20 0.81950
      730  5.925 -28.10 0.81950
      731  5.925 -28.00 0.81950
      732  5.925 -27.90 0.81950
      733  5.925 -27.80 0.81950
      734  5.925 -27.70 0.81950
      735  5.925 -27.60 0.81950
      736  5.925 -27.50 0.81950
      737  5.925 -27.40 0.81950
      738  5.925 -27.30 0.81960
      739  5.925 -27.20 0.81960
      740  5.925 -27.10 0.81990
      741  5.925 -27.00 0.82030
      742  5.925 -26.90 0.82120
      743  5.925 -26.80 0.82260
      744  5.925 -26.70 0.82520
      745  5.925 -26.60 0.82910
      746  5.925 -26.50 0.83390
      747  5.925 -26.40 0.83830
      748  5.925 -26.30 0.84170
      749  5.925 -26.20 0.84390
      750  5.925 -26.10 0.84560
      751  5.925 -26.00 0.84680
      752  5.925 -25.90 0.84770
      753  5.925 -25.80 0.84800
      754  5.925 -25.70 0.84790
      755  5.925 -25.60 0.84700
      756  5.925 -25.50 0.84520
      757  5.925 -25.40 0.84190
      758  5.925 -25.30 0.83690
      759  5.925 -25.20 0.82980
      760  5.925 -25.10 0.82010
      761  5.925 -25.00 0.80620
      762  5.925 -24.90 0.78620
      763  5.925 -24.80 0.75780
      764  5.925 -24.70 0.71890
      765  5.925 -24.60 0.66740
      766  5.925 -24.50 0.60130
      767  5.925 -24.40 0.51920
      768  5.925 -24.30 0.42230
      769  5.925 -24.20 0.31710
      770  5.925 -24.10 0.21610
      771  5.925 -24.00 0.13330
      772  5.925 -23.90 0.07550
      773  5.925 -23.80 0.04040
      774  5.925 -23.70 0.02080
      775  5.925 -23.60 0.01020
      776  5.925 -23.50 0.00000
      777  5.925 -23.40 0.00000
      778  5.925 -23.30 0.00000
      779  5.925 -23.20 0.00000
      780  5.925 -23.10 0.00000
      781  5.925 -23.00 0.00000
      782  5.925 -22.90 0.00000
      783  5.925 -22.80 0.00000
      784  5.925 -22.70 0.00000
      785  5.925 -22.60 0.00000
      786  5.925 -22.50 0.00000
      787  5.925 -22.40 0.00000
      788  5.925 -22.30 0.00000
      789  5.925 -22.20 0.00000
      790  5.925 -22.10 0.00000
      791  5.925 -22.00 0.00000
      792  5.925 -21.90 0.00000
      793  5.925 -21.80 0.00000
      794  5.925 -21.70 0.00000
      795  5.925 -21.60 0.00000
      796  5.925 -21.50 0.00000
      797  5.925 -21.40 0.00000
      798  5.925 -21.30 0.00000
      799  5.925 -21.20 0.00000
      800  5.925 -21.10 0.00000
      801  5.950 -29.00 0.83010
      802  5.950 -28.90 0.83000
      803  5.950 -28.80 0.83000
      804  5.950 -28.70 0.83000
      805  5.950 -28.60 0.83000
      806  5.950 -28.50 0.83000
      807  5.950 -28.40 0.83000
      808  5.950 -28.30 0.83000
      809  5.950 -28.20 0.83000
      810  5.950 -28.10 0.83000
      811  5.950 -28.00 0.83000
      812  5.950 -27.90 0.83000
      813  5.950 -27.80 0.83000
      814  5.950 -27.70 0.83000
      815  5.950 -27.60 0.83000
      816  5.950 -27.50 0.83010
      817  5.950 -27.40 0.83010
      818  5.950 -27.30 0.83020
      819  5.950 -27.20 0.83030
      820  5.950 -27.10 0.83070
      821  5.950 -27.00 0.83130
      822  5.950 -26.90 0.83230
      823  5.950 -26.80 0.83430
      824  5.950 -26.70 0.83760
      825  5.950 -26.60 0.84180
      826  5.950 -26.50 0.84660
      827  5.950 -26.40 0.85090
      828  5.950 -26.30 0.85450
      829  5.950 -26.20 0.85730
      830  5.950 -26.10 0.85950
      831  5.950 -26.00 0.86130
      832  5.950 -25.90 0.86260
      833  5.950 -25.80 0.86370
      834  5.950 -25.70 0.86450
      835  5.950 -25.60 0.86440
      836  5.950 -25.50 0.86290
      837  5.950 -25.40 0.86000
      838  5.950 -25.30 0.85510
      839  5.950 -25.20 0.84820
      840  5.950 -25.10 0.83830
      841  5.950 -25.00 0.82280
      842  5.950 -24.90 0.79970
      843  5.950 -24.80 0.76670
      844  5.950 -24.70 0.72160
      845  5.950 -24.60 0.66230
      846  5.950 -24.50 0.58690
      847  5.950 -24.40 0.49430
      848  5.950 -24.30 0.38900
      849  5.950 -24.20 0.28110
      850  5.950 -24.10 0.18430
      851  5.950 -24.00 0.10990
      852  5.950 -23.90 0.06070
      853  5.950 -23.80 0.03180
      854  5.950 -23.70 0.01600
      855  5.950 -23.60 0.00000
      856  5.950 -23.50 0.00000
      857  5.950 -23.40 0.00000
      858  5.950 -23.30 0.00000
      859  5.950 -23.20 0.00000
      860  5.950 -23.10 0.00000
      861  5.950 -23.00 0.00000
      862  5.950 -22.90 0.00000
      863  5.950 -22.80 0.00000
      864  5.950 -22.70 0.00000
      865  5.950 -22.60 0.00000
      866  5.950 -22.50 0.00000
      867  5.950 -22.40 0.00000
      868  5.950 -22.30 0.00000
      869  5.950 -22.20 0.00000
      870  5.950 -22.10 0.00000
      871  5.950 -22.00 0.00000
      872  5.950 -21.90 0.00000
      873  5.950 -21.80 0.00000
      874  5.950 -21.70 0.00000
      875  5.950 -21.60 0.00000
      876  5.950 -21.50 0.00000
      877  5.950 -21.40 0.00000
      878  5.950 -21.30 0.00000
      879  5.950 -21.20 0.00000
      880  5.950 -21.10 0.00000
      881  5.975 -29.00 0.83130
      882  5.975 -28.90 0.83120
      883  5.975 -28.80 0.83120
      884  5.975 -28.70 0.83120
      885  5.975 -28.60 0.83120
      886  5.975 -28.50 0.83120
      887  5.975 -28.40 0.83120
      888  5.975 -28.30 0.83120
      889  5.975 -28.20 0.83120
      890  5.975 -28.10 0.83120
      891  5.975 -28.00 0.83120
      892  5.975 -27.90 0.83120
      893  5.975 -27.80 0.83120
      894  5.975 -27.70 0.83120
      895  5.975 -27.60 0.83120
      896  5.975 -27.50 0.83120
      897  5.975 -27.40 0.83130
      898  5.975 -27.30 0.83130
      899  5.975 -27.20 0.83160
      900  5.975 -27.10 0.83200
      901  5.975 -27.00 0.83280
      902  5.975 -26.90 0.83430
      903  5.975 -26.80 0.83690
      904  5.975 -26.70 0.84060
      905  5.975 -26.60 0.84520
      906  5.975 -26.50 0.85010
      907  5.975 -26.40 0.85430
      908  5.975 -26.30 0.85810
      909  5.975 -26.20 0.86120
      910  5.975 -26.10 0.86390
      911  5.975 -26.00 0.86580
      912  5.975 -25.90 0.86730
      913  5.975 -25.80 0.86930
      914  5.975 -25.70 0.87020
      915  5.975 -25.60 0.87010
      916  5.975 -25.50 0.86850
      917  5.975 -25.40 0.86510
      918  5.975 -25.30 0.85980
      919  5.975 -25.20 0.85270
      920  5.975 -25.10 0.84130
      921  5.975 -25.00 0.82340
      922  5.975 -24.90 0.79630
      923  5.975 -24.80 0.75780
      924  5.975 -24.70 0.70560
      925  5.975 -24.60 0.63780
      926  5.975 -24.50 0.55250
      927  5.975 -24.40 0.45100
      928  5.975 -24.30 0.34150
      929  5.975 -24.20 0.23560
      930  5.975 -24.10 0.14740
      931  5.975 -24.00 0.08450
      932  5.975 -23.90 0.04550
      933  5.975 -23.80 0.02340
      934  5.975 -23.70 0.01150
      935  5.975 -23.60 0.00000
      936  5.975 -23.50 0.00000
      937  5.975 -23.40 0.00000
      938  5.975 -23.30 0.00000
      939  5.975 -23.20 0.00000
      940  5.975 -23.10 0.00000
      941  5.975 -23.00 0.00000
      942  5.975 -22.90 0.00000
      943  5.975 -22.80 0.00000
      944  5.975 -22.70 0.00000
      945  5.975 -22.60 0.00000
      946  5.975 -22.50 0.00000
      947  5.975 -22.40 0.00000
      948  5.975 -22.30 0.00000
      949  5.975 -22.20 0.00000
      950  5.975 -22.10 0.00000
      951  5.975 -22.00 0.00000
      952  5.975 -21.90 0.00000
      953  5.975 -21.80 0.00000
      954  5.975 -21.70 0.00000
      955  5.975 -21.60 0.00000
      956  5.975 -21.50 0.00000
      957  5.975 -21.40 0.00000
      958  5.975 -21.30 0.00000
      959  5.975 -21.20 0.00000
      960  5.975 -21.10 0.00000
      961  6.000 -29.00 0.83050
      962  6.000 -28.90 0.83070
      963  6.000 -28.80 0.83070
      964  6.000 -28.70 0.83070
      965  6.000 -28.60 0.83070
      966  6.000 -28.50 0.83070
      967  6.000 -28.40 0.83070
      968  6.000 -28.30 0.83070
      969  6.000 -28.20 0.83070
      970  6.000 -28.10 0.83070
      971  6.000 -28.00 0.83070
      972  6.000 -27.90 0.83070
      973  6.000 -27.80 0.83070
      974  6.000 -27.70 0.83070
      975  6.000 -27.60 0.83070
      976  6.000 -27.50 0.83070
      977  6.000 -27.40 0.83080
      978  6.000 -27.30 0.83100
      979  6.000 -27.20 0.83140
      980  6.000 -27.10 0.83190
      981  6.000 -27.00 0.83300
      982  6.000 -26.90 0.83500
      983  6.000 -26.80 0.83850
      984  6.000 -26.70 0.84290
      985  6.000 -26.60 0.84790
      986  6.000 -26.50 0.85280
      987  6.000 -26.40 0.85700
      988  6.000 -26.30 0.86050
      989  6.000 -26.20 0.86360
      990  6.000 -26.10 0.86620
      991  6.000 -26.00 0.86790
      992  6.000 -25.90 0.87010
      993  6.000 -25.80 0.87230
      994  6.000 -25.70 0.87300
      995  6.000 -25.60 0.87250
      996  6.000 -25.50 0.87010
      997  6.000 -25.40 0.86590
      998  6.000 -25.30 0.85990
      999  6.000 -25.20 0.85130
     1000  6.000 -25.10 0.83690
     1001  6.000 -25.00 0.81480
     1002  6.000 -24.90 0.78180
     1003  6.000 -24.80 0.73610
     1004  6.000 -24.70 0.67530
     1005  6.000 -24.60 0.59750
     1006  6.000 -24.50 0.50150
     1007  6.000 -24.40 0.39240
     1008  6.000 -24.30 0.28130
     1009  6.000 -24.20 0.18220
     1010  6.000 -24.10 0.10720
     1011  6.000 -24.00 0.05840
     1012  6.000 -23.90 0.03010
     1013  6.000 -23.80 0.01480
     1014  6.000 -23.70 0.00000
     1015  6.000 -23.60 0.00000
     1016  6.000 -23.50 0.00000
     1017  6.000 -23.40 0.00000
     1018  6.000 -23.30 0.00000
     1019  6.000 -23.20 0.00000
     1020  6.000 -23.10 0.00000
     1021  6.000 -23.00 0.00000
     1022  6.000 -22.90 0.00000
     1023  6.000 -22.80 0.00000
     1024  6.000 -22.70 0.00000
     1025  6.000 -22.60 0.00000
     1026  6.000 -22.50 0.00000
     1027  6.000 -22.40 0.00000
     1028  6.000 -22.30 0.00000
     1029  6.000 -22.20 0.00000
     1030  6.000 -22.10 0.00000
     1031  6.000 -22.00 0.00000
     1032  6.000 -21.90 0.00000
     1033  6.000 -21.80 0.00000
     1034  6.000 -21.70 0.00000
     1035  6.000 -21.60 0.00000
     1036  6.000 -21.50 0.00000
     1037  6.000 -21.40 0.00000
     1038  6.000 -21.30 0.00000
     1039  6.000 -21.20 0.00000
     1040  6.000 -21.10 0.00000
     1041  6.025 -29.00 0.83140
     1042  6.025 -28.90 0.83120
     1043  6.025 -28.80 0.83120
     1044  6.025 -28.70 0.83120
     1045  6.025 -28.60 0.83120
     1046  6.025 -28.50 0.83120
     1047  6.025 -28.40 0.83120
     1048  6.025 -28.30 0.83120
     1049  6.025 -28.20 0.83120
     1050  6.025 -28.10 0.83120
     1051  6.025 -28.00 0.83120
     1052  6.025 -27.90 0.83120
     1053  6.025 -27.80 0.83120
     1054  6.025 -27.70 0.83120
     1055  6.025 -27.60 0.83130
     1056  6.025 -27.50 0.83130
     1057  6.025 -27.40 0.83140
     1058  6.025 -27.30 0.83170
     1059  6.025 -27.20 0.83220
     1060  6.025 -27.10 0.83300
     1061  6.025 -27.00 0.83440
     1062  6.025 -26.90 0.83710
     1063  6.025 -26.80 0.84110
     1064  6.025 -26.70 0.84580
     1065  6.025 -26.60 0.85070
     1066  6.025 -26.50 0.85520
     1067  6.025 -26.40 0.85910
     1068  6.025 -26.30 0.86240
     1069  6.025 -26.20 0.86530
     1070  6.025 -26.10 0.86760
     1071  6.025 -26.00 0.86980
     1072  6.025 -25.90 0.87220
     1073  6.025 -25.80 0.87390
     1074  6.025 -25.70 0.87420
     1075  6.025 -25.60 0.87280
     1076  6.025 -25.50 0.86970
     1077  6.025 -25.40 0.86490
     1078  6.025 -25.30 0.85770
     1079  6.025 -25.20 0.84630
     1080  6.025 -25.10 0.82830
     1081  6.025 -25.00 0.80110
     1082  6.025 -24.90 0.76220
     1083  6.025 -24.80 0.70950
     1084  6.025 -24.70 0.64060
     1085  6.025 -24.60 0.55400
     1086  6.025 -24.50 0.45130
     1087  6.025 -24.40 0.34040
     1088  6.025 -24.30 0.23460
     1089  6.025 -24.20 0.14720
     1090  6.025 -24.10 0.08480
     1091  6.025 -24.00 0.04550
     1092  6.025 -23.90 0.02300
     1093  6.025 -23.80 0.01110
     1094  6.025 -23.70 0.00000
     1095  6.025 -23.60 0.00000
     1096  6.025 -23.50 0.00000
     1097  6.025 -23.40 0.00000
     1098  6.025 -23.30 0.00000
     1099  6.025 -23.20 0.00000
     1100  6.025 -23.10 0.00000
     1101  6.025 -23.00 0.00000
     1102  6.025 -22.90 0.00000
     1103  6.025 -22.80 0.00000
     1104  6.025 -22.70 0.00000
     1105  6.025 -22.60 0.00000
     1106  6.025 -22.50 0.00000
     1107  6.025 -22.40 0.00000
     1108  6.025 -22.30 0.00000
     1109  6.025 -22.20 0.00000
     1110  6.025 -22.10 0.00000
     1111  6.025 -22.00 0.00000
     1112  6.025 -21.90 0.00000
     1113  6.025 -21.80 0.00000
     1114  6.025 -21.70 0.00000
     1115  6.025 -21.60 0.00000
     1116  6.025 -21.50 0.00000
     1117  6.025 -21.40 0.00000
     1118  6.025 -21.30 0.00000
     1119  6.025 -21.20 0.00000
     1120  6.025 -21.10 0.00000
     1121  6.050 -29.00 0.83140
     1122  6.050 -28.90 0.83130
     1123  6.050 -28.80 0.83130
     1124  6.050 -28.70 0.83130
     1125  6.050 -28.60 0.83130
     1126  6.050 -28.50 0.83130
     1127  6.050 -28.40 0.83130
     1128  6.050 -28.30 0.83130
     1129  6.050 -28.20 0.83130
     1130  6.050 -28.10 0.83130
     1131  6.050 -28.00 0.83130
     1132  6.050 -27.90 0.83130
     1133  6.050 -27.80 0.83130
     1134  6.050 -27.70 0.83140
     1135  6.050 -27.60 0.83140
     1136  6.050 -27.50 0.83150
     1137  6.050 -27.40 0.83170
     1138  6.050 -27.30 0.83200
     1139  6.050 -27.20 0.83260
     1140  6.050 -27.10 0.83370
     1141  6.050 -27.00 0.83560
     1142  6.050 -26.90 0.83890
     1143  6.050 -26.80 0.84310
     1144  6.050 -26.70 0.84810
     1145  6.050 -26.60 0.85300
     1146  6.050 -26.50 0.85710
     1147  6.050 -26.40 0.86080
     1148  6.050 -26.30 0.86390
     1149  6.050 -26.20 0.86660
     1150  6.050 -26.10 0.86870
     1151  6.050 -26.00 0.87120
     1152  6.050 -25.90 0.87350
     1153  6.050 -25.80 0.87450
     1154  6.050 -25.70 0.87430
     1155  6.050 -25.60 0.87230
     1156  6.050 -25.50 0.86830
     1157  6.050 -25.40 0.86250
     1158  6.050 -25.30 0.85380
     1159  6.050 -25.20 0.83950
     1160  6.050 -25.10 0.81780
     1161  6.050 -25.00 0.78580
     1162  6.050 -24.90 0.74120
     1163  6.050 -24.80 0.68160
     1164  6.050 -24.70 0.60500
     1165  6.050 -24.60 0.51100
     1166  6.050 -24.50 0.40410
     1167  6.050 -24.40 0.29430
     1168  6.050 -24.30 0.19500
     1169  6.050 -24.20 0.11790
     1170  6.050 -24.10 0.06600
     1171  6.050 -24.00 0.03490
     1172  6.050 -23.90 0.01770
     1173  6.050 -23.80 0.00000
     1174  6.050 -23.70 0.00000
     1175  6.050 -23.60 0.00000
     1176  6.050 -23.50 0.00000
     1177  6.050 -23.40 0.00000
     1178  6.050 -23.30 0.00000
     1179  6.050 -23.20 0.00000
     1180  6.050 -23.10 0.00000
     1181  6.050 -23.00 0.00000
     1182  6.050 -22.90 0.00000
     1183  6.050 -22.80 0.00000
     1184  6.050 -22.70 0.00000
     1185  6.050 -22.60 0.00000
     1186  6.050 -22.50 0.00000
     1187  6.050 -22.40 0.00000
     1188  6.050 -22.30 0.00000
     1189  6.050 -22.20 0.00000
     1190  6.050 -22.10 0.00000
     1191  6.050 -22.00 0.00000
     1192  6.050 -21.90 0.00000
     1193  6.050 -21.80 0.00000
     1194  6.050 -21.70 0.00000
     1195  6.050 -21.60 0.00000
     1196  6.050 -21.50 0.00000
     1197  6.050 -21.40 0.00000
     1198  6.050 -21.30 0.00000
     1199  6.050 -21.20 0.00000
     1200  6.050 -21.10 0.00000
     1201  6.075 -29.00 0.83070
     1202  6.075 -28.90 0.83080
     1203  6.075 -28.80 0.83080
     1204  6.075 -28.70 0.83080
     1205  6.075 -28.60 0.83080
     1206  6.075 -28.50 0.83080
     1207  6.075 -28.40 0.83080
     1208  6.075 -28.30 0.83080
     1209  6.075 -28.20 0.83080
     1210  6.075 -28.10 0.83080
     1211  6.075 -28.00 0.83080
     1212  6.075 -27.90 0.83080
     1213  6.075 -27.80 0.83080
     1214  6.075 -27.70 0.83090
     1215  6.075 -27.60 0.83090
     1216  6.075 -27.50 0.83110
     1217  6.075 -27.40 0.83140
     1218  6.075 -27.30 0.83190
     1219  6.075 -27.20 0.83280
     1220  6.075 -27.10 0.83440
     1221  6.075 -27.00 0.83740
     1222  6.075 -26.90 0.84140
     1223  6.075 -26.80 0.84630
     1224  6.075 -26.70 0.85140
     1225  6.075 -26.60 0.85590
     1226  6.075 -26.50 0.85970
     1227  6.075 -26.40 0.86300
     1228  6.075 -26.30 0.86600
     1229  6.075 -26.20 0.86830
     1230  6.075 -26.10 0.87070
     1231  6.075 -26.00 0.87330
     1232  6.075 -25.90 0.87460
     1233  6.075 -25.80 0.87480
     1234  6.075 -25.70 0.87350
     1235  6.075 -25.60 0.87040
     1236  6.075 -25.50 0.86510
     1237  6.075 -25.40 0.85780
     1238  6.075 -25.30 0.84560
     1239  6.075 -25.20 0.82650
     1240  6.075 -25.10 0.79800
     1241  6.075 -25.00 0.75770
     1242  6.075 -24.90 0.70300
     1243  6.075 -24.80 0.63170
     1244  6.075 -24.70 0.54260
     1245  6.075 -24.60 0.43880
     1246  6.075 -24.50 0.32870
     1247  6.075 -24.40 0.22460
     1248  6.075 -24.30 0.13970
     1249  6.075 -24.20 0.08000
     1250  6.075 -24.10 0.04310
     1251  6.075 -24.00 0.02200
     1252  6.075 -23.90 0.01080
     1253  6.075 -23.80 0.00000
     1254  6.075 -23.70 0.00000
     1255  6.075 -23.60 0.00000
     1256  6.075 -23.50 0.00000
     1257  6.075 -23.40 0.00000
     1258  6.075 -23.30 0.00000
     1259  6.075 -23.20 0.00000
     1260  6.075 -23.10 0.00000
     1261  6.075 -23.00 0.00000
     1262  6.075 -22.90 0.00000
     1263  6.075 -22.80 0.00000
     1264  6.075 -22.70 0.00000
     1265  6.075 -22.60 0.00000
     1266  6.075 -22.50 0.00000
     1267  6.075 -22.40 0.00000
     1268  6.075 -22.30 0.00000
     1269  6.075 -22.20 0.00000
     1270  6.075 -22.10 0.00000
     1271  6.075 -22.00 0.00000
     1272  6.075 -21.90 0.00000
     1273  6.075 -21.80 0.00000
     1274  6.075 -21.70 0.00000
     1275  6.075 -21.60 0.00000
     1276  6.075 -21.50 0.00000
     1277  6.075 -21.40 0.00000
     1278  6.075 -21.30 0.00000
     1279  6.075 -21.20 0.00000
     1280  6.075 -21.10 0.00000
     1281  6.100 -29.00 0.83110
     1282  6.100 -28.90 0.83100
     1283  6.100 -28.80 0.83100
     1284  6.100 -28.70 0.83100
     1285  6.100 -28.60 0.83100
     1286  6.100 -28.50 0.83100
     1287  6.100 -28.40 0.83100
     1288  6.100 -28.30 0.83100
     1289  6.100 -28.20 0.83100
     1290  6.100 -28.10 0.83100
     1291  6.100 -28.00 0.83100
     1292  6.100 -27.90 0.83100
     1293  6.100 -27.80 0.83100
     1294  6.100 -27.70 0.83110
     1295  6.100 -27.60 0.83120
     1296  6.100 -27.50 0.83140
     1297  6.100 -27.40 0.83180
     1298  6.100 -27.30 0.83250
     1299  6.100 -27.20 0.83380
     1300  6.100 -27.10 0.83610
     1301  6.100 -27.00 0.83970
     1302  6.100 -26.90 0.84430
     1303  6.100 -26.80 0.84940
     1304  6.100 -26.70 0.85420
     1305  6.100 -26.60 0.85820
     1306  6.100 -26.50 0.86170
     1307  6.100 -26.40 0.86490
     1308  6.100 -26.30 0.86740
     1309  6.100 -26.20 0.86970
     1310  6.100 -26.10 0.87240
     1311  6.100 -26.00 0.87430
     1312  6.100 -25.90 0.87510
     1313  6.100 -25.80 0.87460
     1314  6.100 -25.70 0.87220
     1315  6.100 -25.60 0.86790
     1316  6.100 -25.50 0.86150
     1317  6.100 -25.40 0.85160
     1318  6.100 -25.30 0.83560
     1319  6.100 -25.20 0.81140
     1320  6.100 -25.10 0.77640
     1321  6.100 -25.00 0.72830
     1322  6.100 -24.90 0.66470
     1323  6.100 -24.80 0.58350
     1324  6.100 -24.70 0.48610
     1325  6.100 -24.60 0.37810
     1326  6.100 -24.50 0.27030
     1327  6.100 -24.40 0.17620
     1328  6.100 -24.30 0.10540
     1329  6.100 -24.20 0.05900
     1330  6.100 -24.10 0.03130
     1331  6.100 -24.00 0.01570
     1332  6.100 -23.90 0.00000
     1333  6.100 -23.80 0.00000
     1334  6.100 -23.70 0.00000
     1335  6.100 -23.60 0.00000
     1336  6.100 -23.50 0.00000
     1337  6.100 -23.40 0.00000
     1338  6.100 -23.30 0.00000
     1339  6.100 -23.20 0.00000
     1340  6.100 -23.10 0.00000
     1341  6.100 -23.00 0.00000
     1342  6.100 -22.90 0.00000
     1343  6.100 -22.80 0.00000
     1344  6.100 -22.70 0.00000
     1345  6.100 -22.60 0.00000
     1346  6.100 -22.50 0.00000
     1347  6.100 -22.40 0.00000
     1348  6.100 -22.30 0.00000
     1349  6.100 -22.20 0.00000
     1350  6.100 -22.10 0.00000
     1351  6.100 -22.00 0.00000
     1352  6.100 -21.90 0.00000
     1353  6.100 -21.80 0.00000
     1354  6.100 -21.70 0.00000
     1355  6.100 -21.60 0.00000
     1356  6.100 -21.50 0.00000
     1357  6.100 -21.40 0.00000
     1358  6.100 -21.30 0.00000
     1359  6.100 -21.20 0.00000
     1360  6.100 -21.10 0.00000
     1361  6.125 -29.00 0.83120
     1362  6.125 -28.90 0.83110
     1363  6.125 -28.80 0.83110
     1364  6.125 -28.70 0.83110
     1365  6.125 -28.60 0.83110
     1366  6.125 -28.50 0.83110
     1367  6.125 -28.40 0.83110
     1368  6.125 -28.30 0.83110
     1369  6.125 -28.20 0.83110
     1370  6.125 -28.10 0.83110
     1371  6.125 -28.00 0.83110
     1372  6.125 -27.90 0.83110
     1373  6.125 -27.80 0.83120
     1374  6.125 -27.70 0.83120
     1375  6.125 -27.60 0.83140
     1376  6.125 -27.50 0.83180
     1377  6.125 -27.40 0.83220
     1378  6.125 -27.30 0.83320
     1379  6.125 -27.20 0.83500
     1380  6.125 -27.10 0.83800
     1381  6.125 -27.00 0.84210
     1382  6.125 -26.90 0.84710
     1383  6.125 -26.80 0.85220
     1384  6.125 -26.70 0.85650
     1385  6.125 -26.60 0.86020
     1386  6.125 -26.50 0.86360
     1387  6.125 -26.40 0.86660
     1388  6.125 -26.30 0.86880
     1389  6.125 -26.20 0.87130
     1390  6.125 -26.10 0.87390
     1391  6.125 -26.00 0.87510
     1392  6.125 -25.90 0.87520
     1393  6.125 -25.80 0.87370
     1394  6.125 -25.70 0.87010
     1395  6.125 -25.60 0.86460
     1396  6.125 -25.50 0.85660
     1397  6.125 -25.40 0.84360
     1398  6.125 -25.30 0.82340
     1399  6.125 -25.20 0.79360
     1400  6.125 -25.10 0.75200
     1401  6.125 -25.00 0.69600
     1402  6.125 -24.90 0.62310
     1403  6.125 -24.80 0.53260
     1404  6.125 -24.70 0.42790
     1405  6.125 -24.60 0.31770
     1406  6.125 -24.50 0.21490
     1407  6.125 -24.40 0.13210
     1408  6.125 -24.30 0.07490
     1409  6.125 -24.20 0.03980
     1410  6.125 -24.10 0.01990
     1411  6.125 -24.00 0.00000
     1412  6.125 -23.90 0.00000
     1413  6.125 -23.80 0.00000
     1414  6.125 -23.70 0.00000
     1415  6.125 -23.60 0.00000
     1416  6.125 -23.50 0.00000
     1417  6.125 -23.40 0.00000
     1418  6.125 -23.30 0.00000
     1419  6.125 -23.20 0.00000
     1420  6.125 -23.10 0.00000
     1421  6.125 -23.00 0.00000
     1422  6.125 -22.90 0.00000
     1423  6.125 -22.80 0.00000
     1424  6.125 -22.70 0.00000
     1425  6.125 -22.60 0.00000
     1426  6.125 -22.50 0.00000
     1427  6.125 -22.40 0.00000
     1428  6.125 -22.30 0.00000
     1429  6.125 -22.20 0.00000
     1430  6.125 -22.10 0.00000
     1431  6.125 -22.00 0.00000
     1432  6.125 -21.90 0.00000
     1433  6.125 -21.80 0.00000
     1434  6.125 -21.70 0.00000
     1435  6.125 -21.60 0.00000
     1436  6.125 -21.50 0.00000
     1437  6.125 -21.40 0.00000
     1438  6.125 -21.30 0.00000
     1439  6.125 -21.20 0.00000
     1440  6.125 -21.10 0.00000
     1441  6.150 -29.00 0.83110
     1442  6.150 -28.90 0.83100
     1443  6.150 -28.80 0.83100
     1444  6.150 -28.70 0.83100
     1445  6.150 -28.60 0.83100
     1446  6.150 -28.50 0.83100
     1447  6.150 -28.40 0.83100
     1448  6.150 -28.30 0.83100
     1449  6.150 -28.20 0.83100
     1450  6.150 -28.10 0.83100
     1451  6.150 -28.00 0.83100
     1452  6.150 -27.90 0.83110
     1453  6.150 -27.80 0.83110
     1454  6.150 -27.70 0.83130
     1455  6.150 -27.60 0.83150
     1456  6.150 -27.50 0.83190
     1457  6.150 -27.40 0.83270
     1458  6.150 -27.30 0.83400
     1459  6.150 -27.20 0.83650
     1460  6.150 -27.10 0.84020
     1461  6.150 -27.00 0.84480
     1462  6.150 -26.90 0.84980
     1463  6.150 -26.80 0.85440
     1464  6.150 -26.70 0.85840
     1465  6.150 -26.60 0.86210
     1466  6.150 -26.50 0.86530
     1467  6.150 -26.40 0.86790
     1468  6.150 -26.30 0.87040
     1469  6.150 -26.20 0.87300
     1470  6.150 -26.10 0.87480
     1471  6.150 -26.00 0.87550
     1472  6.150 -25.90 0.87460
     1473  6.150 -25.80 0.87200
     1474  6.150 -25.70 0.86760
     1475  6.150 -25.60 0.86090
     1476  6.150 -25.50 0.85020
     1477  6.150 -25.40 0.83340
     1478  6.150 -25.30 0.80820
     1479  6.150 -25.20 0.77210
     1480  6.150 -25.10 0.72280
     1481  6.150 -25.00 0.65780
     1482  6.150 -24.90 0.57560
     1483  6.150 -24.80 0.47730
     1484  6.150 -24.70 0.36920
     1485  6.150 -24.60 0.26270
     1486  6.150 -24.50 0.17100
     1487  6.150 -24.40 0.10250
     1488  6.150 -24.30 0.05720
     1489  6.150 -24.20 0.02990
     1490  6.150 -24.10 0.01460
     1491  6.150 -24.00 0.00000
     1492  6.150 -23.90 0.00000
     1493  6.150 -23.80 0.00000
     1494  6.150 -23.70 0.00000
     1495  6.150 -23.60 0.00000
     1496  6.150 -23.50 0.00000
     1497  6.150 -23.40 0.00000
     1498  6.150 -23.30 0.00000
     1499  6.150 -23.20 0.00000
     1500  6.150 -23.10 0.00000
     1501  6.150 -23.00 0.00000
     1502  6.150 -22.90 0.00000
     1503  6.150 -22.80 0.00000
     1504  6.150 -22.70 0.00000
     1505  6.150 -22.60 0.00000
     1506  6.150 -22.50 0.00000
     1507  6.150 -22.40 0.00000
     1508  6.150 -22.30 0.00000
     1509  6.150 -22.20 0.00000
     1510  6.150 -22.10 0.00000
     1511  6.150 -22.00 0.00000
     1512  6.150 -21.90 0.00000
     1513  6.150 -21.80 0.00000
     1514  6.150 -21.70 0.00000
     1515  6.150 -21.60 0.00000
     1516  6.150 -21.50 0.00000
     1517  6.150 -21.40 0.00000
     1518  6.150 -21.30 0.00000
     1519  6.150 -21.20 0.00000
     1520  6.150 -21.10 0.00000
     1521  6.175 -29.00 0.83150
     1522  6.175 -28.90 0.83090
     1523  6.175 -28.80 0.83090
     1524  6.175 -28.70 0.83090
     1525  6.175 -28.60 0.83090
     1526  6.175 -28.50 0.83090
     1527  6.175 -28.40 0.83090
     1528  6.175 -28.30 0.83090
     1529  6.175 -28.20 0.83090
     1530  6.175 -28.10 0.83090
     1531  6.175 -28.00 0.83090
     1532  6.175 -27.90 0.83100
     1533  6.175 -27.80 0.83110
     1534  6.175 -27.70 0.83130
     1535  6.175 -27.60 0.83160
     1536  6.175 -27.50 0.83220
     1537  6.175 -27.40 0.83320
     1538  6.175 -27.30 0.83500
     1539  6.175 -27.20 0.83820
     1540  6.175 -27.10 0.84220
     1541  6.175 -27.00 0.84710
     1542  6.175 -26.90 0.85210
     1543  6.175 -26.80 0.85640
     1544  6.175 -26.70 0.86030
     1545  6.175 -26.60 0.86370
     1546  6.175 -26.50 0.86680
     1547  6.175 -26.40 0.86930
     1548  6.175 -26.30 0.87180
     1549  6.175 -26.20 0.87420
     1550  6.175 -26.10 0.87520
     1551  6.175 -26.00 0.87510
     1552  6.175 -25.90 0.87340
     1553  6.175 -25.80 0.86990
     1554  6.175 -25.70 0.86420
     1555  6.175 -25.60 0.85570
     1556  6.175 -25.50 0.84200
     1557  6.175 -25.40 0.82110
     1558  6.175 -25.30 0.79050
     1559  6.175 -25.20 0.74790
     1560  6.175 -25.10 0.69100
     1561  6.175 -25.00 0.61760
     1562  6.175 -24.90 0.52730
     1563  6.175 -24.80 0.42380
     1564  6.175 -24.70 0.31580
     1565  6.175 -24.60 0.21580
     1566  6.175 -24.50 0.13510
     1567  6.175 -24.40 0.07830
     1568  6.175 -24.30 0.04250
     1569  6.175 -24.20 0.02180
     1570  6.175 -24.10 0.01070
     1571  6.175 -24.00 0.00000
     1572  6.175 -23.90 0.00000
     1573  6.175 -23.80 0.00000
     1574  6.175 -23.70 0.00000
     1575  6.175 -23.60 0.00000
     1576  6.175 -23.50 0.00000
     1577  6.175 -23.40 0.00000
     1578  6.175 -23.30 0.00000
     1579  6.175 -23.20 0.00000
     1580  6.175 -23.10 0.00000
     1581  6.175 -23.00 0.00000
     1582  6.175 -22.90 0.00000
     1583  6.175 -22.80 0.00000
     1584  6.175 -22.70 0.00000
     1585  6.175 -22.60 0.00000
     1586  6.175 -22.50 0.00000
     1587  6.175 -22.40 0.00000
     1588  6.175 -22.30 0.00000
     1589  6.175 -22.20 0.00000
     1590  6.175 -22.10 0.00000
     1591  6.175 -22.00 0.00000
     1592  6.175 -21.90 0.00000
     1593  6.175 -21.80 0.00000
     1594  6.175 -21.70 0.00000
     1595  6.175 -21.60 0.00000
     1596  6.175 -21.50 0.00000
     1597  6.175 -21.40 0.00000
     1598  6.175 -21.30 0.00000
     1599  6.175 -21.20 0.00000
     1600  6.175 -21.10 0.00000
     1601  6.200 -29.00 0.83120
     1602  6.200 -28.90 0.83140
     1603  6.200 -28.80 0.83140
     1604  6.200 -28.70 0.83140
     1605  6.200 -28.60 0.83140
     1606  6.200 -28.50 0.83140
     1607  6.200 -28.40 0.83140
     1608  6.200 -28.30 0.83140
     1609  6.200 -28.20 0.83140
     1610  6.200 -28.10 0.83140
     1611  6.200 -28.00 0.83150
     1612  6.200 -27.90 0.83150
     1613  6.200 -27.80 0.83170
     1614  6.200 -27.70 0.83200
     1615  6.200 -27.60 0.83250
     1616  6.200 -27.50 0.83340
     1617  6.200 -27.40 0.83490
     1618  6.200 -27.30 0.83780
     1619  6.200 -27.20 0.84170
     1620  6.200 -27.10 0.84640
     1621  6.200 -27.00 0.85140
     1622  6.200 -26.90 0.85580
     1623  6.200 -26.80 0.85970
     1624  6.200 -26.70 0.86320
     1625  6.200 -26.60 0.86640
     1626  6.200 -26.50 0.86900
     1627  6.200 -26.40 0.87150
     1628  6.200 -26.30 0.87380
     1629  6.200 -26.20 0.87520
     1630  6.200 -26.10 0.87530
     1631  6.200 -26.00 0.87390
     1632  6.200 -25.90 0.87080
     1633  6.200 -25.80 0.86570
     1634  6.200 -25.70 0.85810
     1635  6.200 -25.60 0.84590
     1636  6.200 -25.50 0.82680
     1637  6.200 -25.40 0.79840
     1638  6.200 -25.30 0.75830
     1639  6.200 -25.20 0.70420
     1640  6.200 -25.10 0.63380
     1641  6.200 -25.00 0.54590
     1642  6.200 -24.90 0.44330
     1643  6.200 -24.80 0.33400
     1644  6.200 -24.70 0.23040
     1645  6.200 -24.60 0.14500
     1646  6.200 -24.50 0.08440
     1647  6.200 -24.40 0.04630
     1648  6.200 -24.30 0.02410
     1649  6.200 -24.20 0.01180
     1650  6.200 -24.10 0.00000
     1651  6.200 -24.00 0.00000
     1652  6.200 -23.90 0.00000
     1653  6.200 -23.80 0.00000
     1654  6.200 -23.70 0.00000
     1655  6.200 -23.60 0.00000
     1656  6.200 -23.50 0.00000
     1657  6.200 -23.40 0.00000
     1658  6.200 -23.30 0.00000
     1659  6.200 -23.20 0.00000
     1660  6.200 -23.10 0.00000
     1661  6.200 -23.00 0.00000
     1662  6.200 -22.90 0.00000
     1663  6.200 -22.80 0.00000
     1664  6.200 -22.70 0.00000
     1665  6.200 -22.60 0.00000
     1666  6.200 -22.50 0.00000
     1667  6.200 -22.40 0.00000
     1668  6.200 -22.30 0.00000
     1669  6.200 -22.20 0.00000
     1670  6.200 -22.10 0.00000
     1671  6.200 -22.00 0.00000
     1672  6.200 -21.90 0.00000
     1673  6.200 -21.80 0.00000
     1674  6.200 -21.70 0.00000
     1675  6.200 -21.60 0.00000
     1676  6.200 -21.50 0.00000
     1677  6.200 -21.40 0.00000
     1678  6.200 -21.30 0.00000
     1679  6.200 -21.20 0.00000
     1680  6.200 -21.10 0.00000
     1681  6.225 -29.00 0.82810
     1682  6.225 -28.90 0.82930
     1683  6.225 -28.80 0.82930
     1684  6.225 -28.70 0.82930
     1685  6.225 -28.60 0.82930
     1686  6.225 -28.50 0.82930
     1687  6.225 -28.40 0.82930
     1688  6.225 -28.30 0.82930
     1689  6.225 -28.20 0.82930
     1690  6.225 -28.10 0.82930
     1691  6.225 -28.00 0.82940
     1692  6.225 -27.90 0.82950
     1693  6.225 -27.80 0.82970
     1694  6.225 -27.70 0.83010
     1695  6.225 -27.60 0.83070
     1696  6.225 -27.50 0.83180
     1697  6.225 -27.40 0.83390
     1698  6.225 -27.30 0.83710
     1699  6.225 -27.20 0.84120
     1700  6.225 -27.10 0.84600
     1701  6.225 -27.00 0.85060
     1702  6.225 -26.90 0.85460
     1703  6.225 -26.80 0.85810
     1704  6.225 -26.70 0.86140
     1705  6.225 -26.60 0.86420
     1706  6.225 -26.50 0.86660
     1707  6.225 -26.40 0.86910
     1708  6.225 -26.30 0.87100
     1709  6.225 -26.20 0.87160
     1710  6.225 -26.10 0.87090
     1711  6.225 -26.00 0.86870
     1712  6.225 -25.90 0.86460
     1713  6.225 -25.80 0.85820
     1714  6.225 -25.70 0.84830
     1715  6.225 -25.60 0.83280
     1716  6.225 -25.50 0.80930
     1717  6.225 -25.40 0.77530
     1718  6.225 -25.30 0.72890
     1719  6.225 -25.20 0.66760
     1720  6.225 -25.10 0.58950
     1721  6.225 -25.00 0.49510
     1722  6.225 -24.90 0.38980
     1723  6.225 -24.80 0.28370
     1724  6.225 -24.70 0.18930
     1725  6.225 -24.60 0.11640
     1726  6.225 -24.50 0.06710
     1727  6.225 -24.40 0.03670
     1728  6.225 -24.30 0.01900
     1729  6.225 -24.20 0.00000
     1730  6.225 -24.10 0.00000
     1731  6.225 -24.00 0.00000
     1732  6.225 -23.90 0.00000
     1733  6.225 -23.80 0.00000
     1734  6.225 -23.70 0.00000
     1735  6.225 -23.60 0.00000
     1736  6.225 -23.50 0.00000
     1737  6.225 -23.40 0.00000
     1738  6.225 -23.30 0.00000
     1739  6.225 -23.20 0.00000
     1740  6.225 -23.10 0.00000
     1741  6.225 -23.00 0.00000
     1742  6.225 -22.90 0.00000
     1743  6.225 -22.80 0.00000
     1744  6.225 -22.70 0.00000
     1745  6.225 -22.60 0.00000
     1746  6.225 -22.50 0.00000
     1747  6.225 -22.40 0.00000
     1748  6.225 -22.30 0.00000
     1749  6.225 -22.20 0.00000
     1750  6.225 -22.10 0.00000
     1751  6.225 -22.00 0.00000
     1752  6.225 -21.90 0.00000
     1753  6.225 -21.80 0.00000
     1754  6.225 -21.70 0.00000
     1755  6.225 -21.60 0.00000
     1756  6.225 -21.50 0.00000
     1757  6.225 -21.40 0.00000
     1758  6.225 -21.30 0.00000
     1759  6.225 -21.20 0.00000
     1760  6.225 -21.10 0.00000
     1761  6.250 -29.00 0.82460
     1762  6.250 -28.90 0.82410
     1763  6.250 -28.80 0.82410
     1764  6.250 -28.70 0.82410
     1765  6.250 -28.60 0.82410
     1766  6.250 -28.50 0.82410
     1767  6.250 -28.40 0.82410
     1768  6.250 -28.30 0.82410
     1769  6.250 -28.20 0.82410
     1770  6.250 -28.10 0.82420
     1771  6.250 -28.00 0.82430
     1772  6.250 -27.90 0.82450
     1773  6.250 -27.80 0.82480
     1774  6.250 -27.70 0.82530
     1775  6.250 -27.60 0.82610
     1776  6.250 -27.50 0.82760
     1777  6.250 -27.40 0.83030
     1778  6.250 -27.30 0.83390
     1779  6.250 -27.20 0.83840
     1780  6.250 -27.10 0.84310
     1781  6.250 -27.00 0.84720
     1782  6.250 -26.90 0.85080
     1783  6.250 -26.80 0.85400
     1784  6.250 -26.70 0.85690
     1785  6.250 -26.60 0.85920
     1786  6.250 -26.50 0.86160
     1787  6.250 -26.40 0.86380
     1788  6.250 -26.30 0.86490
     1789  6.250 -26.20 0.86480
     1790  6.250 -26.10 0.86330
     1791  6.250 -26.00 0.85980
     1792  6.250 -25.90 0.85430
     1793  6.250 -25.80 0.84600
     1794  6.250 -25.70 0.83290
     1795  6.250 -25.60 0.81270
     1796  6.250 -25.50 0.78330
     1797  6.250 -25.40 0.74250
     1798  6.250 -25.30 0.68800
     1799  6.250 -25.20 0.61750
     1800  6.250 -25.10 0.53020
     1801  6.250 -25.00 0.42890
     1802  6.250 -24.90 0.32160
     1803  6.250 -24.80 0.22070
     1804  6.250 -24.70 0.13840
     1805  6.250 -24.60 0.08040
     1806  6.250 -24.50 0.04410
     1807  6.250 -24.40 0.02290
     1808  6.250 -24.30 0.01130
     1809  6.250 -24.20 0.00000
     1810  6.250 -24.10 0.00000
     1811  6.250 -24.00 0.00000
     1812  6.250 -23.90 0.00000
     1813  6.250 -23.80 0.00000
     1814  6.250 -23.70 0.00000
     1815  6.250 -23.60 0.00000
     1816  6.250 -23.50 0.00000
     1817  6.250 -23.40 0.00000
     1818  6.250 -23.30 0.00000
     1819  6.250 -23.20 0.00000
     1820  6.250 -23.10 0.00000
     1821  6.250 -23.00 0.00000
     1822  6.250 -22.90 0.00000
     1823  6.250 -22.80 0.00000
     1824  6.250 -22.70 0.00000
     1825  6.250 -22.60 0.00000
     1826  6.250 -22.50 0.00000
     1827  6.250 -22.40 0.00000
     1828  6.250 -22.30 0.00000
     1829  6.250 -22.20 0.00000
     1830  6.250 -22.10 0.00000
     1831  6.250 -22.00 0.00000
     1832  6.250 -21.90 0.00000
     1833  6.250 -21.80 0.00000
     1834  6.250 -21.70 0.00000
     1835  6.250 -21.60 0.00000
     1836  6.250 -21.50 0.00000
     1837  6.250 -21.40 0.00000
     1838  6.250 -21.30 0.00000
     1839  6.250 -21.20 0.00000
     1840  6.250 -21.10 0.00000
     1841  6.275 -29.00 0.82150
     1842  6.275 -28.90 0.81810
     1843  6.275 -28.80 0.81810
     1844  6.275 -28.70 0.81810
     1845  6.275 -28.60 0.81810
     1846  6.275 -28.50 0.81810
     1847  6.275 -28.40 0.81810
     1848  6.275 -28.30 0.81810
     1849  6.275 -28.20 0.81810
     1850  6.275 -28.10 0.81820
     1851  6.275 -28.00 0.81830
     1852  6.275 -27.90 0.81860
     1853  6.275 -27.80 0.81900
     1854  6.275 -27.70 0.81960
     1855  6.275 -27.60 0.82090
     1856  6.275 -27.50 0.82310
     1857  6.275 -27.40 0.82620
     1858  6.275 -27.30 0.83020
     1859  6.275 -27.20 0.83470
     1860  6.275 -27.10 0.83900
     1861  6.275 -27.00 0.84270
     1862  6.275 -26.90 0.84600
     1863  6.275 -26.80 0.84900
     1864  6.275 -26.70 0.85140
     1865  6.275 -26.60 0.85370
     1866  6.275 -26.50 0.85590
     1867  6.275 -26.40 0.85740
     1868  6.275 -26.30 0.85780
     1869  6.275 -26.20 0.85690
     1870  6.275 -26.10 0.85430
     1871  6.275 -26.00 0.84970
     1872  6.275 -25.90 0.84260
     1873  6.275 -25.80 0.83140
     1874  6.275 -25.70 0.81410
     1875  6.275 -25.60 0.78850
     1876  6.275 -25.50 0.75250
     1877  6.275 -25.40 0.70390
     1878  6.275 -25.30 0.64020
     1879  6.275 -25.20 0.55980
     1880  6.275 -25.10 0.46450
     1881  6.275 -25.00 0.36050
     1882  6.275 -24.90 0.25830
     1883  6.275 -24.80 0.17000
     1884  6.275 -24.70 0.10350
     1885  6.275 -24.60 0.05900
     1886  6.275 -24.50 0.03180
     1887  6.275 -24.40 0.01620
     1888  6.275 -24.30 0.00000
     1889  6.275 -24.20 0.00000
     1890  6.275 -24.10 0.00000
     1891  6.275 -24.00 0.00000
     1892  6.275 -23.90 0.00000
     1893  6.275 -23.80 0.00000
     1894  6.275 -23.70 0.00000
     1895  6.275 -23.60 0.00000
     1896  6.275 -23.50 0.00000
     1897  6.275 -23.40 0.00000
     1898  6.275 -23.30 0.00000
     1899  6.275 -23.20 0.00000
     1900  6.275 -23.10 0.00000
     1901  6.275 -23.00 0.00000
     1902  6.275 -22.90 0.00000
     1903  6.275 -22.80 0.00000
     1904  6.275 -22.70 0.00000
     1905  6.275 -22.60 0.00000
     1906  6.275 -22.50 0.00000
     1907  6.275 -22.40 0.00000
     1908  6.275 -22.30 0.00000
     1909  6.275 -22.20 0.00000
     1910  6.275 -22.10 0.00000
     1911  6.275 -22.00 0.00000
     1912  6.275 -21.90 0.00000
     1913  6.275 -21.80 0.00000
     1914  6.275 -21.70 0.00000
     1915  6.275 -21.60 0.00000
     1916  6.275 -21.50 0.00000
     1917  6.275 -21.40 0.00000
     1918  6.275 -21.30 0.00000
     1919  6.275 -21.20 0.00000
     1920  6.275 -21.10 0.00000
     1921  6.300 -29.00 0.81050
     1922  6.300 -28.90 0.81140
     1923  6.300 -28.80 0.81140
     1924  6.300 -28.70 0.81140
     1925  6.300 -28.60 0.81140
     1926  6.300 -28.50 0.81140
     1927  6.300 -28.40 0.81140
     1928  6.300 -28.30 0.81140
     1929  6.300 -28.20 0.81150
     1930  6.300 -28.10 0.81160
     1931  6.300 -28.00 0.81180
     1932  6.300 -27.90 0.81220
     1933  6.300 -27.80 0.81270
     1934  6.300 -27.70 0.81350
     1935  6.300 -27.60 0.81530
     1936  6.300 -27.50 0.81800
     1937  6.300 -27.40 0.82150
     1938  6.300 -27.30 0.82590
     1939  6.300 -27.20 0.83060
     1940  6.300 -27.10 0.83460
     1941  6.300 -27.00 0.83810
     1942  6.300 -26.90 0.84150
     1943  6.300 -26.80 0.84420
     1944  6.300 -26.70 0.84650
     1945  6.300 -26.60 0.84880
     1946  6.300 -26.50 0.85090
     1947  6.300 -26.40 0.85170
     1948  6.300 -26.30 0.85150
     1949  6.300 -26.20 0.84990
     1950  6.300 -26.10 0.84620
     1951  6.300 -26.00 0.84040
     1952  6.300 -25.90 0.83160
     1953  6.300 -25.80 0.81780
     1954  6.300 -25.70 0.79670
     1955  6.300 -25.60 0.76630
     1956  6.300 -25.50 0.72460
     1957  6.300 -25.40 0.66960
     1958  6.300 -25.30 0.59860
     1959  6.300 -25.20 0.51130
     1960  6.300 -25.10 0.41160
     1961  6.300 -25.00 0.30790
     1962  6.300 -24.90 0.21140
     1963  6.300 -24.80 0.13330
     1964  6.300 -24.70 0.07820
     1965  6.300 -24.60 0.04320
     1966  6.300 -24.50 0.02270
     1967  6.300 -24.40 0.01160
     1968  6.300 -24.30 0.00000
     1969  6.300 -24.20 0.00000
     1970  6.300 -24.10 0.00000
     1971  6.300 -24.00 0.00000
     1972  6.300 -23.90 0.00000
     1973  6.300 -23.80 0.00000
     1974  6.300 -23.70 0.00000
     1975  6.300 -23.60 0.00000
     1976  6.300 -23.50 0.00000
     1977  6.300 -23.40 0.00000
     1978  6.300 -23.30 0.00000
     1979  6.300 -23.20 0.00000
     1980  6.300 -23.10 0.00000
     1981  6.300 -23.00 0.00000
     1982  6.300 -22.90 0.00000
     1983  6.300 -22.80 0.00000
     1984  6.300 -22.70 0.00000
     1985  6.300 -22.60 0.00000
     1986  6.300 -22.50 0.00000
     1987  6.300 -22.40 0.00000
     1988  6.300 -22.30 0.00000
     1989  6.300 -22.20 0.00000
     1990  6.300 -22.10 0.00000
     1991  6.300 -22.00 0.00000
     1992  6.300 -21.90 0.00000
     1993  6.300 -21.80 0.00000
     1994  6.300 -21.70 0.00000
     1995  6.300 -21.60 0.00000
     1996  6.300 -21.50 0.00000
     1997  6.300 -21.40 0.00000
     1998  6.300 -21.30 0.00000
     1999  6.300 -21.20 0.00000
     2000  6.300 -21.10 0.00000
     2001  6.325 -29.00 0.80470
     2002  6.325 -28.90 0.80180
     2003  6.325 -28.80 0.80180
     2004  6.325 -28.70 0.80180
     2005  6.325 -28.60 0.80180
     2006  6.325 -28.50 0.80180
     2007  6.325 -28.40 0.80180
     2008  6.325 -28.30 0.80180
     2009  6.325 -28.20 0.80190
     2010  6.325 -28.10 0.80210
     2011  6.325 -28.00 0.80240
     2012  6.325 -27.90 0.80290
     2013  6.325 -27.80 0.80370
     2014  6.325 -27.70 0.80520
     2015  6.325 -27.60 0.80770
     2016  6.325 -27.50 0.81130
     2017  6.325 -27.40 0.81560
     2018  6.325 -27.30 0.82020
     2019  6.325 -27.20 0.82430
     2020  6.325 -27.10 0.82800
     2021  6.325 -27.00 0.83140
     2022  6.325 -26.90 0.83430
     2023  6.325 -26.80 0.83690
     2024  6.325 -26.70 0.83930
     2025  6.325 -26.60 0.84140
     2026  6.325 -26.50 0.84270
     2027  6.325 -26.40 0.84280
     2028  6.325 -26.30 0.84150
     2029  6.325 -26.20 0.83840
     2030  6.325 -26.10 0.83340
     2031  6.325 -26.00 0.82550
     2032  6.325 -25.90 0.81320
     2033  6.325 -25.80 0.79420
     2034  6.325 -25.70 0.76630
     2035  6.325 -25.60 0.72740
     2036  6.325 -25.50 0.67540
     2037  6.325 -25.40 0.60810
     2038  6.325 -25.30 0.52470
     2039  6.325 -25.20 0.42790
     2040  6.325 -25.10 0.32520
     2041  6.325 -25.00 0.22800
     2042  6.325 -24.90 0.14720
     2043  6.325 -24.80 0.08840
     2044  6.325 -24.70 0.05010
     2045  6.325 -24.60 0.02710
     2046  6.325 -24.50 0.01400
     2047  6.325 -24.40 0.00000
     2048  6.325 -24.30 0.00000
     2049  6.325 -24.20 0.00000
     2050  6.325 -24.10 0.00000
     2051  6.325 -24.00 0.00000
     2052  6.325 -23.90 0.00000
     2053  6.325 -23.80 0.00000
     2054  6.325 -23.70 0.00000
     2055  6.325 -23.60 0.00000
     2056  6.325 -23.50 0.00000
     2057  6.325 -23.40 0.00000
     2058  6.325 -23.30 0.00000
     2059  6.325 -23.20 0.00000
     2060  6.325 -23.10 0.00000
     2061  6.325 -23.00 0.00000
     2062  6.325 -22.90 0.00000
     2063  6.325 -22.80 0.00000
     2064  6.325 -22.70 0.00000
     2065  6.325 -22.60 0.00000
     2066  6.325 -22.50 0.00000
     2067  6.325 -22.40 0.00000
     2068  6.325 -22.30 0.00000
     2069  6.325 -22.20 0.00000
     2070  6.325 -22.10 0.00000
     2071  6.325 -22.00 0.00000
     2072  6.325 -21.90 0.00000
     2073  6.325 -21.80 0.00000
     2074  6.325 -21.70 0.00000
     2075  6.325 -21.60 0.00000
     2076  6.325 -21.50 0.00000
     2077  6.325 -21.40 0.00000
     2078  6.325 -21.30 0.00000
     2079  6.325 -21.20 0.00000
     2080  6.325 -21.10 0.00000
     2081  6.350 -29.00 0.79070
     2082  6.350 -28.90 0.79280
     2083  6.350 -28.80 0.79280
     2084  6.350 -28.70 0.79280
     2085  6.350 -28.60 0.79280
     2086  6.350 -28.50 0.79290
     2087  6.350 -28.40 0.79290
     2088  6.350 -28.30 0.79300
     2089  6.350 -28.20 0.79310
     2090  6.350 -28.10 0.79330
     2091  6.350 -28.00 0.79370
     2092  6.350 -27.90 0.79440
     2093  6.350 -27.80 0.79560
     2094  6.350 -27.70 0.79780
     2095  6.350 -27.60 0.80090
     2096  6.350 -27.50 0.80480
     2097  6.350 -27.40 0.80930
     2098  6.350 -27.30 0.81360
     2099  6.350 -27.20 0.81740
     2100  6.350 -27.10 0.82080
     2101  6.350 -27.00 0.82390
     2102  6.350 -26.90 0.82670
     2103  6.350 -26.80 0.82900
     2104  6.350 -26.70 0.83140
     2105  6.350 -26.60 0.83300
     2106  6.350 -26.50 0.83350
     2107  6.350 -26.40 0.83270
     2108  6.350 -26.30 0.83040
     2109  6.350 -26.20 0.82610
     2110  6.350 -26.10 0.81950
     2111  6.350 -26.00 0.80920
     2112  6.350 -25.90 0.79320
     2113  6.350 -25.80 0.76910
     2114  6.350 -25.70 0.73470
     2115  6.350 -25.60 0.68820
     2116  6.350 -25.50 0.62720
     2117  6.350 -25.40 0.55030
     2118  6.350 -25.30 0.45920
     2119  6.350 -25.20 0.35960
     2120  6.350 -25.10 0.26090
     2121  6.350 -25.00 0.17410
     2122  6.350 -24.90 0.10740
     2123  6.350 -24.80 0.06240
     2124  6.350 -24.70 0.03450
     2125  6.350 -24.60 0.01820
     2126  6.350 -24.50 0.00000
     2127  6.350 -24.40 0.00000
     2128  6.350 -24.30 0.00000
     2129  6.350 -24.20 0.00000
     2130  6.350 -24.10 0.00000
     2131  6.350 -24.00 0.00000
     2132  6.350 -23.90 0.00000
     2133  6.350 -23.80 0.00000
     2134  6.350 -23.70 0.00000
     2135  6.350 -23.60 0.00000
     2136  6.350 -23.50 0.00000
     2137  6.350 -23.40 0.00000
     2138  6.350 -23.30 0.00000
     2139  6.350 -23.20 0.00000
     2140  6.350 -23.10 0.00000
     2141  6.350 -23.00 0.00000
     2142  6.350 -22.90 0.00000
     2143  6.350 -22.80 0.00000
     2144  6.350 -22.70 0.00000
     2145  6.350 -22.60 0.00000
     2146  6.350 -22.50 0.00000
     2147  6.350 -22.40 0.00000
     2148  6.350 -22.30 0.00000
     2149  6.350 -22.20 0.00000
     2150  6.350 -22.10 0.00000
     2151  6.350 -22.00 0.00000
     2152  6.350 -21.90 0.00000
     2153  6.350 -21.80 0.00000
     2154  6.350 -21.70 0.00000
     2155  6.350 -21.60 0.00000
     2156  6.350 -21.50 0.00000
     2157  6.350 -21.40 0.00000
     2158  6.350 -21.30 0.00000
     2159  6.350 -21.20 0.00000
     2160  6.350 -21.10 0.00000
     2161  6.375 -29.00 0.78160
     2162  6.375 -28.90 0.78000
     2163  6.375 -28.80 0.78000
     2164  6.375 -28.70 0.78000
     2165  6.375 -28.60 0.78000
     2166  6.375 -28.50 0.78000
     2167  6.375 -28.40 0.78010
     2168  6.375 -28.30 0.78020
     2169  6.375 -28.20 0.78040
     2170  6.375 -28.10 0.78080
     2171  6.375 -28.00 0.78140
     2172  6.375 -27.90 0.78240
     2173  6.375 -27.80 0.78420
     2174  6.375 -27.70 0.78720
     2175  6.375 -27.60 0.79100
     2176  6.375 -27.50 0.79560
     2177  6.375 -27.40 0.80000
     2178  6.375 -27.30 0.80390
     2179  6.375 -27.20 0.80740
     2180  6.375 -27.10 0.81050
     2181  6.375 -27.00 0.81330
     2182  6.375 -26.90 0.81560
     2183  6.375 -26.80 0.81790
     2184  6.375 -26.70 0.81980
     2185  6.375 -26.60 0.82050
     2186  6.375 -26.50 0.82010
     2187  6.375 -26.40 0.81820
     2188  6.375 -26.30 0.81430
     2189  6.375 -26.20 0.80840
     2190  6.375 -26.10 0.79940
     2191  6.375 -26.00 0.78510
     2192  6.375 -25.90 0.76330
     2193  6.375 -25.80 0.73160
     2194  6.375 -25.70 0.68830
     2195  6.375 -25.60 0.63110
     2196  6.375 -25.50 0.55850
     2197  6.375 -25.40 0.47050
     2198  6.375 -25.30 0.37170
     2199  6.375 -25.20 0.27080
     2200  6.375 -25.10 0.17990
     2201  6.375 -25.00 0.10940
     2202  6.375 -24.90 0.06210
     2203  6.375 -24.80 0.03360
     2204  6.375 -24.70 0.01740
     2205  6.375 -24.60 0.00000
     2206  6.375 -24.50 0.00000
     2207  6.375 -24.40 0.00000
     2208  6.375 -24.30 0.00000
     2209  6.375 -24.20 0.00000
     2210  6.375 -24.10 0.00000
     2211  6.375 -24.00 0.00000
     2212  6.375 -23.90 0.00000
     2213  6.375 -23.80 0.00000
     2214  6.375 -23.70 0.00000
     2215  6.375 -23.60 0.00000
     2216  6.375 -23.50 0.00000
     2217  6.375 -23.40 0.00000
     2218  6.375 -23.30 0.00000
     2219  6.375 -23.20 0.00000
     2220  6.375 -23.10 0.00000
     2221  6.375 -23.00 0.00000
     2222  6.375 -22.90 0.00000
     2223  6.375 -22.80 0.00000
     2224  6.375 -22.70 0.00000
     2225  6.375 -22.60 0.00000
     2226  6.375 -22.50 0.00000
     2227  6.375 -22.40 0.00000
     2228  6.375 -22.30 0.00000
     2229  6.375 -22.20 0.00000
     2230  6.375 -22.10 0.00000
     2231  6.375 -22.00 0.00000
     2232  6.375 -21.90 0.00000
     2233  6.375 -21.80 0.00000
     2234  6.375 -21.70 0.00000
     2235  6.375 -21.60 0.00000
     2236  6.375 -21.50 0.00000
     2237  6.375 -21.40 0.00000
     2238  6.375 -21.30 0.00000
     2239  6.375 -21.20 0.00000
     2240  6.375 -21.10 0.00000
     2241  6.400 -29.00 0.76260
     2242  6.400 -28.90 0.76380
     2243  6.400 -28.80 0.76380
     2244  6.400 -28.70 0.76380
     2245  6.400 -28.60 0.76390
     2246  6.400 -28.50 0.76390
     2247  6.400 -28.40 0.76400
     2248  6.400 -28.30 0.76410
     2249  6.400 -28.20 0.76440
     2250  6.400 -28.10 0.76490
     2251  6.400 -28.00 0.76570
     2252  6.400 -27.90 0.76710
     2253  6.400 -27.80 0.76950
     2254  6.400 -27.70 0.77270
     2255  6.400 -27.60 0.77670
     2256  6.400 -27.50 0.78110
     2257  6.400 -27.40 0.78510
     2258  6.400 -27.30 0.78880
     2259  6.400 -27.20 0.79210
     2260  6.400 -27.10 0.79500
     2261  6.400 -27.00 0.79750
     2262  6.400 -26.90 0.79990
     2263  6.400 -26.80 0.80190
     2264  6.400 -26.70 0.80310
     2265  6.400 -26.60 0.80330
     2266  6.400 -26.50 0.80210
     2267  6.400 -26.40 0.79940
     2268  6.400 -26.30 0.79460
     2269  6.400 -26.20 0.78720
     2270  6.400 -26.10 0.77580
     2271  6.400 -26.00 0.75820
     2272  6.400 -25.90 0.73220
     2273  6.400 -25.80 0.69580
     2274  6.400 -25.70 0.64720
     2275  6.400 -25.60 0.58440
     2276  6.400 -25.50 0.50660
     2277  6.400 -25.40 0.41640
     2278  6.400 -25.30 0.31990
     2279  6.400 -25.20 0.22720
     2280  6.400 -25.10 0.14850
     2281  6.400 -25.00 0.08990
     2282  6.400 -24.90 0.05100
     2283  6.400 -24.80 0.02750
     2284  6.400 -24.70 0.01410
     2285  6.400 -24.60 0.00000
     2286  6.400 -24.50 0.00000
     2287  6.400 -24.40 0.00000
     2288  6.400 -24.30 0.00000
     2289  6.400 -24.20 0.00000
     2290  6.400 -24.10 0.00000
     2291  6.400 -24.00 0.00000
     2292  6.400 -23.90 0.00000
     2293  6.400 -23.80 0.00000
     2294  6.400 -23.70 0.00000
     2295  6.400 -23.60 0.00000
     2296  6.400 -23.50 0.00000
     2297  6.400 -23.40 0.00000
     2298  6.400 -23.30 0.00000
     2299  6.400 -23.20 0.00000
     2300  6.400 -23.10 0.00000
     2301  6.400 -23.00 0.00000
     2302  6.400 -22.90 0.00000
     2303  6.400 -22.80 0.00000
     2304  6.400 -22.70 0.00000
     2305  6.400 -22.60 0.00000
     2306  6.400 -22.50 0.00000
     2307  6.400 -22.40 0.00000
     2308  6.400 -22.30 0.00000
     2309  6.400 -22.20 0.00000
     2310  6.400 -22.10 0.00000
     2311  6.400 -22.00 0.00000
     2312  6.400 -21.90 0.00000
     2313  6.400 -21.80 0.00000
     2314  6.400 -21.70 0.00000
     2315  6.400 -21.60 0.00000
     2316  6.400 -21.50 0.00000
     2317  6.400 -21.40 0.00000
     2318  6.400 -21.30 0.00000
     2319  6.400 -21.20 0.00000
     2320  6.400 -21.10 0.00000
     2321  6.425 -29.00 0.74500
     2322  6.425 -28.90 0.73930
     2323  6.425 -28.80 0.73930
     2324  6.425 -28.70 0.73930
     2325  6.425 -28.60 0.73940
     2326  6.425 -28.50 0.73940
     2327  6.425 -28.40 0.73960
     2328  6.425 -28.30 0.73980
     2329  6.425 -28.20 0.74020
     2330  6.425 -28.10 0.74080
     2331  6.425 -28.00 0.74190
     2332  6.425 -27.90 0.74380
     2333  6.425 -27.80 0.74650
     2334  6.425 -27.70 0.75000
     2335  6.425 -27.60 0.75430
     2336  6.425 -27.50 0.75820
     2337  6.425 -27.40 0.76170
     2338  6.425 -27.30 0.76500
     2339  6.425 -27.20 0.76790
     2340  6.425 -27.10 0.77020
     2341  6.425 -27.00 0.77250
     2342  6.425 -26.90 0.77460
     2343  6.425 -26.80 0.77600
     2344  6.425 -26.70 0.77650
     2345  6.425 -26.60 0.77590
     2346  6.425 -26.50 0.77370
     2347  6.425 -26.40 0.76960
     2348  6.425 -26.30 0.76340
     2349  6.425 -26.20 0.75390
     2350  6.425 -26.10 0.73900
     2351  6.425 -26.00 0.71670
     2352  6.425 -25.90 0.68520
     2353  6.425 -25.80 0.64280
     2354  6.425 -25.70 0.58720
     2355  6.425 -25.60 0.51710
     2356  6.425 -25.50 0.43360
     2357  6.425 -25.40 0.34090
     2358  6.425 -25.30 0.24780
     2359  6.425 -25.20 0.16530
     2360  6.425 -25.10 0.10160
     2361  6.425 -25.00 0.05830
     2362  6.425 -24.90 0.03170
     2363  6.425 -24.80 0.01650
     2364  6.425 -24.70 0.00000
     2365  6.425 -24.60 0.00000
     2366  6.425 -24.50 0.00000
     2367  6.425 -24.40 0.00000
     2368  6.425 -24.30 0.00000
     2369  6.425 -24.20 0.00000
     2370  6.425 -24.10 0.00000
     2371  6.425 -24.00 0.00000
     2372  6.425 -23.90 0.00000
     2373  6.425 -23.80 0.00000
     2374  6.425 -23.70 0.00000
     2375  6.425 -23.60 0.00000
     2376  6.425 -23.50 0.00000
     2377  6.425 -23.40 0.00000
     2378  6.425 -23.30 0.00000
     2379  6.425 -23.20 0.00000
     2380  6.425 -23.10 0.00000
     2381  6.425 -23.00 0.00000
     2382  6.425 -22.90 0.00000
     2383  6.425 -22.80 0.00000
     2384  6.425 -22.70 0.00000
     2385  6.425 -22.60 0.00000
     2386  6.425 -22.50 0.00000
     2387  6.425 -22.40 0.00000
     2388  6.425 -22.30 0.00000
     2389  6.425 -22.20 0.00000
     2390  6.425 -22.10 0.00000
     2391  6.425 -22.00 0.00000
     2392  6.425 -21.90 0.00000
     2393  6.425 -21.80 0.00000
     2394  6.425 -21.70 0.00000
     2395  6.425 -21.60 0.00000
     2396  6.425 -21.50 0.00000
     2397  6.425 -21.40 0.00000
     2398  6.425 -21.30 0.00000
     2399  6.425 -21.20 0.00000
     2400  6.425 -21.10 0.00000
     2401  6.450 -29.00 0.69890
     2402  6.450 -28.90 0.68890
     2403  6.450 -28.80 0.68890
     2404  6.450 -28.70 0.68900
     2405  6.450 -28.60 0.68900
     2406  6.450 -28.50 0.68910
     2407  6.450 -28.40 0.68930
     2408  6.450 -28.30 0.68970
     2409  6.450 -28.20 0.69010
     2410  6.450 -28.10 0.69100
     2411  6.450 -28.00 0.69270
     2412  6.450 -27.90 0.69500
     2413  6.450 -27.80 0.69820
     2414  6.450 -27.70 0.70180
     2415  6.450 -27.60 0.70560
     2416  6.450 -27.50 0.70900
     2417  6.450 -27.40 0.71210
     2418  6.450 -27.30 0.71490
     2419  6.450 -27.20 0.71720
     2420  6.450 -27.10 0.71950
     2421  6.450 -27.00 0.72150
     2422  6.450 -26.90 0.72300
     2423  6.450 -26.80 0.72380
     2424  6.450 -26.70 0.72350
     2425  6.450 -26.60 0.72190
     2426  6.450 -26.50 0.71880
     2427  6.450 -26.40 0.71360
     2428  6.450 -26.30 0.70550
     2429  6.450 -26.20 0.69330
     2430  6.450 -26.10 0.67470
     2431  6.450 -26.00 0.64790
     2432  6.450 -25.90 0.61120
     2433  6.450 -25.80 0.56310
     2434  6.450 -25.70 0.50180
     2435  6.450 -25.60 0.42770
     2436  6.450 -25.50 0.34440
     2437  6.450 -25.40 0.25910
     2438  6.450 -25.30 0.18070
     2439  6.450 -25.20 0.11650
     2440  6.450 -25.10 0.06980
     2441  6.450 -25.00 0.03960
     2442  6.450 -24.90 0.02160
     2443  6.450 -24.80 0.01130
     2444  6.450 -24.70 0.00000
     2445  6.450 -24.60 0.00000
     2446  6.450 -24.50 0.00000
     2447  6.450 -24.40 0.00000
     2448  6.450 -24.30 0.00000
     2449  6.450 -24.20 0.00000
     2450  6.450 -24.10 0.00000
     2451  6.450 -24.00 0.00000
     2452  6.450 -23.90 0.00000
     2453  6.450 -23.80 0.00000
     2454  6.450 -23.70 0.00000
     2455  6.450 -23.60 0.00000
     2456  6.450 -23.50 0.00000
     2457  6.450 -23.40 0.00000
     2458  6.450 -23.30 0.00000
     2459  6.450 -23.20 0.00000
     2460  6.450 -23.10 0.00000
     2461  6.450 -23.00 0.00000
     2462  6.450 -22.90 0.00000
     2463  6.450 -22.80 0.00000
     2464  6.450 -22.70 0.00000
     2465  6.450 -22.60 0.00000
     2466  6.450 -22.50 0.00000
     2467  6.450 -22.40 0.00000
     2468  6.450 -22.30 0.00000
     2469  6.450 -22.20 0.00000
     2470  6.450 -22.10 0.00000
     2471  6.450 -22.00 0.00000
     2472  6.450 -21.90 0.00000
     2473  6.450 -21.80 0.00000
     2474  6.450 -21.70 0.00000
     2475  6.450 -21.60 0.00000
     2476  6.450 -21.50 0.00000
     2477  6.450 -21.40 0.00000
     2478  6.450 -21.30 0.00000
     2479  6.450 -21.20 0.00000
     2480  6.450 -21.10 0.00000
     2481  6.475 -29.00 0.60180
     2482  6.475 -28.90 0.61170
     2483  6.475 -28.80 0.61170
     2484  6.475 -28.70 0.61180
     2485  6.475 -28.60 0.61180
     2486  6.475 -28.50 0.61200
     2487  6.475 -28.40 0.61220
     2488  6.475 -28.30 0.61260
     2489  6.475 -28.20 0.61320
     2490  6.475 -28.10 0.61430
     2491  6.475 -28.00 0.61620
     2492  6.475 -27.90 0.61870
     2493  6.475 -27.80 0.62180
     2494  6.475 -27.70 0.62530
     2495  6.475 -27.60 0.62850
     2496  6.475 -27.50 0.63130
     2497  6.475 -27.40 0.63380
     2498  6.475 -27.30 0.63600
     2499  6.475 -27.20 0.63810
     2500  6.475 -27.10 0.64000
     2501  6.475 -27.00 0.64160
     2502  6.475 -26.90 0.64270
     2503  6.475 -26.80 0.64280
     2504  6.475 -26.70 0.64180
     2505  6.475 -26.60 0.63970
     2506  6.475 -26.50 0.63570
     2507  6.475 -26.40 0.62960
     2508  6.475 -26.30 0.62040
     2509  6.475 -26.20 0.60620
     2510  6.475 -26.10 0.58550
     2511  6.475 -26.00 0.55680
     2512  6.475 -25.90 0.51840
     2513  6.475 -25.80 0.46870
     2514  6.475 -25.70 0.40700
     2515  6.475 -25.60 0.33530
     2516  6.475 -25.50 0.25860
     2517  6.475 -25.40 0.18470
     2518  6.475 -25.30 0.12130
     2519  6.475 -25.20 0.07370
     2520  6.475 -25.10 0.04220
     2521  6.475 -25.00 0.02320
     2522  6.475 -24.90 0.01230
     2523  6.475 -24.80 0.00000
     2524  6.475 -24.70 0.00000
     2525  6.475 -24.60 0.00000
     2526  6.475 -24.50 0.00000
     2527  6.475 -24.40 0.00000
     2528  6.475 -24.30 0.00000
     2529  6.475 -24.20 0.00000
     2530  6.475 -24.10 0.00000
     2531  6.475 -24.00 0.00000
     2532  6.475 -23.90 0.00000
     2533  6.475 -23.80 0.00000
     2534  6.475 -23.70 0.00000
     2535  6.475 -23.60 0.00000
     2536  6.475 -23.50 0.00000
     2537  6.475 -23.40 0.00000
     2538  6.475 -23.30 0.00000
     2539  6.475 -23.20 0.00000
     2540  6.475 -23.10 0.00000
     2541  6.475 -23.00 0.00000
     2542  6.475 -22.90 0.00000
     2543  6.475 -22.80 0.00000
     2544  6.475 -22.70 0.00000
     2545  6.475 -22.60 0.00000
     2546  6.475 -22.50 0.00000
     2547  6.475 -22.40 0.00000
     2548  6.475 -22.30 0.00000
     2549  6.475 -22.20 0.00000
     2550  6.475 -22.10 0.00000
     2551  6.475 -22.00 0.00000
     2552  6.475 -21.90 0.00000
     2553  6.475 -21.80 0.00000
     2554  6.475 -21.70 0.00000
     2555  6.475 -21.60 0.00000
     2556  6.475 -21.50 0.00000
     2557  6.475 -21.40 0.00000
     2558  6.475 -21.30 0.00000
     2559  6.475 -21.20 0.00000
     2560  6.475 -21.10 0.00000
     2561  6.500 -29.00 0.54650
     2562  6.500 -28.90 0.54830
     2563  6.500 -28.80 0.54830
     2564  6.500 -28.70 0.54830
     2565  6.500 -28.60 0.54840
     2566  6.500 -28.50 0.54860
     2567  6.500 -28.40 0.54900
     2568  6.500 -28.30 0.54940
     2569  6.500 -28.20 0.55030
     2570  6.500 -28.10 0.55190
     2571  6.500 -28.00 0.55400
     2572  6.500 -27.90 0.55680
     2573  6.500 -27.80 0.55990
     2574  6.500 -27.70 0.56270
     2575  6.500 -27.60 0.56530
     2576  6.500 -27.50 0.56760
     2577  6.500 -27.40 0.56960
     2578  6.500 -27.30 0.57160
     2579  6.500 -27.20 0.57330
     2580  6.500 -27.10 0.57490
     2581  6.500 -27.00 0.57600
     2582  6.500 -26.90 0.57640
     2583  6.500 -26.80 0.57580
     2584  6.500 -26.70 0.57410
     2585  6.500 -26.60 0.57100
     2586  6.500 -26.50 0.56600
     2587  6.500 -26.40 0.55830
     2588  6.500 -26.30 0.54650
     2589  6.500 -26.20 0.52910
     2590  6.500 -26.10 0.50460
     2591  6.500 -26.00 0.47170
     2592  6.500 -25.90 0.42900
     2593  6.500 -25.80 0.37560
     2594  6.500 -25.70 0.31280
     2595  6.500 -25.60 0.24480
     2596  6.500 -25.50 0.17820
     2597  6.500 -25.40 0.12010
     2598  6.500 -25.30 0.07550
     2599  6.500 -25.20 0.04480
     2600  6.500 -25.10 0.02550
     2601  6.500 -25.00 0.01390
     2602  6.500 -24.90 0.00000
     2603  6.500 -24.80 0.00000
     2604  6.500 -24.70 0.00000
     2605  6.500 -24.60 0.00000
     2606  6.500 -24.50 0.00000
     2607  6.500 -24.40 0.00000
     2608  6.500 -24.30 0.00000
     2609  6.500 -24.20 0.00000
     2610  6.500 -24.10 0.00000
     2611  6.500 -24.00 0.00000
     2612  6.500 -23.90 0.00000
     2613  6.500 -23.80 0.00000
     2614  6.500 -23.70 0.00000
     2615  6.500 -23.60 0.00000
     2616  6.500 -23.50 0.00000
     2617  6.500 -23.40 0.00000
     2618  6.500 -23.30 0.00000
     2619  6.500 -23.20 0.00000
     2620  6.500 -23.10 0.00000
     2621  6.500 -23.00 0.00000
     2622  6.500 -22.90 0.00000
     2623  6.500 -22.80 0.00000
     2624  6.500 -22.70 0.00000
     2625  6.500 -22.60 0.00000
     2626  6.500 -22.50 0.00000
     2627  6.500 -22.40 0.00000
     2628  6.500 -22.30 0.00000
     2629  6.500 -22.20 0.00000
     2630  6.500 -22.10 0.00000
     2631  6.500 -22.00 0.00000
     2632  6.500 -21.90 0.00000
     2633  6.500 -21.80 0.00000
     2634  6.500 -21.70 0.00000
     2635  6.500 -21.60 0.00000
     2636  6.500 -21.50 0.00000
     2637  6.500 -21.40 0.00000
     2638  6.500 -21.30 0.00000
     2639  6.500 -21.20 0.00000
     2640  6.500 -21.10 0.00000
     2641  6.525 -29.00 0.49050
     2642  6.525 -28.90 0.48840
     2643  6.525 -28.80 0.48840
     2644  6.525 -28.70 0.48850
     2645  6.525 -28.60 0.48870
     2646  6.525 -28.50 0.48890
     2647  6.525 -28.40 0.48930
     2648  6.525 -28.30 0.48990
     2649  6.525 -28.20 0.49100
     2650  6.525 -28.10 0.49270
     2651  6.525 -28.00 0.49490
     2652  6.525 -27.90 0.49770
     2653  6.525 -27.80 0.50040
     2654  6.525 -27.70 0.50290
     2655  6.525 -27.60 0.50500
     2656  6.525 -27.50 0.50700
     2657  6.525 -27.40 0.50880
     2658  6.525 -27.30 0.51050
     2659  6.525 -27.20 0.51200
     2660  6.525 -27.10 0.51330
     2661  6.525 -27.00 0.51380
     2662  6.525 -26.90 0.51370
     2663  6.525 -26.80 0.51260
     2664  6.525 -26.70 0.51020
     2665  6.525 -26.60 0.50640
     2666  6.525 -26.50 0.50050
     2667  6.525 -26.40 0.49140
     2668  6.525 -26.30 0.47780
     2669  6.525 -26.20 0.45840
     2670  6.525 -26.10 0.43210
     2671  6.525 -26.00 0.39760
     2672  6.525 -25.90 0.35390
     2673  6.525 -25.80 0.30120
     2674  6.525 -25.70 0.24210
     2675  6.525 -25.60 0.18120
     2676  6.525 -25.50 0.12500
     2677  6.525 -25.40 0.07940
     2678  6.525 -25.30 0.04720
     2679  6.525 -25.20 0.02680
     2680  6.525 -25.10 0.01480
     2681  6.525 -25.00 0.00000
     2682  6.525 -24.90 0.00000
     2683  6.525 -24.80 0.00000
     2684  6.525 -24.70 0.00000
     2685  6.525 -24.60 0.00000
     2686  6.525 -24.50 0.00000
     2687  6.525 -24.40 0.00000
     2688  6.525 -24.30 0.00000
     2689  6.525 -24.20 0.00000
     2690  6.525 -24.10 0.00000
     2691  6.525 -24.00 0.00000
     2692  6.525 -23.90 0.00000
     2693  6.525 -23.80 0.00000
     2694  6.525 -23.70 0.00000
     2695  6.525 -23.60 0.00000
     2696  6.525 -23.50 0.00000
     2697  6.525 -23.40 0.00000
     2698  6.525 -23.30 0.00000
     2699  6.525 -23.20 0.00000
     2700  6.525 -23.10 0.00000
     2701  6.525 -23.00 0.00000
     2702  6.525 -22.90 0.00000
     2703  6.525 -22.80 0.00000
     2704  6.525 -22.70 0.00000
     2705  6.525 -22.60 0.00000
     2706  6.525 -22.50 0.00000
     2707  6.525 -22.40 0.00000
     2708  6.525 -22.30 0.00000
     2709  6.525 -22.20 0.00000
     2710  6.525 -22.10 0.00000
     2711  6.525 -22.00 0.00000
     2712  6.525 -21.90 0.00000
     2713  6.525 -21.80 0.00000
     2714  6.525 -21.70 0.00000
     2715  6.525 -21.60 0.00000
     2716  6.525 -21.50 0.00000
     2717  6.525 -21.40 0.00000
     2718  6.525 -21.30 0.00000
     2719  6.525 -21.20 0.00000
     2720  6.525 -21.10 0.00000
     2721  6.550 -29.00 0.39280
     2722  6.550 -28.90 0.41300
     2723  6.550 -28.80 0.41300
     2724  6.550 -28.70 0.41310
     2725  6.550 -28.60 0.41330
     2726  6.550 -28.50 0.41360
     2727  6.550 -28.40 0.41410
     2728  6.550 -28.30 0.41500
     2729  6.550 -28.20 0.41640
     2730  6.550 -28.10 0.41840
     2731  6.550 -28.00 0.42080
     2732  6.550 -27.90 0.42320
     2733  6.550 -27.80 0.42530
     2734  6.550 -27.70 0.42720
     2735  6.550 -27.60 0.42900
     2736  6.550 -27.50 0.43070
     2737  6.550 -27.40 0.43220
     2738  6.550 -27.30 0.43360
     2739  6.550 -27.20 0.43460
     2740  6.550 -27.10 0.43510
     2741  6.550 -27.00 0.43490
     2742  6.550 -26.90 0.43400
     2743  6.550 -26.80 0.43220
     2744  6.550 -26.70 0.42930
     2745  6.550 -26.60 0.42460
     2746  6.550 -26.50 0.41710
     2747  6.550 -26.40 0.40590
     2748  6.550 -26.30 0.38970
     2749  6.550 -26.20 0.36770
     2750  6.550 -26.10 0.33880
     2751  6.550 -26.00 0.30180
     2752  6.550 -25.90 0.25700
     2753  6.550 -25.80 0.20620
     2754  6.550 -25.70 0.15360
     2755  6.550 -25.60 0.10520
     2756  6.550 -25.50 0.06650
     2757  6.550 -25.40 0.03940
     2758  6.550 -25.30 0.02230
     2759  6.550 -25.20 0.01220
     2760  6.550 -25.10 0.00000
     2761  6.550 -25.00 0.00000
     2762  6.550 -24.90 0.00000
     2763  6.550 -24.80 0.00000
     2764  6.550 -24.70 0.00000
     2765  6.550 -24.60 0.00000
     2766  6.550 -24.50 0.00000
     2767  6.550 -24.40 0.00000
     2768  6.550 -24.30 0.00000
     2769  6.550 -24.20 0.00000
     2770  6.550 -24.10 0.00000
     2771  6.550 -24.00 0.00000
     2772  6.550 -23.90 0.00000
     2773  6.550 -23.80 0.00000
     2774  6.550 -23.70 0.00000
     2775  6.550 -23.60 0.00000
     2776  6.550 -23.50 0.00000
     2777  6.550 -23.40 0.00000
     2778  6.550 -23.30 0.00000
     2779  6.550 -23.20 0.00000
     2780  6.550 -23.10 0.00000
     2781  6.550 -23.00 0.00000
     2782  6.550 -22.90 0.00000
     2783  6.550 -22.80 0.00000
     2784  6.550 -22.70 0.00000
     2785  6.550 -22.60 0.00000
     2786  6.550 -22.50 0.00000
     2787  6.550 -22.40 0.00000
     2788  6.550 -22.30 0.00000
     2789  6.550 -22.20 0.00000
     2790  6.550 -22.10 0.00000
     2791  6.550 -22.00 0.00000
     2792  6.550 -21.90 0.00000
     2793  6.550 -21.80 0.00000
     2794  6.550 -21.70 0.00000
     2795  6.550 -21.60 0.00000
     2796  6.550 -21.50 0.00000
     2797  6.550 -21.40 0.00000
     2798  6.550 -21.30 0.00000
     2799  6.550 -21.20 0.00000
     2800  6.550 -21.10 0.00000
     2801  6.575 -29.00 0.34230
     2802  6.575 -28.90 0.35160
     2803  6.575 -28.80 0.35170
     2804  6.575 -28.70 0.35190
     2805  6.575 -28.60 0.35210
     2806  6.575 -28.50 0.35240
     2807  6.575 -28.40 0.35300
     2808  6.575 -28.30 0.35400
     2809  6.575 -28.20 0.35550
     2810  6.575 -28.10 0.35730
     2811  6.575 -28.00 0.35930
     2812  6.575 -27.90 0.36120
     2813  6.575 -27.80 0.36290
     2814  6.575 -27.70 0.36460
     2815  6.575 -27.60 0.36610
     2816  6.575 -27.50 0.36750
     2817  6.575 -27.40 0.36870
     2818  6.575 -27.30 0.36970
     2819  6.575 -27.20 0.37020
     2820  6.575 -27.10 0.37020
     2821  6.575 -27.00 0.36970
     2822  6.575 -26.90 0.36850
     2823  6.575 -26.80 0.36640
     2824  6.575 -26.70 0.36300
     2825  6.575 -26.60 0.35760
     2826  6.575 -26.50 0.34920
     2827  6.575 -26.40 0.33700
     2828  6.575 -26.30 0.32010
     2829  6.575 -26.20 0.29800
     2830  6.575 -26.10 0.26940
     2831  6.575 -26.00 0.23390
     2832  6.575 -25.90 0.19260
     2833  6.575 -25.80 0.14840
     2834  6.575 -25.70 0.10600
     2835  6.575 -25.60 0.07000
     2836  6.575 -25.50 0.04290
     2837  6.575 -25.40 0.02470
     2838  6.575 -25.30 0.01360
     2839  6.575 -25.20 0.00000
     2840  6.575 -25.10 0.00000
     2841  6.575 -25.00 0.00000
     2842  6.575 -24.90 0.00000
     2843  6.575 -24.80 0.00000
     2844  6.575 -24.70 0.00000
     2845  6.575 -24.60 0.00000
     2846  6.575 -24.50 0.00000
     2847  6.575 -24.40 0.00000
     2848  6.575 -24.30 0.00000
     2849  6.575 -24.20 0.00000
     2850  6.575 -24.10 0.00000
     2851  6.575 -24.00 0.00000
     2852  6.575 -23.90 0.00000
     2853  6.575 -23.80 0.00000
     2854  6.575 -23.70 0.00000
     2855  6.575 -23.60 0.00000
     2856  6.575 -23.50 0.00000
     2857  6.575 -23.40 0.00000
     2858  6.575 -23.30 0.00000
     2859  6.575 -23.20 0.00000
     2860  6.575 -23.10 0.00000
     2861  6.575 -23.00 0.00000
     2862  6.575 -22.90 0.00000
     2863  6.575 -22.80 0.00000
     2864  6.575 -22.70 0.00000
     2865  6.575 -22.60 0.00000
     2866  6.575 -22.50 0.00000
     2867  6.575 -22.40 0.00000
     2868  6.575 -22.30 0.00000
     2869  6.575 -22.20 0.00000
     2870  6.575 -22.10 0.00000
     2871  6.575 -22.00 0.00000
     2872  6.575 -21.90 0.00000
     2873  6.575 -21.80 0.00000
     2874  6.575 -21.70 0.00000
     2875  6.575 -21.60 0.00000
     2876  6.575 -21.50 0.00000
     2877  6.575 -21.40 0.00000
     2878  6.575 -21.30 0.00000
     2879  6.575 -21.20 0.00000
     2880  6.575 -21.10 0.00000
     2881  6.600 -29.00 0.26840
     2882  6.600 -28.90 0.28100
     2883  6.600 -28.80 0.28110
     2884  6.600 -28.70 0.28120
     2885  6.600 -28.60 0.28150
     2886  6.600 -28.50 0.28190
     2887  6.600 -28.40 0.28280
     2888  6.600 -28.30 0.28400
     2889  6.600 -28.20 0.28550
     2890  6.600 -28.10 0.28710
     2891  6.600 -28.00 0.28860
     2892  6.600 -27.90 0.29000
     2893  6.600 -27.80 0.29120
     2894  6.600 -27.70 0.29250
     2895  6.600 -27.60 0.29370
     2896  6.600 -27.50 0.29470
     2897  6.600 -27.40 0.29540
     2898  6.600 -27.30 0.29580
     2899  6.600 -27.20 0.29580
     2900  6.600 -27.10 0.29550
     2901  6.600 -27.00 0.29460
     2902  6.600 -26.90 0.29310
     2903  6.600 -26.80 0.29060
     2904  6.600 -26.70 0.28630
     2905  6.600 -26.60 0.27960
     2906  6.600 -26.50 0.26970
     2907  6.600 -26.40 0.25610
     2908  6.600 -26.30 0.23800
     2909  6.600 -26.20 0.21460
     2910  6.600 -26.10 0.18530
     2911  6.600 -26.00 0.15110
     2912  6.600 -25.90 0.11460
     2913  6.600 -25.80 0.08010
     2914  6.600 -25.70 0.05140
     2915  6.600 -25.60 0.03060
     2916  6.600 -25.50 0.01720
     2917  6.600 -25.40 0.00000
     2918  6.600 -25.30 0.00000
     2919  6.600 -25.20 0.00000
     2920  6.600 -25.10 0.00000
     2921  6.600 -25.00 0.00000
     2922  6.600 -24.90 0.00000
     2923  6.600 -24.80 0.00000
     2924  6.600 -24.70 0.00000
     2925  6.600 -24.60 0.00000
     2926  6.600 -24.50 0.00000
     2927  6.600 -24.40 0.00000
     2928  6.600 -24.30 0.00000
     2929  6.600 -24.20 0.00000
     2930  6.600 -24.10 0.00000
     2931  6.600 -24.00 0.00000
     2932  6.600 -23.90 0.00000
     2933  6.600 -23.80 0.00000
     2934  6.600 -23.70 0.00000
     2935  6.600 -23.60 0.00000
     2936  6.600 -23.50 0.00000
     2937  6.600 -23.40 0.00000
     2938  6.600 -23.30 0.00000
     2939  6.600 -23.20 0.00000
     2940  6.600 -23.10 0.00000
     2941  6.600 -23.00 0.00000
     2942  6.600 -22.90 0.00000
     2943  6.600 -22.80 0.00000
     2944  6.600 -22.70 0.00000
     2945  6.600 -22.60 0.00000
     2946  6.600 -22.50 0.00000
     2947  6.600 -22.40 0.00000
     2948  6.600 -22.30 0.00000
     2949  6.600 -22.20 0.00000
     2950  6.600 -22.10 0.00000
     2951  6.600 -22.00 0.00000
     2952  6.600 -21.90 0.00000
     2953  6.600 -21.80 0.00000
     2954  6.600 -21.70 0.00000
     2955  6.600 -21.60 0.00000
     2956  6.600 -21.50 0.00000
     2957  6.600 -21.40 0.00000
     2958  6.600 -21.30 0.00000
     2959  6.600 -21.20 0.00000
     2960  6.600 -21.10 0.00000
