# Yang et al. 2016 (ApJ, in press, arXiv:1607.04415) selection function (their Fig 5) provided by Jinyi Yang
# corrected to cosmology H_0=70km/s/Mpc, Omega_M=0.3, Omega_Lambda=0.7
# color selection function (Fig 5) corrected for image selection incompleteness (factor 0.97) and spectroscopic incompleteness (0.84 at zmag>19)
# listed below are total completeness values
# counter  z     M1450  p
        1  4.325 -29.38 0.00000
        2  4.325 -29.28 0.00469
        3  4.325 -29.18 0.00000
        4  4.325 -29.08 0.00000
        5  4.325 -28.98 0.00000
        6  4.325 -28.88 0.00000
        7  4.325 -28.78 0.00000
        8  4.325 -28.68 0.00000
        9  4.325 -28.58 0.00000
       10  4.325 -28.48 0.00000
       11  4.325 -28.38 0.00000
       12  4.325 -28.28 0.00000
       13  4.325 -28.18 0.00000
       14  4.325 -28.08 0.00000
       15  4.325 -27.98 0.00000
       16  4.325 -27.88 0.00000
       17  4.325 -27.78 0.00000
       18  4.325 -27.68 0.00000
       19  4.325 -27.58 0.00000
       20  4.325 -27.48 0.00000
       21  4.325 -27.38 0.00000
       22  4.325 -27.28 0.00000
       23  4.325 -27.18 0.00000
       24  4.325 -27.08 0.00000
       25  4.325 -26.98 0.00000
       26  4.325 -26.88 0.00000
       27  4.325 -26.78 0.00000
       28  4.325 -26.68 0.00000
       29  4.325 -26.58 0.00000
       30  4.325 -26.48 0.00000
       31  4.325 -26.38 0.00000
       32  4.325 -26.28 0.00000
       33  4.325 -26.18 0.00000
       34  4.325 -26.08 0.00000
       35  4.325 -25.98 0.00000
       36  4.325 -25.88 0.00000
       37  4.325 -25.78 0.00000
       38  4.325 -25.68 0.00000
       39  4.325 -25.58 0.00000
       40  4.325 -25.48 0.00000
       41  4.325 -25.38 0.00000
       42  4.325 -25.28 0.00000
       43  4.325 -25.18 0.00000
       44  4.325 -25.08 0.00000
       45  4.325 -24.98 0.00000
       46  4.375 -29.38 0.00000
       47  4.375 -29.28 0.00000
       48  4.375 -29.18 0.00000
       49  4.375 -29.08 0.00000
       50  4.375 -28.98 0.00000
       51  4.375 -28.88 0.00000
       52  4.375 -28.78 0.00000
       53  4.375 -28.68 0.00000
       54  4.375 -28.58 0.00000
       55  4.375 -28.48 0.00000
       56  4.375 -28.38 0.00000
       57  4.375 -28.28 0.00000
       58  4.375 -28.18 0.00000
       59  4.375 -28.08 0.00000
       60  4.375 -27.98 0.00000
       61  4.375 -27.88 0.00000
       62  4.375 -27.78 0.00000
       63  4.375 -27.68 0.00000
       64  4.375 -27.58 0.00000
       65  4.375 -27.48 0.00000
       66  4.375 -27.38 0.00000
       67  4.375 -27.28 0.00000
       68  4.375 -27.18 0.00000
       69  4.375 -27.08 0.00473
       70  4.375 -26.98 0.00000
       71  4.375 -26.88 0.00000
       72  4.375 -26.78 0.00000
       73  4.375 -26.68 0.00000
       74  4.375 -26.58 0.00000
       75  4.375 -26.48 0.00000
       76  4.375 -26.38 0.00000
       77  4.375 -26.28 0.00000
       78  4.375 -26.18 0.00000
       79  4.375 -26.08 0.00000
       80  4.375 -25.98 0.00000
       81  4.375 -25.88 0.00000
       82  4.375 -25.78 0.00000
       83  4.375 -25.68 0.00000
       84  4.375 -25.58 0.00000
       85  4.375 -25.48 0.00000
       86  4.375 -25.38 0.00000
       87  4.375 -25.28 0.00000
       88  4.375 -25.18 0.00000
       89  4.375 -25.08 0.00000
       90  4.375 -24.98 0.00000
       91  4.425 -29.38 0.00475
       92  4.425 -29.28 0.01128
       93  4.425 -29.18 0.00478
       94  4.425 -29.08 0.00478
       95  4.425 -28.98 0.00545
       96  4.425 -28.88 0.01335
       97  4.425 -28.78 0.00000
       98  4.425 -28.68 0.00000
       99  4.425 -28.58 0.00000
      100  4.425 -28.48 0.00497
      101  4.425 -28.38 0.00000
      102  4.425 -28.28 0.00960
      103  4.425 -28.18 0.00000
      104  4.425 -28.08 0.00508
      105  4.425 -27.98 0.00000
      106  4.425 -27.88 0.00551
      107  4.425 -27.78 0.00000
      108  4.425 -27.68 0.00000
      109  4.425 -27.58 0.00000
      110  4.425 -27.48 0.00499
      111  4.425 -27.38 0.00494
      112  4.425 -27.28 0.00546
      113  4.425 -27.18 0.00000
      114  4.425 -27.08 0.00000
      115  4.425 -26.98 0.00483
      116  4.425 -26.88 0.00507
      117  4.425 -26.78 0.00364
      118  4.425 -26.68 0.00000
      119  4.425 -26.58 0.00000
      120  4.425 -26.48 0.00000
      121  4.425 -26.38 0.00000
      122  4.425 -26.28 0.00000
      123  4.425 -26.18 0.00000
      124  4.425 -26.08 0.00000
      125  4.425 -25.98 0.00000
      126  4.425 -25.88 0.00000
      127  4.425 -25.78 0.00000
      128  4.425 -25.68 0.00000
      129  4.425 -25.58 0.00000
      130  4.425 -25.48 0.00000
      131  4.425 -25.38 0.00000
      132  4.425 -25.28 0.00000
      133  4.425 -25.18 0.00000
      134  4.425 -25.08 0.00000
      135  4.425 -24.98 0.00000
      136  4.475 -29.38 0.07822
      137  4.475 -29.28 0.06126
      138  4.475 -29.18 0.06062
      139  4.475 -29.08 0.09803
      140  4.475 -28.98 0.04686
      141  4.475 -28.88 0.03710
      142  4.475 -28.78 0.09489
      143  4.475 -28.68 0.04343
      144  4.475 -28.58 0.03939
      145  4.475 -28.48 0.05969
      146  4.475 -28.38 0.04619
      147  4.475 -28.28 0.05705
      148  4.475 -28.18 0.04105
      149  4.475 -28.08 0.04020
      150  4.475 -27.98 0.01969
      151  4.475 -27.88 0.04499
      152  4.475 -27.78 0.02551
      153  4.475 -27.68 0.00482
      154  4.475 -27.58 0.02267
      155  4.475 -27.48 0.03996
      156  4.475 -27.38 0.00994
      157  4.475 -27.28 0.02007
      158  4.475 -27.18 0.03703
      159  4.475 -27.08 0.02089
      160  4.475 -26.98 0.03410
      161  4.475 -26.88 0.02216
      162  4.475 -26.78 0.00737
      163  4.475 -26.68 0.02728
      164  4.475 -26.58 0.00616
      165  4.475 -26.48 0.01450
      166  4.475 -26.38 0.00576
      167  4.475 -26.28 0.00000
      168  4.475 -26.18 0.00000
      169  4.475 -26.08 0.00000
      170  4.475 -25.98 0.00000
      171  4.475 -25.88 0.00000
      172  4.475 -25.78 0.00000
      173  4.475 -25.68 0.00000
      174  4.475 -25.58 0.00000
      175  4.475 -25.48 0.00000
      176  4.475 -25.38 0.00000
      177  4.475 -25.28 0.00000
      178  4.475 -25.18 0.00000
      179  4.475 -25.08 0.00000
      180  4.475 -24.98 0.00000
      181  4.525 -29.38 0.40921
      182  4.525 -29.28 0.28939
      183  4.525 -29.18 0.33594
      184  4.525 -29.08 0.31994
      185  4.525 -28.98 0.28053
      186  4.525 -28.88 0.33196
      187  4.525 -28.78 0.27381
      188  4.525 -28.68 0.31140
      189  4.525 -28.58 0.29148
      190  4.525 -28.48 0.30083
      191  4.525 -28.38 0.28527
      192  4.525 -28.28 0.25960
      193  4.525 -28.18 0.32329
      194  4.525 -28.08 0.26990
      195  4.525 -27.98 0.22758
      196  4.525 -27.88 0.28001
      197  4.525 -27.78 0.21261
      198  4.525 -27.68 0.22811
      199  4.525 -27.58 0.20274
      200  4.525 -27.48 0.26089
      201  4.525 -27.38 0.26066
      202  4.525 -27.28 0.22179
      203  4.525 -27.18 0.19263
      204  4.525 -27.08 0.23312
      205  4.525 -26.98 0.18722
      206  4.525 -26.88 0.18814
      207  4.525 -26.78 0.13829
      208  4.525 -26.68 0.15731
      209  4.525 -26.58 0.08057
      210  4.525 -26.48 0.06434
      211  4.525 -26.38 0.03577
      212  4.525 -26.28 0.02191
      213  4.525 -26.18 0.00000
      214  4.525 -26.08 0.00000
      215  4.525 -25.98 0.00000
      216  4.525 -25.88 0.00000
      217  4.525 -25.78 0.00000
      218  4.525 -25.68 0.00000
      219  4.525 -25.58 0.00000
      220  4.525 -25.48 0.00000
      221  4.525 -25.38 0.00000
      222  4.525 -25.28 0.00000
      223  4.525 -25.18 0.00000
      224  4.525 -25.08 0.00000
      225  4.525 -24.98 0.00000
      226  4.575 -29.38 0.44768
      227  4.575 -29.28 0.49520
      228  4.575 -29.18 0.51270
      229  4.575 -29.08 0.53192
      230  4.575 -28.98 0.45970
      231  4.575 -28.88 0.53550
      232  4.575 -28.78 0.55500
      233  4.575 -28.68 0.52538
      234  4.575 -28.58 0.44087
      235  4.575 -28.48 0.48254
      236  4.575 -28.38 0.47984
      237  4.575 -28.28 0.46573
      238  4.575 -28.18 0.57877
      239  4.575 -28.08 0.51283
      240  4.575 -27.98 0.47476
      241  4.575 -27.88 0.48879
      242  4.575 -27.78 0.47943
      243  4.575 -27.68 0.48985
      244  4.575 -27.58 0.47929
      245  4.575 -27.48 0.45206
      246  4.575 -27.38 0.48931
      247  4.575 -27.28 0.48276
      248  4.575 -27.18 0.50287
      249  4.575 -27.08 0.44897
      250  4.575 -26.98 0.45262
      251  4.575 -26.88 0.44852
      252  4.575 -26.78 0.32415
      253  4.575 -26.68 0.42935
      254  4.575 -26.58 0.25743
      255  4.575 -26.48 0.25770
      256  4.575 -26.38 0.14488
      257  4.575 -26.28 0.03435
      258  4.575 -26.18 0.00907
      259  4.575 -26.08 0.00000
      260  4.575 -25.98 0.00000
      261  4.575 -25.88 0.00000
      262  4.575 -25.78 0.00000
      263  4.575 -25.68 0.00000
      264  4.575 -25.58 0.00000
      265  4.575 -25.48 0.00000
      266  4.575 -25.38 0.00000
      267  4.575 -25.28 0.00000
      268  4.575 -25.18 0.00000
      269  4.575 -25.08 0.00000
      270  4.575 -24.98 0.00000
      271  4.625 -29.38 0.54319
      272  4.625 -29.28 0.53834
      273  4.625 -29.18 0.53551
      274  4.625 -29.08 0.61072
      275  4.625 -28.98 0.53942
      276  4.625 -28.88 0.60169
      277  4.625 -28.78 0.58297
      278  4.625 -28.68 0.48496
      279  4.625 -28.58 0.49517
      280  4.625 -28.48 0.56016
      281  4.625 -28.38 0.54313
      282  4.625 -28.28 0.55638
      283  4.625 -28.18 0.49500
      284  4.625 -28.08 0.53927
      285  4.625 -27.98 0.54300
      286  4.625 -27.88 0.57382
      287  4.625 -27.78 0.61299
      288  4.625 -27.68 0.49712
      289  4.625 -27.58 0.54926
      290  4.625 -27.48 0.55855
      291  4.625 -27.38 0.54185
      292  4.625 -27.28 0.50029
      293  4.625 -27.18 0.48115
      294  4.625 -27.08 0.52044
      295  4.625 -26.98 0.50260
      296  4.625 -26.88 0.34119
      297  4.625 -26.78 0.41714
      298  4.625 -26.68 0.28646
      299  4.625 -26.58 0.31472
      300  4.625 -26.48 0.25252
      301  4.625 -26.38 0.16313
      302  4.625 -26.28 0.03321
      303  4.625 -26.18 0.00000
      304  4.625 -26.08 0.00000
      305  4.625 -25.98 0.00000
      306  4.625 -25.88 0.00000
      307  4.625 -25.78 0.00000
      308  4.625 -25.68 0.00000
      309  4.625 -25.58 0.00000
      310  4.625 -25.48 0.00000
      311  4.625 -25.38 0.00000
      312  4.625 -25.28 0.00000
      313  4.625 -25.18 0.00000
      314  4.625 -25.08 0.00000
      315  4.625 -24.98 0.00000
      316  4.675 -29.38 0.63126
      317  4.675 -29.28 0.60905
      318  4.675 -29.18 0.59417
      319  4.675 -29.08 0.63621
      320  4.675 -28.98 0.67114
      321  4.675 -28.88 0.62762
      322  4.675 -28.78 0.68158
      323  4.675 -28.68 0.61941
      324  4.675 -28.58 0.65017
      325  4.675 -28.48 0.61675
      326  4.675 -28.38 0.64057
      327  4.675 -28.28 0.62090
      328  4.675 -28.18 0.66193
      329  4.675 -28.08 0.58936
      330  4.675 -27.98 0.64307
      331  4.675 -27.88 0.56518
      332  4.675 -27.78 0.62818
      333  4.675 -27.68 0.61333
      334  4.675 -27.58 0.61201
      335  4.675 -27.48 0.59634
      336  4.675 -27.38 0.61734
      337  4.675 -27.28 0.57449
      338  4.675 -27.18 0.56702
      339  4.675 -27.08 0.57876
      340  4.675 -26.98 0.53863
      341  4.675 -26.88 0.34254
      342  4.675 -26.78 0.48767
      343  4.675 -26.68 0.36939
      344  4.675 -26.58 0.32727
      345  4.675 -26.48 0.27377
      346  4.675 -26.38 0.11005
      347  4.675 -26.28 0.01458
      348  4.675 -26.18 0.00296
      349  4.675 -26.08 0.00000
      350  4.675 -25.98 0.00000
      351  4.675 -25.88 0.00000
      352  4.675 -25.78 0.00000
      353  4.675 -25.68 0.00000
      354  4.675 -25.58 0.00000
      355  4.675 -25.48 0.00000
      356  4.675 -25.38 0.00000
      357  4.675 -25.28 0.00000
      358  4.675 -25.18 0.00000
      359  4.675 -25.08 0.00000
      360  4.675 -24.98 0.00000
      361  4.725 -29.38 0.75095
      362  4.725 -29.28 0.72400
      363  4.725 -29.18 0.72879
      364  4.725 -29.08 0.72881
      365  4.725 -28.98 0.77011
      366  4.725 -28.88 0.73349
      367  4.725 -28.78 0.76844
      368  4.725 -28.68 0.78702
      369  4.725 -28.58 0.74821
      370  4.725 -28.48 0.70857
      371  4.725 -28.38 0.74222
      372  4.725 -28.28 0.73206
      373  4.725 -28.18 0.73643
      374  4.725 -28.08 0.72326
      375  4.725 -27.98 0.71102
      376  4.725 -27.88 0.67549
      377  4.725 -27.78 0.69310
      378  4.725 -27.68 0.68342
      379  4.725 -27.58 0.67883
      380  4.725 -27.48 0.68537
      381  4.725 -27.38 0.67854
      382  4.725 -27.28 0.68163
      383  4.725 -27.18 0.66825
      384  4.725 -27.08 0.66983
      385  4.725 -26.98 0.55549
      386  4.725 -26.88 0.42702
      387  4.725 -26.78 0.50494
      388  4.725 -26.68 0.41115
      389  4.725 -26.58 0.35379
      390  4.725 -26.48 0.31296
      391  4.725 -26.38 0.07361
      392  4.725 -26.28 0.00298
      393  4.725 -26.18 0.00000
      394  4.725 -26.08 0.00000
      395  4.725 -25.98 0.00000
      396  4.725 -25.88 0.00000
      397  4.725 -25.78 0.00000
      398  4.725 -25.68 0.00000
      399  4.725 -25.58 0.00000
      400  4.725 -25.48 0.00000
      401  4.725 -25.38 0.00000
      402  4.725 -25.28 0.00000
      403  4.725 -25.18 0.00000
      404  4.725 -25.08 0.00000
      405  4.725 -24.98 0.00000
      406  4.775 -29.38 0.82038
      407  4.775 -29.28 0.82074
      408  4.775 -29.18 0.83929
      409  4.775 -29.08 0.84871
      410  4.775 -28.98 0.84097
      411  4.775 -28.88 0.86890
      412  4.775 -28.78 0.81348
      413  4.775 -28.68 0.80122
      414  4.775 -28.58 0.83740
      415  4.775 -28.48 0.82560
      416  4.775 -28.38 0.84437
      417  4.775 -28.28 0.85049
      418  4.775 -28.18 0.84980
      419  4.775 -28.08 0.89774
      420  4.775 -27.98 0.88553
      421  4.775 -27.88 0.78699
      422  4.775 -27.78 0.80308
      423  4.775 -27.68 0.83909
      424  4.775 -27.58 0.76977
      425  4.775 -27.48 0.73868
      426  4.775 -27.38 0.77507
      427  4.775 -27.28 0.78063
      428  4.775 -27.18 0.75045
      429  4.775 -27.08 0.74300
      430  4.775 -26.98 0.50729
      431  4.775 -26.88 0.62532
      432  4.775 -26.78 0.45105
      433  4.775 -26.68 0.41643
      434  4.775 -26.58 0.43929
      435  4.775 -26.48 0.21048
      436  4.775 -26.38 0.06880
      437  4.775 -26.28 0.00282
      438  4.775 -26.18 0.00000
      439  4.775 -26.08 0.00000
      440  4.775 -25.98 0.00000
      441  4.775 -25.88 0.00000
      442  4.775 -25.78 0.00000
      443  4.775 -25.68 0.00000
      444  4.775 -25.58 0.00000
      445  4.775 -25.48 0.00000
      446  4.775 -25.38 0.00000
      447  4.775 -25.28 0.00000
      448  4.775 -25.18 0.00000
      449  4.775 -25.08 0.00000
      450  4.775 -24.98 0.00000
      451  4.825 -29.38 0.89198
      452  4.825 -29.28 0.85617
      453  4.825 -29.18 0.92717
      454  4.825 -29.08 0.91496
      455  4.825 -28.98 0.86440
      456  4.825 -28.88 0.91685
      457  4.825 -28.78 0.82911
      458  4.825 -28.68 0.88491
      459  4.825 -28.58 0.86211
      460  4.825 -28.48 0.90893
      461  4.825 -28.38 0.90609
      462  4.825 -28.28 0.83115
      463  4.825 -28.18 0.82714
      464  4.825 -28.08 0.88148
      465  4.825 -27.98 0.88001
      466  4.825 -27.88 0.88045
      467  4.825 -27.78 0.86366
      468  4.825 -27.68 0.85897
      469  4.825 -27.58 0.87818
      470  4.825 -27.48 0.82831
      471  4.825 -27.38 0.83662
      472  4.825 -27.28 0.84899
      473  4.825 -27.18 0.81299
      474  4.825 -27.08 0.65430
      475  4.825 -26.98 0.52265
      476  4.825 -26.88 0.61681
      477  4.825 -26.78 0.48524
      478  4.825 -26.68 0.45554
      479  4.825 -26.58 0.40159
      480  4.825 -26.48 0.16133
      481  4.825 -26.38 0.01930
      482  4.825 -26.28 0.00250
      483  4.825 -26.18 0.00000
      484  4.825 -26.08 0.00000
      485  4.825 -25.98 0.00000
      486  4.825 -25.88 0.00000
      487  4.825 -25.78 0.00000
      488  4.825 -25.68 0.00000
      489  4.825 -25.58 0.00000
      490  4.825 -25.48 0.00000
      491  4.825 -25.38 0.00000
      492  4.825 -25.28 0.00000
      493  4.825 -25.18 0.00000
      494  4.825 -25.08 0.00000
      495  4.825 -24.98 0.00000
      496  4.875 -29.38 0.88453
      497  4.875 -29.28 0.94072
      498  4.875 -29.18 0.90216
      499  4.875 -29.08 0.93650
      500  4.875 -28.98 0.89896
      501  4.875 -28.88 0.91778
      502  4.875 -28.78 0.89293
      503  4.875 -28.68 0.94164
      504  4.875 -28.58 0.87724
      505  4.875 -28.48 0.91025
      506  4.875 -28.38 0.89556
      507  4.875 -28.28 0.85652
      508  4.875 -28.18 0.87876
      509  4.875 -28.08 0.85013
      510  4.875 -27.98 0.89413
      511  4.875 -27.88 0.87148
      512  4.875 -27.78 0.87729
      513  4.875 -27.68 0.91759
      514  4.875 -27.58 0.85790
      515  4.875 -27.48 0.86438
      516  4.875 -27.38 0.89467
      517  4.875 -27.28 0.87349
      518  4.875 -27.18 0.83967
      519  4.875 -27.08 0.65006
      520  4.875 -26.98 0.53706
      521  4.875 -26.88 0.65819
      522  4.875 -26.78 0.52662
      523  4.875 -26.68 0.42528
      524  4.875 -26.58 0.34494
      525  4.875 -26.48 0.12709
      526  4.875 -26.38 0.01681
      527  4.875 -26.28 0.00000
      528  4.875 -26.18 0.00000
      529  4.875 -26.08 0.00000
      530  4.875 -25.98 0.00000
      531  4.875 -25.88 0.00000
      532  4.875 -25.78 0.00000
      533  4.875 -25.68 0.00000
      534  4.875 -25.58 0.00000
      535  4.875 -25.48 0.00000
      536  4.875 -25.38 0.00000
      537  4.875 -25.28 0.00000
      538  4.875 -25.18 0.00000
      539  4.875 -25.08 0.00000
      540  4.875 -24.98 0.00000
      541  4.925 -29.38 0.93347
      542  4.925 -29.28 0.90340
      543  4.925 -29.18 0.90393
      544  4.925 -29.08 0.89235
      545  4.925 -28.98 0.92144
      546  4.925 -28.88 0.91023
      547  4.925 -28.78 0.90127
      548  4.925 -28.68 0.91883
      549  4.925 -28.58 0.90385
      550  4.925 -28.48 0.91121
      551  4.925 -28.38 0.88499
      552  4.925 -28.28 0.88328
      553  4.925 -28.18 0.86999
      554  4.925 -28.08 0.91403
      555  4.925 -27.98 0.93093
      556  4.925 -27.88 0.90545
      557  4.925 -27.78 0.88641
      558  4.925 -27.68 0.86829
      559  4.925 -27.58 0.88244
      560  4.925 -27.48 0.87180
      561  4.925 -27.38 0.87218
      562  4.925 -27.28 0.84043
      563  4.925 -27.18 0.75518
      564  4.925 -27.08 0.59283
      565  4.925 -26.98 0.67990
      566  4.925 -26.88 0.55027
      567  4.925 -26.78 0.49458
      568  4.925 -26.68 0.44486
      569  4.925 -26.58 0.27993
      570  4.925 -26.48 0.05622
      571  4.925 -26.38 0.00261
      572  4.925 -26.28 0.00000
      573  4.925 -26.18 0.00000
      574  4.925 -26.08 0.00000
      575  4.925 -25.98 0.00000
      576  4.925 -25.88 0.00000
      577  4.925 -25.78 0.00000
      578  4.925 -25.68 0.00000
      579  4.925 -25.58 0.00000
      580  4.925 -25.48 0.00000
      581  4.925 -25.38 0.00000
      582  4.925 -25.28 0.00000
      583  4.925 -25.18 0.00000
      584  4.925 -25.08 0.00000
      585  4.925 -24.98 0.00000
      586  4.975 -29.38 0.89198
      587  4.975 -29.28 0.89106
      588  4.975 -29.18 0.90462
      589  4.975 -29.08 0.91632
      590  4.975 -28.98 0.91315
      591  4.975 -28.88 0.90559
      592  4.975 -28.78 0.90233
      593  4.975 -28.68 0.90696
      594  4.975 -28.58 0.92300
      595  4.975 -28.48 0.93143
      596  4.975 -28.38 0.88498
      597  4.975 -28.28 0.91404
      598  4.975 -28.18 0.87564
      599  4.975 -28.08 0.91245
      600  4.975 -27.98 0.90186
      601  4.975 -27.88 0.88681
      602  4.975 -27.78 0.88420
      603  4.975 -27.68 0.84865
      604  4.975 -27.58 0.87640
      605  4.975 -27.48 0.89382
      606  4.975 -27.38 0.89033
      607  4.975 -27.28 0.88373
      608  4.975 -27.18 0.71096
      609  4.975 -27.08 0.55281
      610  4.975 -26.98 0.68886
      611  4.975 -26.88 0.52533
      612  4.975 -26.78 0.48860
      613  4.975 -26.68 0.41331
      614  4.975 -26.58 0.21864
      615  4.975 -26.48 0.02801
      616  4.975 -26.38 0.00000
      617  4.975 -26.28 0.00000
      618  4.975 -26.18 0.00000
      619  4.975 -26.08 0.00000
      620  4.975 -25.98 0.00000
      621  4.975 -25.88 0.00000
      622  4.975 -25.78 0.00000
      623  4.975 -25.68 0.00000
      624  4.975 -25.58 0.00000
      625  4.975 -25.48 0.00000
      626  4.975 -25.38 0.00000
      627  4.975 -25.28 0.00000
      628  4.975 -25.18 0.00000
      629  4.975 -25.08 0.00000
      630  4.975 -24.98 0.00000
      631  5.025 -29.38 0.87246
      632  5.025 -29.28 0.90034
      633  5.025 -29.18 0.86943
      634  5.025 -29.08 0.86706
      635  5.025 -28.98 0.89573
      636  5.025 -28.88 0.85836
      637  5.025 -28.78 0.88130
      638  5.025 -28.68 0.86667
      639  5.025 -28.58 0.82920
      640  5.025 -28.48 0.90613
      641  5.025 -28.38 0.81764
      642  5.025 -28.28 0.83969
      643  5.025 -28.18 0.88147
      644  5.025 -28.08 0.86282
      645  5.025 -27.98 0.89976
      646  5.025 -27.88 0.84734
      647  5.025 -27.78 0.86373
      648  5.025 -27.68 0.84319
      649  5.025 -27.58 0.89371
      650  5.025 -27.48 0.86822
      651  5.025 -27.38 0.84382
      652  5.025 -27.28 0.71772
      653  5.025 -27.18 0.72289
      654  5.025 -27.08 0.53729
      655  5.025 -26.98 0.64292
      656  5.025 -26.88 0.51142
      657  5.025 -26.78 0.45147
      658  5.025 -26.68 0.38951
      659  5.025 -26.58 0.07684
      660  5.025 -26.48 0.01202
      661  5.025 -26.38 0.00000
      662  5.025 -26.28 0.00000
      663  5.025 -26.18 0.00000
      664  5.025 -26.08 0.00000
      665  5.025 -25.98 0.00000
      666  5.025 -25.88 0.00000
      667  5.025 -25.78 0.00000
      668  5.025 -25.68 0.00000
      669  5.025 -25.58 0.00000
      670  5.025 -25.48 0.00000
      671  5.025 -25.38 0.00000
      672  5.025 -25.28 0.00000
      673  5.025 -25.18 0.00000
      674  5.025 -25.08 0.00000
      675  5.025 -24.98 0.00000
      676  5.075 -29.38 0.72138
      677  5.075 -29.28 0.76997
      678  5.075 -29.18 0.75385
      679  5.075 -29.08 0.77595
      680  5.075 -28.98 0.72359
      681  5.075 -28.88 0.79619
      682  5.075 -28.78 0.80393
      683  5.075 -28.68 0.78623
      684  5.075 -28.58 0.78259
      685  5.075 -28.48 0.78485
      686  5.075 -28.38 0.75256
      687  5.075 -28.28 0.72348
      688  5.075 -28.18 0.76110
      689  5.075 -28.08 0.77836
      690  5.075 -27.98 0.82938
      691  5.075 -27.88 0.75587
      692  5.075 -27.78 0.82160
      693  5.075 -27.68 0.78626
      694  5.075 -27.58 0.77179
      695  5.075 -27.48 0.80878
      696  5.075 -27.38 0.80205
      697  5.075 -27.28 0.67982
      698  5.075 -27.18 0.50237
      699  5.075 -27.08 0.64352
      700  5.075 -26.98 0.48422
      701  5.075 -26.88 0.46560
      702  5.075 -26.78 0.38478
      703  5.075 -26.68 0.24502
      704  5.075 -26.58 0.03564
      705  5.075 -26.48 0.00266
      706  5.075 -26.38 0.00000
      707  5.075 -26.28 0.00000
      708  5.075 -26.18 0.00000
      709  5.075 -26.08 0.00000
      710  5.075 -25.98 0.00000
      711  5.075 -25.88 0.00000
      712  5.075 -25.78 0.00000
      713  5.075 -25.68 0.00000
      714  5.075 -25.58 0.00000
      715  5.075 -25.48 0.00000
      716  5.075 -25.38 0.00000
      717  5.075 -25.28 0.00000
      718  5.075 -25.18 0.00000
      719  5.075 -25.08 0.00000
      720  5.075 -24.98 0.00000
      721  5.125 -29.38 0.59376
      722  5.125 -29.28 0.54866
      723  5.125 -29.18 0.62076
      724  5.125 -29.08 0.55425
      725  5.125 -28.98 0.56805
      726  5.125 -28.88 0.58502
      727  5.125 -28.78 0.60290
      728  5.125 -28.68 0.53881
      729  5.125 -28.58 0.61328
      730  5.125 -28.48 0.59181
      731  5.125 -28.38 0.58485
      732  5.125 -28.28 0.62605
      733  5.125 -28.18 0.62076
      734  5.125 -28.08 0.62524
      735  5.125 -27.98 0.64441
      736  5.125 -27.88 0.63202
      737  5.125 -27.78 0.70024
      738  5.125 -27.68 0.68243
      739  5.125 -27.58 0.68377
      740  5.125 -27.48 0.68816
      741  5.125 -27.38 0.55801
      742  5.125 -27.28 0.57595
      743  5.125 -27.18 0.44920
      744  5.125 -27.08 0.53913
      745  5.125 -26.98 0.41809
      746  5.125 -26.88 0.39703
      747  5.125 -26.78 0.39774
      748  5.125 -26.68 0.15933
      749  5.125 -26.58 0.02426
      750  5.125 -26.48 0.00304
      751  5.125 -26.38 0.00000
      752  5.125 -26.28 0.00000
      753  5.125 -26.18 0.00000
      754  5.125 -26.08 0.00000
      755  5.125 -25.98 0.00000
      756  5.125 -25.88 0.00000
      757  5.125 -25.78 0.00000
      758  5.125 -25.68 0.00000
      759  5.125 -25.58 0.00000
      760  5.125 -25.48 0.00000
      761  5.125 -25.38 0.00000
      762  5.125 -25.28 0.00000
      763  5.125 -25.18 0.00000
      764  5.125 -25.08 0.00000
      765  5.125 -24.98 0.00000
      766  5.175 -29.38 0.33042
      767  5.175 -29.28 0.28191
      768  5.175 -29.18 0.29392
      769  5.175 -29.08 0.36437
      770  5.175 -28.98 0.38609
      771  5.175 -28.88 0.42775
      772  5.175 -28.78 0.39587
      773  5.175 -28.68 0.41496
      774  5.175 -28.58 0.41563
      775  5.175 -28.48 0.39300
      776  5.175 -28.38 0.42487
      777  5.175 -28.28 0.44210
      778  5.175 -28.18 0.45218
      779  5.175 -28.08 0.51599
      780  5.175 -27.98 0.46728
      781  5.175 -27.88 0.42293
      782  5.175 -27.78 0.48907
      783  5.175 -27.68 0.51693
      784  5.175 -27.58 0.46402
      785  5.175 -27.48 0.49112
      786  5.175 -27.38 0.45940
      787  5.175 -27.28 0.43574
      788  5.175 -27.18 0.35642
      789  5.175 -27.08 0.40142
      790  5.175 -26.98 0.30837
      791  5.175 -26.88 0.32744
      792  5.175 -26.78 0.27088
      793  5.175 -26.68 0.08279
      794  5.175 -26.58 0.00000
      795  5.175 -26.48 0.00000
      796  5.175 -26.38 0.00000
      797  5.175 -26.28 0.00000
      798  5.175 -26.18 0.00000
      799  5.175 -26.08 0.00000
      800  5.175 -25.98 0.00000
      801  5.175 -25.88 0.00000
      802  5.175 -25.78 0.00000
      803  5.175 -25.68 0.00000
      804  5.175 -25.58 0.00000
      805  5.175 -25.48 0.00000
      806  5.175 -25.38 0.00000
      807  5.175 -25.28 0.00000
      808  5.175 -25.18 0.00000
      809  5.175 -25.08 0.00000
      810  5.175 -24.98 0.00000
      811  5.225 -29.38 0.19924
      812  5.225 -29.28 0.20717
      813  5.225 -29.18 0.23048
      814  5.225 -29.08 0.22383
      815  5.225 -28.98 0.23204
      816  5.225 -28.88 0.23297
      817  5.225 -28.78 0.15908
      818  5.225 -28.68 0.22225
      819  5.225 -28.58 0.19200
      820  5.225 -28.48 0.27153
      821  5.225 -28.38 0.23602
      822  5.225 -28.28 0.29611
      823  5.225 -28.18 0.23858
      824  5.225 -28.08 0.30959
      825  5.225 -27.98 0.32156
      826  5.225 -27.88 0.27606
      827  5.225 -27.78 0.31963
      828  5.225 -27.68 0.28625
      829  5.225 -27.58 0.33889
      830  5.225 -27.48 0.34894
      831  5.225 -27.38 0.28402
      832  5.225 -27.28 0.28902
      833  5.225 -27.18 0.26215
      834  5.225 -27.08 0.26013
      835  5.225 -26.98 0.22335
      836  5.225 -26.88 0.21406
      837  5.225 -26.78 0.14455
      838  5.225 -26.68 0.03088
      839  5.225 -26.58 0.00643
      840  5.225 -26.48 0.00000
      841  5.225 -26.38 0.00000
      842  5.225 -26.28 0.00000
      843  5.225 -26.18 0.00000
      844  5.225 -26.08 0.00000
      845  5.225 -25.98 0.00000
      846  5.225 -25.88 0.00000
      847  5.225 -25.78 0.00000
      848  5.225 -25.68 0.00000
      849  5.225 -25.58 0.00000
      850  5.225 -25.48 0.00000
      851  5.225 -25.38 0.00000
      852  5.225 -25.28 0.00000
      853  5.225 -25.18 0.00000
      854  5.225 -25.08 0.00000
      855  5.225 -24.98 0.00000
      856  5.275 -29.38 0.10674
      857  5.275 -29.28 0.12188
      858  5.275 -29.18 0.10156
      859  5.275 -29.08 0.17635
      860  5.275 -28.98 0.15241
      861  5.275 -28.88 0.17773
      862  5.275 -28.78 0.21278
      863  5.275 -28.68 0.12608
      864  5.275 -28.58 0.25829
      865  5.275 -28.48 0.20390
      866  5.275 -28.38 0.18910
      867  5.275 -28.28 0.17416
      868  5.275 -28.18 0.18624
      869  5.275 -28.08 0.26189
      870  5.275 -27.98 0.17760
      871  5.275 -27.88 0.24857
      872  5.275 -27.78 0.27050
      873  5.275 -27.68 0.28202
      874  5.275 -27.58 0.31449
      875  5.275 -27.48 0.27465
      876  5.275 -27.38 0.23523
      877  5.275 -27.28 0.19937
      878  5.275 -27.18 0.20910
      879  5.275 -27.08 0.21093
      880  5.275 -26.98 0.21897
      881  5.275 -26.88 0.19163
      882  5.275 -26.78 0.09146
      883  5.275 -26.68 0.01545
      884  5.275 -26.58 0.00000
      885  5.275 -26.48 0.00000
      886  5.275 -26.38 0.00000
      887  5.275 -26.28 0.00000
      888  5.275 -26.18 0.00000
      889  5.275 -26.08 0.00000
      890  5.275 -25.98 0.00000
      891  5.275 -25.88 0.00000
      892  5.275 -25.78 0.00000
      893  5.275 -25.68 0.00000
      894  5.275 -25.58 0.00000
      895  5.275 -25.48 0.00000
      896  5.275 -25.38 0.00000
      897  5.275 -25.28 0.00000
      898  5.275 -25.18 0.00000
      899  5.275 -25.08 0.00000
      900  5.275 -24.98 0.00000
      901  5.325 -29.38 0.05389
      902  5.325 -29.28 0.09500
      903  5.325 -29.18 0.08394
      904  5.325 -29.08 0.09141
      905  5.325 -28.98 0.10943
      906  5.325 -28.88 0.10669
      907  5.325 -28.78 0.10831
      908  5.325 -28.68 0.08353
      909  5.325 -28.58 0.07656
      910  5.325 -28.48 0.11409
      911  5.325 -28.38 0.13200
      912  5.325 -28.28 0.13156
      913  5.325 -28.18 0.13090
      914  5.325 -28.08 0.15487
      915  5.325 -27.98 0.11258
      916  5.325 -27.88 0.23731
      917  5.325 -27.78 0.18472
      918  5.325 -27.68 0.19774
      919  5.325 -27.58 0.21350
      920  5.325 -27.48 0.18446
      921  5.325 -27.38 0.20882
      922  5.325 -27.28 0.15174
      923  5.325 -27.18 0.23412
      924  5.325 -27.08 0.18952
      925  5.325 -26.98 0.19850
      926  5.325 -26.88 0.14652
      927  5.325 -26.78 0.05324
      928  5.325 -26.68 0.01195
      929  5.325 -26.58 0.00000
      930  5.325 -26.48 0.00000
      931  5.325 -26.38 0.00000
      932  5.325 -26.28 0.00000
      933  5.325 -26.18 0.00000
      934  5.325 -26.08 0.00000
      935  5.325 -25.98 0.00000
      936  5.325 -25.88 0.00000
      937  5.325 -25.78 0.00000
      938  5.325 -25.68 0.00000
      939  5.325 -25.58 0.00000
      940  5.325 -25.48 0.00000
      941  5.325 -25.38 0.00000
      942  5.325 -25.28 0.00000
      943  5.325 -25.18 0.00000
      944  5.325 -25.08 0.00000
      945  5.325 -24.98 0.00000
      946  5.375 -29.38 0.01386
      947  5.375 -29.28 0.00490
      948  5.375 -29.18 0.00480
      949  5.375 -29.08 0.02984
      950  5.375 -28.98 0.01462
      951  5.375 -28.88 0.00510
      952  5.375 -28.78 0.01839
      953  5.375 -28.68 0.02593
      954  5.375 -28.58 0.03748
      955  5.375 -28.48 0.00519
      956  5.375 -28.38 0.02880
      957  5.375 -28.28 0.03394
      958  5.375 -28.18 0.05817
      959  5.375 -28.08 0.05732
      960  5.375 -27.98 0.03820
      961  5.375 -27.88 0.05357
      962  5.375 -27.78 0.05382
      963  5.375 -27.68 0.06666
      964  5.375 -27.58 0.05744
      965  5.375 -27.48 0.07892
      966  5.375 -27.38 0.08699
      967  5.375 -27.28 0.06992
      968  5.375 -27.18 0.08676
      969  5.375 -27.08 0.03538
      970  5.375 -26.98 0.09843
      971  5.375 -26.88 0.05665
      972  5.375 -26.78 0.02204
      973  5.375 -26.68 0.00000
      974  5.375 -26.58 0.00000
      975  5.375 -26.48 0.00000
      976  5.375 -26.38 0.00000
      977  5.375 -26.28 0.00000
      978  5.375 -26.18 0.00000
      979  5.375 -26.08 0.00000
      980  5.375 -25.98 0.00000
      981  5.375 -25.88 0.00000
      982  5.375 -25.78 0.00000
      983  5.375 -25.68 0.00000
      984  5.375 -25.58 0.00000
      985  5.375 -25.48 0.00000
      986  5.375 -25.38 0.00000
      987  5.375 -25.28 0.00000
      988  5.375 -25.18 0.00000
      989  5.375 -25.08 0.00000
      990  5.375 -24.98 0.00000
      991  5.425 -29.38 0.00000
      992  5.425 -29.28 0.00000
      993  5.425 -29.18 0.00000
      994  5.425 -29.08 0.00000
      995  5.425 -28.98 0.00000
      996  5.425 -28.88 0.00000
      997  5.425 -28.78 0.00497
      998  5.425 -28.68 0.00000
      999  5.425 -28.58 0.00000
     1000  5.425 -28.48 0.00480
     1001  5.425 -28.38 0.00505
     1002  5.425 -28.28 0.00500
     1003  5.425 -28.18 0.00468
     1004  5.425 -28.08 0.00000
     1005  5.425 -27.98 0.01812
     1006  5.425 -27.88 0.00000
     1007  5.425 -27.78 0.00499
     1008  5.425 -27.68 0.00471
     1009  5.425 -27.58 0.00813
     1010  5.425 -27.48 0.00429
     1011  5.425 -27.38 0.01235
     1012  5.425 -27.28 0.02197
     1013  5.425 -27.18 0.01660
     1014  5.425 -27.08 0.01574
     1015  5.425 -26.98 0.00313
     1016  5.425 -26.88 0.01018
     1017  5.425 -26.78 0.00000
     1018  5.425 -26.68 0.00000
     1019  5.425 -26.58 0.00000
     1020  5.425 -26.48 0.00000
     1021  5.425 -26.38 0.00000
     1022  5.425 -26.28 0.00000
     1023  5.425 -26.18 0.00000
     1024  5.425 -26.08 0.00000
     1025  5.425 -25.98 0.00000
     1026  5.425 -25.88 0.00000
     1027  5.425 -25.78 0.00000
     1028  5.425 -25.68 0.00000
     1029  5.425 -25.58 0.00000
     1030  5.425 -25.48 0.00000
     1031  5.425 -25.38 0.00000
     1032  5.425 -25.28 0.00000
     1033  5.425 -25.18 0.00000
     1034  5.425 -25.08 0.00000
     1035  5.425 -24.98 0.00000
     1036  5.475 -29.38 0.00000
     1037  5.475 -29.28 0.00000
     1038  5.475 -29.18 0.00000
     1039  5.475 -29.08 0.00000
     1040  5.475 -28.98 0.00000
     1041  5.475 -28.88 0.00000
     1042  5.475 -28.78 0.00000
     1043  5.475 -28.68 0.00000
     1044  5.475 -28.58 0.00000
     1045  5.475 -28.48 0.00000
     1046  5.475 -28.38 0.00000
     1047  5.475 -28.28 0.00000
     1048  5.475 -28.18 0.00000
     1049  5.475 -28.08 0.00000
     1050  5.475 -27.98 0.00000
     1051  5.475 -27.88 0.00000
     1052  5.475 -27.78 0.00000
     1053  5.475 -27.68 0.00000
     1054  5.475 -27.58 0.00000
     1055  5.475 -27.48 0.00393
     1056  5.475 -27.38 0.00320
     1057  5.475 -27.28 0.00000
     1058  5.475 -27.18 0.00775
     1059  5.475 -27.08 0.00315
     1060  5.475 -26.98 0.00000
     1061  5.475 -26.88 0.00000
     1062  5.475 -26.78 0.00000
     1063  5.475 -26.68 0.00000
     1064  5.475 -26.58 0.00000
     1065  5.475 -26.48 0.00000
     1066  5.475 -26.38 0.00000
     1067  5.475 -26.28 0.00000
     1068  5.475 -26.18 0.00000
     1069  5.475 -26.08 0.00000
     1070  5.475 -25.98 0.00000
     1071  5.475 -25.88 0.00000
     1072  5.475 -25.78 0.00000
     1073  5.475 -25.68 0.00000
     1074  5.475 -25.58 0.00000
     1075  5.475 -25.48 0.00000
     1076  5.475 -25.38 0.00000
     1077  5.475 -25.28 0.00000
     1078  5.475 -25.18 0.00000
     1079  5.475 -25.08 0.00000
     1080  5.475 -24.98 0.00000
     1081  5.525 -29.38 0.00000
     1082  5.525 -29.28 0.00000
     1083  5.525 -29.18 0.00000
     1084  5.525 -29.08 0.00000
     1085  5.525 -28.98 0.00000
     1086  5.525 -28.88 0.00000
     1087  5.525 -28.78 0.00000
     1088  5.525 -28.68 0.00000
     1089  5.525 -28.58 0.00000
     1090  5.525 -28.48 0.00000
     1091  5.525 -28.38 0.00000
     1092  5.525 -28.28 0.00000
     1093  5.525 -28.18 0.00000
     1094  5.525 -28.08 0.00000
     1095  5.525 -27.98 0.00000
     1096  5.525 -27.88 0.00000
     1097  5.525 -27.78 0.00000
     1098  5.525 -27.68 0.00000
     1099  5.525 -27.58 0.00000
     1100  5.525 -27.48 0.00000
     1101  5.525 -27.38 0.00000
     1102  5.525 -27.28 0.00000
     1103  5.525 -27.18 0.00000
     1104  5.525 -27.08 0.00000
     1105  5.525 -26.98 0.00000
     1106  5.525 -26.88 0.00000
     1107  5.525 -26.78 0.00000
     1108  5.525 -26.68 0.00000
     1109  5.525 -26.58 0.00000
     1110  5.525 -26.48 0.00000
     1111  5.525 -26.38 0.00000
     1112  5.525 -26.28 0.00000
     1113  5.525 -26.18 0.00000
     1114  5.525 -26.08 0.00000
     1115  5.525 -25.98 0.00000
     1116  5.525 -25.88 0.00000
     1117  5.525 -25.78 0.00000
     1118  5.525 -25.68 0.00000
     1119  5.525 -25.58 0.00000
     1120  5.525 -25.48 0.00000
     1121  5.525 -25.38 0.00000
     1122  5.525 -25.28 0.00000
     1123  5.525 -25.18 0.00000
     1124  5.525 -25.08 0.00000
     1125  5.525 -24.98 0.00000
     1126  5.575 -29.38 0.00000
     1127  5.575 -29.28 0.00000
     1128  5.575 -29.18 0.00000
     1129  5.575 -29.08 0.00000
     1130  5.575 -28.98 0.00000
     1131  5.575 -28.88 0.00000
     1132  5.575 -28.78 0.00000
     1133  5.575 -28.68 0.00000
     1134  5.575 -28.58 0.00000
     1135  5.575 -28.48 0.00000
     1136  5.575 -28.38 0.00000
     1137  5.575 -28.28 0.00000
     1138  5.575 -28.18 0.00000
     1139  5.575 -28.08 0.00000
     1140  5.575 -27.98 0.00000
     1141  5.575 -27.88 0.00000
     1142  5.575 -27.78 0.00000
     1143  5.575 -27.68 0.00000
     1144  5.575 -27.58 0.00000
     1145  5.575 -27.48 0.00000
     1146  5.575 -27.38 0.00000
     1147  5.575 -27.28 0.00000
     1148  5.575 -27.18 0.00000
     1149  5.575 -27.08 0.00000
     1150  5.575 -26.98 0.00000
     1151  5.575 -26.88 0.00000
     1152  5.575 -26.78 0.00000
     1153  5.575 -26.68 0.00000
     1154  5.575 -26.58 0.00000
     1155  5.575 -26.48 0.00000
     1156  5.575 -26.38 0.00000
     1157  5.575 -26.28 0.00000
     1158  5.575 -26.18 0.00000
     1159  5.575 -26.08 0.00000
     1160  5.575 -25.98 0.00000
     1161  5.575 -25.88 0.00000
     1162  5.575 -25.78 0.00000
     1163  5.575 -25.68 0.00000
     1164  5.575 -25.58 0.00000
     1165  5.575 -25.48 0.00000
     1166  5.575 -25.38 0.00000
     1167  5.575 -25.28 0.00000
     1168  5.575 -25.18 0.00000
     1169  5.575 -25.08 0.00000
     1170  5.575 -24.98 0.00000
